NAME N10_rc_0.7_rGamma_1_dc_0.035_dGamma_0.0005_r_10_100_10.txt
NUM_ITEMS 10
SOURCE r_10_100_10.txt
PARAMETERS
r_c 0.7
r_Gamma 1
d_c 0.035
d_Gamma 0.0005

BOUNDS
c_lb 2.66
c_ub 5.29
Gamma_lb 2
Gamma_ub 2
B_i_1_lb 0.00 0.00 0.00 0.00 0.00 0.00 0.00 0.00 0.00 0.00
B_i_1_ub 0.99 1.24 1.17 0.95 1.17 0.88 0.85 0.92 0.95 0.81
B_i_0_lb 0.00 0.00 0.00 0.00 0.00 0.00 0.00 0.00 0.00 0.00
B_i_0_ub 1.13 1.38 1.35 1.23 1.24 1.06 1.38 0.99 1.37 0.92
c_i_1_lb 3.43 3.64 3.78 3.43 3.36 2.66 3.78 2.87 3.92 3.15
c_i_1_ub 4.42 4.88 4.95 4.38 4.53 3.54 4.63 3.79 4.87 3.96
c_i_0_lb 3.43 3.64 3.78 3.43 3.36 2.66 3.78 2.87 3.92 3.15
c_i_0_ub 4.56 5.02 5.13 4.66 4.60 3.72 5.16 3.86 5.29 4.07
c_1_lb 2.66
c_1_ub 4.95
c_0_lb 2.66
c_0_ub 5.29

BOUND_TIMES
k_max_time 0.001085
Gamma_ub_time 0.000074
B_i_1_lb_time 0.000932
B_i_1_ub_time 0.002493
B_i_0_lb_time 0.000419
B_i_0_ub_time 0.002357

DDRO_PARAMETERS
a_0 2
b_0i 0 0 0 0 0 0 0 0 0 0
a_i 3.43 3.64 3.78 3.43 3.36 2.66 3.78 2.87 3.92 3.15
b_ij
0 0.00 0.11 0.28 0.25 0.14 0.11 0.21 0.35 0.18 0.11
1 0.11 0.00 0.25 0.32 0.32 0.35 0.14 0.07 0.14 0.14
2 0.28 0.25 0.00 0.07 0.25 0.25 0.35 0.32 0.07 0.07
3 0.25 0.32 0.07 0.00 0.04 0.04 0.18 0.21 0.35 0.28
4 0.14 0.32 0.25 0.04 0.00 0.04 0.25 0.07 0.35 0.25
5 0.11 0.35 0.25 0.04 0.04 0.00 0.11 0.04 0.28 0.14
6 0.21 0.14 0.35 0.18 0.25 0.11 0.00 0.18 0.25 0.25
7 0.35 0.07 0.32 0.21 0.07 0.04 0.18 0.00 0.11 0.11
8 0.18 0.14 0.07 0.35 0.35 0.28 0.25 0.11 0.00 0.25
9 0.11 0.14 0.07 0.28 0.25 0.14 0.25 0.11 0.25 0.00

ITEMS
nominal_profits 6.00 4.00 5.00 9.00 2.00 1.00 3.00 7.00 8.00 1.00
weights 6 3 3 7 3 5 10 3 8 3
capacity 21
k_max 6

COMMENTS
original_pairwise_profits
0 0.00 3.00 8.00 7.00 4.00 3.00 6.00 10.00 5.00 3.00
1 3.00 0.00 7.00 9.00 9.00 10.00 4.00 2.00 4.00 4.00
2 8.00 7.00 0.00 2.00 7.00 7.00 10.00 9.00 2.00 2.00
3 7.00 9.00 2.00 0.00 1.00 1.00 5.00 6.00 10.00 8.00
4 4.00 9.00 7.00 1.00 0.00 1.00 7.00 2.00 10.00 7.00
5 3.00 10.00 7.00 1.00 1.00 0.00 3.00 1.00 8.00 4.00
6 6.00 4.00 10.00 5.00 7.00 3.00 0.00 5.00 7.00 7.00
7 10.00 2.00 9.00 6.00 2.00 1.00 5.00 0.00 3.00 3.00
8 5.00 4.00 2.00 10.00 10.00 8.00 7.00 3.00 0.00 7.00
9 3.00 4.00 2.00 8.00 7.00 4.00 7.00 3.00 7.00 0.00
mcp_obj 6
mcp_gap 0
mcp_x 0 1 1 0 1 1 0 1 0 1
