NAME N10_rc_0.7_rGamma_1_dc_0.035_dGamma_0.0005_r_10_100_8.txt
NUM_ITEMS 10
SOURCE r_10_100_8.txt
PARAMETERS
r_c 0.7
r_Gamma 1
d_c 0.035
d_Gamma 0.0005

BOUNDS
c_lb 2.59
c_ub 6.07
Gamma_lb 2
Gamma_ub 2
B_i_1_lb 0.00 0.00 0.00 0.00 0.00 0.00 0.00 0.00 0.00 0.00
B_i_1_ub 1.24 0.85 1.55 1.02 1.34 1.03 1.07 1.10 1.04 0.92
B_i_0_lb 0.00 0.00 0.00 0.00 0.00 0.00 0.00 0.00 0.00 0.00
B_i_0_ub 1.49 0.89 1.55 1.23 1.59 1.31 1.42 1.45 1.11 1.13
c_i_1_lb 4.27 2.59 4.27 3.43 4.48 3.43 3.85 3.92 3.08 2.94
c_i_1_ub 5.51 3.44 5.82 4.45 5.82 4.46 4.92 5.02 4.12 3.86
c_i_0_lb 4.27 2.59 4.27 3.43 4.48 3.43 3.85 3.92 3.08 2.94
c_i_0_ub 5.76 3.48 5.82 4.66 6.07 4.74 5.27 5.37 4.19 4.07
c_1_lb 2.59
c_1_ub 5.82
c_0_lb 2.59
c_0_ub 6.07

BOUND_TIMES
k_max_time 0.001053
Gamma_ub_time 0.000081
B_i_1_lb_time 0.000526
B_i_1_ub_time 0.001762
B_i_0_lb_time 0.000332
B_i_0_ub_time 0.001385

DDRO_PARAMETERS
a_0 2
b_0i 0 0 0 0 0 0 0 0 0 0
a_i 4.27 2.59 4.27 3.43 4.48 3.43 3.85 3.92 3.08 2.94
b_ij
0 0.00 0.11 0.35 0.11 0.25 0.25 0.32 0.32 0.18 0.28
1 0.11 0.00 0.28 0.28 0.07 0.14 0.11 0.14 0.11 0.07
2 0.35 0.28 0.00 0.21 0.35 0.25 0.21 0.11 0.32 0.07
3 0.11 0.28 0.21 0.00 0.14 0.28 0.28 0.18 0.07 0.18
4 0.25 0.07 0.35 0.14 0.00 0.28 0.25 0.35 0.25 0.32
5 0.25 0.14 0.25 0.28 0.28 0.00 0.18 0.14 0.11 0.11
6 0.32 0.11 0.21 0.28 0.25 0.18 0.00 0.35 0.18 0.07
7 0.32 0.14 0.11 0.18 0.35 0.14 0.35 0.00 0.18 0.21
8 0.18 0.11 0.32 0.07 0.25 0.11 0.18 0.18 0.00 0.18
9 0.28 0.07 0.07 0.18 0.32 0.11 0.07 0.21 0.18 0.00

ITEMS
nominal_profits 3.00 5.00 3.00 5.00 2.00 8.00 1.00 8.00 1.00 6.00
weights 5 1 1 7 4 8 6 8 1 4
capacity 20
k_max 6

COMMENTS
original_pairwise_profits
0 0.00 3.00 10.00 3.00 7.00 7.00 9.00 9.00 5.00 8.00
1 3.00 0.00 8.00 8.00 2.00 4.00 3.00 4.00 3.00 2.00
2 10.00 8.00 0.00 6.00 10.00 7.00 6.00 3.00 9.00 2.00
3 3.00 8.00 6.00 0.00 4.00 8.00 8.00 5.00 2.00 5.00
4 7.00 2.00 10.00 4.00 0.00 8.00 7.00 10.00 7.00 9.00
5 7.00 4.00 7.00 8.00 8.00 0.00 5.00 4.00 3.00 3.00
6 9.00 3.00 6.00 8.00 7.00 5.00 0.00 10.00 5.00 2.00
7 9.00 4.00 3.00 5.00 10.00 4.00 10.00 0.00 5.00 6.00
8 5.00 3.00 9.00 2.00 7.00 3.00 5.00 5.00 0.00 5.00
9 8.00 2.00 2.00 5.00 9.00 3.00 2.00 6.00 5.00 0.00
mcp_obj 6
mcp_gap 0
mcp_x 1 1 1 0 1 0 0 0 1 1
