NAME N10_rc_0.7_rGamma_1_dc_0.035_dGamma_0.0005_r_10_100_2.txt
NUM_ITEMS 10
SOURCE r_10_100_2.txt
PARAMETERS
r_c 0.7
r_Gamma 1
d_c 0.035
d_Gamma 0.0005

BOUNDS
c_lb 2.87
c_ub 6.07
Gamma_lb 2
Gamma_ub 2
B_i_1_lb 0.00 0.00 0.00 0.00 0.00 0.00 0.00 0.00 0.00 0.00
B_i_1_ub 1.77 1.22 1.66 1.41 1.21 1.48 1.21 1.56 1.48 1.27
B_i_0_lb 0.00 0.00 0.00 0.00 0.00 0.00 0.00 0.00 0.00 0.00
B_i_0_ub 1.91 1.40 1.73 1.55 1.31 1.48 1.39 1.56 1.62 1.35
c_i_1_lb 4.13 3.15 4.34 3.29 2.87 3.57 3.08 3.64 3.71 3.08
c_i_1_ub 5.90 4.37 6.00 4.70 4.08 5.05 4.29 5.20 5.19 4.35
c_i_0_lb 4.13 3.15 4.34 3.29 2.87 3.57 3.08 3.64 3.71 3.08
c_i_0_ub 6.04 4.55 6.07 4.84 4.18 5.05 4.47 5.20 5.33 4.43
c_1_lb 2.87
c_1_ub 6.00
c_0_lb 2.87
c_0_ub 6.07

BOUND_TIMES
k_max_time 0.001105
Gamma_ub_time 0.000068
B_i_1_lb_time 0.000498
B_i_1_ub_time 0.002491
B_i_0_lb_time 0.000490
B_i_0_ub_time 0.002688

DDRO_PARAMETERS
a_0 2
b_0i 0 0 0 0 0 0 0 0 0 0
a_i 4.13 3.15 4.34 3.29 2.87 3.57 3.08 3.64 3.71 3.08
b_ij
0 0.00 0.32 0.32 0.28 0.07 0.32 0.11 0.21 0.14 0.32
1 0.32 0.00 0.25 0.04 0.18 0.11 0.18 0.11 0.25 0.18
2 0.32 0.25 0.00 0.28 0.18 0.21 0.28 0.25 0.07 0.35
3 0.28 0.04 0.28 0.00 0.21 0.04 0.07 0.32 0.28 0.14
4 0.07 0.18 0.18 0.21 0.00 0.35 0.11 0.25 0.04 0.07
5 0.32 0.11 0.21 0.04 0.35 0.00 0.18 0.18 0.28 0.14
6 0.11 0.18 0.28 0.07 0.11 0.18 0.00 0.14 0.32 0.18
7 0.21 0.11 0.25 0.32 0.25 0.18 0.14 0.00 0.35 0.04
8 0.14 0.25 0.07 0.28 0.04 0.28 0.32 0.35 0.00 0.14
9 0.32 0.18 0.35 0.14 0.07 0.14 0.18 0.04 0.14 0.00

ITEMS
nominal_profits 1.00 9.00 5.00 9.00 6.00 10.00 6.00 10.00 1.00 7.00
weights 3 4 4 6 8 2 10 2 2 7
capacity 28
k_max 7

COMMENTS
original_pairwise_profits
0 0.00 9.00 9.00 8.00 2.00 9.00 3.00 6.00 4.00 9.00
1 9.00 0.00 7.00 1.00 5.00 3.00 5.00 3.00 7.00 5.00
2 9.00 7.00 0.00 8.00 5.00 6.00 8.00 7.00 2.00 10.00
3 8.00 1.00 8.00 0.00 6.00 1.00 2.00 9.00 8.00 4.00
4 2.00 5.00 5.00 6.00 0.00 10.00 3.00 7.00 1.00 2.00
5 9.00 3.00 6.00 1.00 10.00 0.00 5.00 5.00 8.00 4.00
6 3.00 5.00 8.00 2.00 3.00 5.00 0.00 4.00 9.00 5.00
7 6.00 3.00 7.00 9.00 7.00 5.00 4.00 0.00 10.00 1.00
8 4.00 7.00 2.00 8.00 1.00 8.00 9.00 10.00 0.00 4.00
9 9.00 5.00 10.00 4.00 2.00 4.00 5.00 1.00 4.00 0.00
mcp_obj 7
mcp_gap 0
mcp_x 1 1 1 1 0 1 0 1 1 0
