NAME N10_rc_0.7_rGamma_1_dc_0.035_dGamma_0.0005_r_10_100_6.txt
NUM_ITEMS 10
SOURCE r_10_100_6.txt
PARAMETERS
r_c 0.7
r_Gamma 1
d_c 0.035
d_Gamma 0.0005

BOUNDS
c_lb 2.73
c_ub 6.77
Gamma_lb 2
Gamma_ub 2
B_i_1_lb 0.00 0.00 0.00 0.00 0.00 0.00 0.00 0.00 0.00 0.00
B_i_1_ub 1.66 1.66 1.34 1.13 1.37 1.20 1.18 1.56 1.09 1.30
B_i_0_lb 0.00 0.00 0.00 0.00 0.00 0.00 0.00 0.00 0.00 0.00
B_i_0_ub 2.01 1.66 1.58 1.30 1.72 1.24 1.21 1.63 1.16 1.44
c_i_1_lb 4.76 4.48 3.36 3.29 3.85 3.50 2.80 3.57 2.73 3.92
c_i_1_ub 6.42 6.14 4.70 4.42 5.22 4.70 3.98 5.13 3.82 5.22
c_i_0_lb 4.76 4.48 3.36 3.29 3.85 3.50 2.80 3.57 2.73 3.92
c_i_0_ub 6.77 6.14 4.94 4.59 5.57 4.74 4.01 5.20 3.89 5.36
c_1_lb 2.73
c_1_ub 6.42
c_0_lb 2.73
c_0_ub 6.77

BOUND_TIMES
k_max_time 0.001079
Gamma_ub_time 0.000064
B_i_1_lb_time 0.000462
B_i_1_ub_time 0.001784
B_i_0_lb_time 0.000534
B_i_0_ub_time 0.001636

DDRO_PARAMETERS
a_0 2
b_0i 0 0 0 0 0 0 0 0 0 0
a_i 4.76 4.48 3.36 3.29 3.85 3.50 2.80 3.57 2.73 3.92
b_ij
0 0.00 0.32 0.28 0.11 0.35 0.35 0.32 0.32 0.07 0.28
1 0.32 0.00 0.35 0.14 0.14 0.32 0.25 0.32 0.07 0.35
2 0.28 0.35 0.00 0.32 0.04 0.28 0.04 0.04 0.14 0.21
3 0.11 0.14 0.32 0.00 0.35 0.21 0.07 0.18 0.07 0.21
4 0.35 0.14 0.04 0.35 0.00 0.28 0.14 0.04 0.32 0.28
5 0.35 0.32 0.28 0.21 0.28 0.00 0.04 0.18 0.07 0.04
6 0.32 0.25 0.04 0.07 0.14 0.04 0.00 0.11 0.28 0.18
7 0.32 0.32 0.04 0.18 0.04 0.18 0.11 0.00 0.28 0.35
8 0.07 0.07 0.14 0.07 0.32 0.07 0.28 0.28 0.00 0.07
9 0.28 0.35 0.21 0.21 0.28 0.04 0.18 0.35 0.07 0.00

ITEMS
nominal_profits 7.00 10.00 9.00 5.00 8.00 6.00 5.00 8.00 8.00 3.00
weights 10 1 7 8 10 3 4 3 1 5
capacity 28
k_max 7

COMMENTS
original_pairwise_profits
0 0.00 9.00 8.00 3.00 10.00 10.00 9.00 9.00 2.00 8.00
1 9.00 0.00 10.00 4.00 4.00 9.00 7.00 9.00 2.00 10.00
2 8.00 10.00 0.00 9.00 1.00 8.00 1.00 1.00 4.00 6.00
3 3.00 4.00 9.00 0.00 10.00 6.00 2.00 5.00 2.00 6.00
4 10.00 4.00 1.00 10.00 0.00 8.00 4.00 1.00 9.00 8.00
5 10.00 9.00 8.00 6.00 8.00 0.00 1.00 5.00 2.00 1.00
6 9.00 7.00 1.00 2.00 4.00 1.00 0.00 3.00 8.00 5.00
7 9.00 9.00 1.00 5.00 1.00 5.00 3.00 0.00 8.00 10.00
8 2.00 2.00 4.00 2.00 9.00 2.00 8.00 8.00 0.00 2.00
9 8.00 10.00 6.00 6.00 8.00 1.00 5.00 10.00 2.00 0.00
mcp_obj 7
mcp_gap 0
mcp_x 0 1 1 0 0 1 1 1 1 1
