NAME N10_rc_0.7_rGamma_1_dc_0.035_dGamma_0.0005_r_10_100_3.txt
NUM_ITEMS 10
SOURCE r_10_100_3.txt
PARAMETERS
r_c 0.7
r_Gamma 1
d_c 0.035
d_Gamma 0.0005

BOUNDS
c_lb 2.59
c_ub 5.96
Gamma_lb 2
Gamma_ub 2
B_i_1_lb 0.00 0.00 0.00 0.00 0.00 0.00 0.00 0.00 0.00 0.00
B_i_1_ub 1.23 1.69 1.55 1.24 1.62 1.31 1.20 1.13 1.45 1.62
B_i_0_lb 0.00 0.00 0.00 0.00 0.00 0.00 0.00 0.00 0.00 0.00
B_i_0_ub 1.27 1.69 1.66 1.38 1.62 1.35 1.24 1.20 1.56 1.73
c_i_1_lb 3.01 4.27 3.85 2.87 4.06 3.43 2.87 2.59 3.71 3.64
c_i_1_ub 4.24 5.96 5.40 4.11 5.68 4.74 4.07 3.72 5.16 5.26
c_i_0_lb 3.01 4.27 3.85 2.87 4.06 3.43 2.87 2.59 3.71 3.64
c_i_0_ub 4.28 5.96 5.51 4.25 5.68 4.78 4.11 3.79 5.27 5.37
c_1_lb 2.59
c_1_ub 5.96
c_0_lb 2.59
c_0_ub 5.96

BOUND_TIMES
k_max_time 0.001099
Gamma_ub_time 0.000068
B_i_1_lb_time 0.000567
B_i_1_ub_time 0.002151
B_i_0_lb_time 0.000422
B_i_0_ub_time 0.001932

DDRO_PARAMETERS
a_0 2
b_0i 0 0 0 0 0 0 0 0 0 0
a_i 3.01 4.27 3.85 2.87 4.06 3.43 2.87 2.59 3.71 3.64
b_ij
0 0.00 0.18 0.14 0.14 0.28 0.28 0.14 0.21 0.04 0.11
1 0.18 0.00 0.32 0.11 0.28 0.28 0.28 0.18 0.18 0.35
2 0.14 0.32 0.00 0.28 0.35 0.25 0.21 0.14 0.11 0.14
3 0.14 0.11 0.28 0.00 0.28 0.25 0.14 0.04 0.18 0.04
4 0.28 0.28 0.35 0.28 0.00 0.11 0.04 0.14 0.32 0.25
5 0.28 0.28 0.25 0.25 0.11 0.00 0.04 0.14 0.11 0.28
6 0.14 0.28 0.21 0.14 0.04 0.04 0.00 0.07 0.28 0.25
7 0.21 0.18 0.14 0.04 0.14 0.14 0.07 0.00 0.32 0.07
8 0.04 0.18 0.11 0.18 0.32 0.11 0.28 0.32 0.00 0.35
9 0.11 0.35 0.14 0.04 0.25 0.28 0.25 0.07 0.35 0.00

ITEMS
nominal_profits 8.00 10.00 6.00 8.00 10.00 10.00 7.00 10.00 9.00 5.00
weights 3 2 5 10 2 4 4 9 4 9
capacity 30
k_max 7

COMMENTS
original_pairwise_profits
0 0.00 5.00 4.00 4.00 8.00 8.00 4.00 6.00 1.00 3.00
1 5.00 0.00 9.00 3.00 8.00 8.00 8.00 5.00 5.00 10.00
2 4.00 9.00 0.00 8.00 10.00 7.00 6.00 4.00 3.00 4.00
3 4.00 3.00 8.00 0.00 8.00 7.00 4.00 1.00 5.00 1.00
4 8.00 8.00 10.00 8.00 0.00 3.00 1.00 4.00 9.00 7.00
5 8.00 8.00 7.00 7.00 3.00 0.00 1.00 4.00 3.00 8.00
6 4.00 8.00 6.00 4.00 1.00 1.00 0.00 2.00 8.00 7.00
7 6.00 5.00 4.00 1.00 4.00 4.00 2.00 0.00 9.00 2.00
8 1.00 5.00 3.00 5.00 9.00 3.00 8.00 9.00 0.00 10.00
9 3.00 10.00 4.00 1.00 7.00 8.00 7.00 2.00 10.00 0.00
mcp_obj 7
mcp_gap 0
mcp_x 1 1 1 0 1 1 1 0 1 0
