NAME N10_rc_0.7_rGamma_1_dc_0.035_dGamma_0.0005_r_10_100_9.txt
NUM_ITEMS 10
SOURCE r_10_100_9.txt
PARAMETERS
r_c 0.7
r_Gamma 1
d_c 0.035
d_Gamma 0.0005

BOUNDS
c_lb 2.59
c_ub 5.94
Gamma_lb 2
Gamma_ub 2
B_i_1_lb 0.00 0.00 0.00 0.00 0.00 0.00 0.00 0.00 0.00 0.00
B_i_1_ub 1.49 1.20 1.17 1.28 1.45 1.14 1.30 1.07 1.31 1.19
B_i_0_lb 0.00 0.00 0.00 0.00 0.00 0.00 0.00 0.00 0.00 0.00
B_i_0_ub 1.74 1.38 1.45 1.49 1.70 1.17 1.30 1.07 1.49 1.34
c_i_1_lb 4.20 3.78 3.57 3.71 4.06 2.59 3.36 2.73 3.71 3.15
c_i_1_ub 5.69 4.98 4.74 4.99 5.51 3.73 4.66 3.80 5.02 4.34
c_i_0_lb 4.20 3.78 3.57 3.71 4.06 2.59 3.36 2.73 3.71 3.15
c_i_0_ub 5.94 5.16 5.02 5.20 5.76 3.76 4.66 3.80 5.20 4.49
c_1_lb 2.59
c_1_ub 5.69
c_0_lb 2.59
c_0_ub 5.94

BOUND_TIMES
k_max_time 0.001026
Gamma_ub_time 0.000066
B_i_1_lb_time 0.000379
B_i_1_ub_time 0.001525
B_i_0_lb_time 0.000372
B_i_0_ub_time 0.001444

DDRO_PARAMETERS
a_0 2
b_0i 0 0 0 0 0 0 0 0 0 0
a_i 4.20 3.78 3.57 3.71 4.06 2.59 3.36 2.73 3.71 3.15
b_ij
0 0.00 0.32 0.25 0.32 0.32 0.07 0.28 0.04 0.25 0.28
1 0.32 0.00 0.21 0.14 0.18 0.18 0.07 0.28 0.18 0.35
2 0.25 0.21 0.00 0.18 0.32 0.21 0.07 0.18 0.28 0.11
3 0.32 0.14 0.18 0.00 0.25 0.25 0.21 0.11 0.32 0.11
4 0.32 0.18 0.32 0.25 0.00 0.28 0.35 0.04 0.18 0.14
5 0.07 0.18 0.21 0.25 0.28 0.00 0.04 0.18 0.07 0.04
6 0.28 0.07 0.07 0.21 0.35 0.04 0.00 0.18 0.21 0.28
7 0.04 0.28 0.18 0.11 0.04 0.18 0.18 0.00 0.25 0.14
8 0.25 0.18 0.28 0.32 0.18 0.07 0.21 0.25 0.00 0.14
9 0.28 0.35 0.11 0.11 0.14 0.04 0.28 0.14 0.14 0.00

ITEMS
nominal_profits 8.00 2.00 5.00 1.00 8.00 8.00 2.00 3.00 5.00 8.00
weights 7 4 8 5 5 6 1 2 8 10
capacity 31
k_max 7

COMMENTS
original_pairwise_profits
0 0.00 9.00 7.00 9.00 9.00 2.00 8.00 1.00 7.00 8.00
1 9.00 0.00 6.00 4.00 5.00 5.00 2.00 8.00 5.00 10.00
2 7.00 6.00 0.00 5.00 9.00 6.00 2.00 5.00 8.00 3.00
3 9.00 4.00 5.00 0.00 7.00 7.00 6.00 3.00 9.00 3.00
4 9.00 5.00 9.00 7.00 0.00 8.00 10.00 1.00 5.00 4.00
5 2.00 5.00 6.00 7.00 8.00 0.00 1.00 5.00 2.00 1.00
6 8.00 2.00 2.00 6.00 10.00 1.00 0.00 5.00 6.00 8.00
7 1.00 8.00 5.00 3.00 1.00 5.00 5.00 0.00 7.00 4.00
8 7.00 5.00 8.00 9.00 5.00 2.00 6.00 7.00 0.00 4.00
9 8.00 10.00 3.00 3.00 4.00 1.00 8.00 4.00 4.00 0.00
mcp_obj 7
mcp_gap 0
mcp_x 1 1 0 1 1 1 1 1 0 0
