NAME N10_rc_0.7_rGamma_1_dc_0.035_dGamma_0.0005_r_10_100_7.txt
NUM_ITEMS 10
SOURCE r_10_100_7.txt
PARAMETERS
r_c 0.7
r_Gamma 1
d_c 0.035
d_Gamma 0.0005

BOUNDS
c_lb 2.17
c_ub 5.37
Gamma_lb 2
Gamma_ub 2
B_i_1_lb 0.00 0.00 0.00 0.00 0.00 0.00 0.00 0.00 0.00 0.00
B_i_1_ub 0.85 0.96 1.03 1.17 1.02 0.84 0.96 0.68 1.20 0.65
B_i_0_lb 0.00 0.00 0.00 0.00 0.00 0.00 0.00 0.00 0.00 0.00
B_i_0_ub 0.89 1.28 1.03 1.38 1.13 1.13 1.06 0.89 1.20 0.76
c_i_1_lb 2.59 3.36 3.22 3.99 2.87 2.87 2.80 2.45 3.08 2.17
c_i_1_ub 3.44 4.32 4.25 5.16 3.89 3.71 3.76 3.13 4.28 2.82
c_i_0_lb 2.59 3.36 3.22 3.99 2.87 2.87 2.80 2.45 3.08 2.17
c_i_0_ub 3.48 4.64 4.25 5.37 4.00 4.00 3.86 3.34 4.28 2.93
c_1_lb 2.17
c_1_ub 5.16
c_0_lb 2.17
c_0_ub 5.37

BOUND_TIMES
k_max_time 0.001020
Gamma_ub_time 0.000063
B_i_1_lb_time 0.000553
B_i_1_ub_time 0.001748
B_i_0_lb_time 0.000450
B_i_0_ub_time 0.001917

DDRO_PARAMETERS
a_0 2
b_0i 0 0 0 0 0 0 0 0 0 0
a_i 2.59 3.36 3.22 3.99 2.87 2.87 2.80 2.45 3.08 2.17
b_ij
0 0.00 0.32 0.07 0.14 0.07 0.04 0.04 0.21 0.25 0.18
1 0.32 0.00 0.18 0.28 0.11 0.14 0.11 0.32 0.07 0.18
2 0.07 0.18 0.00 0.32 0.21 0.28 0.25 0.04 0.18 0.11
3 0.14 0.28 0.32 0.00 0.25 0.35 0.11 0.11 0.28 0.18
4 0.07 0.11 0.21 0.25 0.00 0.14 0.28 0.07 0.21 0.11
5 0.04 0.14 0.28 0.35 0.14 0.00 0.21 0.11 0.11 0.07
6 0.04 0.11 0.25 0.11 0.28 0.21 0.00 0.11 0.28 0.04
7 0.21 0.32 0.04 0.11 0.07 0.11 0.11 0.00 0.11 0.18
8 0.25 0.07 0.18 0.28 0.21 0.11 0.28 0.11 0.00 0.07
9 0.18 0.18 0.11 0.18 0.11 0.07 0.04 0.18 0.07 0.00

ITEMS
nominal_profits 3.00 2.00 6.00 5.00 9.00 8.00 4.00 9.00 5.00 4.00
weights 1 7 1 5 4 7 5 7 2 4
capacity 18
k_max 6

COMMENTS
original_pairwise_profits
0 0.00 9.00 2.00 4.00 2.00 1.00 1.00 6.00 7.00 5.00
1 9.00 0.00 5.00 8.00 3.00 4.00 3.00 9.00 2.00 5.00
2 2.00 5.00 0.00 9.00 6.00 8.00 7.00 1.00 5.00 3.00
3 4.00 8.00 9.00 0.00 7.00 10.00 3.00 3.00 8.00 5.00
4 2.00 3.00 6.00 7.00 0.00 4.00 8.00 2.00 6.00 3.00
5 1.00 4.00 8.00 10.00 4.00 0.00 6.00 3.00 3.00 2.00
6 1.00 3.00 7.00 3.00 8.00 6.00 0.00 3.00 8.00 1.00
7 6.00 9.00 1.00 3.00 2.00 3.00 3.00 0.00 3.00 5.00
8 7.00 2.00 5.00 8.00 6.00 3.00 8.00 3.00 0.00 2.00
9 5.00 5.00 3.00 5.00 3.00 2.00 1.00 5.00 2.00 0.00
mcp_obj 6
mcp_gap 0
mcp_x 1 0 1 0 1 0 1 0 1 1
