NAME N10_rc_0.7_rGamma_1_dc_0.035_dGamma_0.0005_r_10_100_4.txt
NUM_ITEMS 10
SOURCE r_10_100_4.txt
PARAMETERS
r_c 0.7
r_Gamma 1
d_c 0.035
d_Gamma 0.0005

BOUNDS
c_lb 3.15
c_ub 5.86
Gamma_lb 2
Gamma_ub 2
B_i_1_lb 0.00 0.00 0.00 0.00 0.00 0.00 0.00 0.00 0.00 0.00
B_i_1_ub 1.49 1.41 1.51 1.42 1.66 1.44 1.59 1.63 1.59 1.55
B_i_0_lb 0.00 0.00 0.00 0.00 0.00 0.00 0.00 0.00 0.00 0.00
B_i_0_ub 1.56 1.48 1.72 1.52 1.73 1.62 1.77 1.81 1.84 1.59
c_i_1_lb 3.22 3.15 3.85 3.92 4.13 3.57 3.64 3.99 3.78 3.99
c_i_1_ub 4.71 4.56 5.36 5.34 5.79 5.01 5.23 5.62 5.37 5.54
c_i_0_lb 3.22 3.15 3.85 3.92 4.13 3.57 3.64 3.99 3.78 3.99
c_i_0_ub 4.78 4.63 5.57 5.44 5.86 5.19 5.41 5.80 5.62 5.58
c_1_lb 3.15
c_1_ub 5.79
c_0_lb 3.15
c_0_ub 5.86

BOUND_TIMES
k_max_time 0.001064
Gamma_ub_time 0.000068
B_i_1_lb_time 0.000539
B_i_1_ub_time 0.001767
B_i_0_lb_time 0.000529
B_i_0_ub_time 0.001805

DDRO_PARAMETERS
a_0 2
b_0i 0 0 0 0 0 0 0 0 0 0
a_i 3.22 3.15 3.85 3.92 4.13 3.57 3.64 3.99 3.78 3.99
b_ij
0 0.00 0.07 0.28 0.21 0.18 0.25 0.04 0.32 0.04 0.25
1 0.07 0.00 0.14 0.21 0.07 0.28 0.32 0.11 0.04 0.35
2 0.28 0.14 0.00 0.21 0.18 0.21 0.04 0.18 0.35 0.35
3 0.21 0.21 0.21 0.00 0.25 0.14 0.21 0.32 0.25 0.18
4 0.18 0.07 0.18 0.25 0.00 0.18 0.35 0.35 0.32 0.21
5 0.25 0.28 0.21 0.14 0.18 0.00 0.35 0.04 0.14 0.21
6 0.04 0.32 0.04 0.21 0.35 0.35 0.00 0.18 0.25 0.11
7 0.32 0.11 0.18 0.32 0.35 0.04 0.18 0.00 0.35 0.18
8 0.04 0.04 0.35 0.25 0.32 0.14 0.25 0.35 0.00 0.18
9 0.25 0.35 0.35 0.18 0.21 0.21 0.11 0.18 0.18 0.00

ITEMS
nominal_profits 1.00 1.00 2.00 10.00 3.00 4.00 7.00 5.00 1.00 3.00
weights 8 3 6 1 4 5 7 5 8 1
capacity 31
k_max 7

COMMENTS
original_pairwise_profits
0 0.00 2.00 8.00 6.00 5.00 7.00 1.00 9.00 1.00 7.00
1 2.00 0.00 4.00 6.00 2.00 8.00 9.00 3.00 1.00 10.00
2 8.00 4.00 0.00 6.00 5.00 6.00 1.00 5.00 10.00 10.00
3 6.00 6.00 6.00 0.00 7.00 4.00 6.00 9.00 7.00 5.00
4 5.00 2.00 5.00 7.00 0.00 5.00 10.00 10.00 9.00 6.00
5 7.00 8.00 6.00 4.00 5.00 0.00 10.00 1.00 4.00 6.00
6 1.00 9.00 1.00 6.00 10.00 10.00 0.00 5.00 7.00 3.00
7 9.00 3.00 5.00 9.00 10.00 1.00 5.00 0.00 10.00 5.00
8 1.00 1.00 10.00 7.00 9.00 4.00 7.00 10.00 0.00 5.00
9 7.00 10.00 10.00 5.00 6.00 6.00 3.00 5.00 5.00 0.00
mcp_obj 7
mcp_gap 0
mcp_x 0 1 1 1 1 1 0 1 0 1
