NAME N10_rc_0.7_rGamma_1_dc_0.035_dGamma_0.0005_r_10_100_1.txt
NUM_ITEMS 10
SOURCE r_10_100_1.txt
PARAMETERS
r_c 0.7
r_Gamma 1
d_c 0.035
d_Gamma 0.0005

BOUNDS
c_lb 2.94
c_ub 6.66
Gamma_lb 2
Gamma_ub 2
B_i_1_lb 0.00 0.00 0.00 0.00 0.00 0.00 0.00 0.00 0.00 0.00
B_i_1_ub 1.76 1.34 1.59 1.83 1.84 1.63 1.73 1.62 1.83 1.32
B_i_0_lb 0.00 0.00 0.00 0.00 0.00 0.00 0.00 0.00 0.00 0.00
B_i_0_ub 1.97 1.41 1.74 1.83 1.84 1.63 2.01 1.76 1.97 1.57
c_i_1_lb 4.69 2.94 4.27 4.55 4.55 4.13 4.20 3.71 4.62 3.50
c_i_1_ub 6.45 4.28 5.86 6.38 6.39 5.76 5.93 5.33 6.45 4.82
c_i_0_lb 4.69 2.94 4.27 4.55 4.55 4.13 4.20 3.71 4.62 3.50
c_i_0_ub 6.66 4.35 6.01 6.38 6.39 5.76 6.21 5.47 6.59 5.07
c_1_lb 2.94
c_1_ub 6.45
c_0_lb 2.94
c_0_ub 6.66

BOUND_TIMES
k_max_time 0.017205
Gamma_ub_time 0.000072
B_i_1_lb_time 0.000524
B_i_1_ub_time 0.003655
B_i_0_lb_time 0.000505
B_i_0_ub_time 0.002669

DDRO_PARAMETERS
a_0 2
b_0i 0 0 0 0 0 0 0 0 0 0
a_i 4.69 2.94 4.27 4.55 4.55 4.13 4.20 3.71 4.62 3.50
b_ij
0 0.00 0.21 0.35 0.35 0.18 0.25 0.35 0.28 0.14 0.25
1 0.21 0.00 0.07 0.28 0.32 0.35 0.04 0.04 0.11 0.07
2 0.35 0.07 0.00 0.14 0.11 0.32 0.25 0.25 0.32 0.35
3 0.35 0.28 0.14 0.00 0.32 0.21 0.35 0.32 0.28 0.04
4 0.18 0.32 0.11 0.32 0.00 0.25 0.32 0.28 0.35 0.18
5 0.25 0.35 0.32 0.21 0.25 0.00 0.14 0.14 0.25 0.18
6 0.35 0.04 0.25 0.35 0.32 0.14 0.00 0.07 0.28 0.32
7 0.28 0.04 0.25 0.32 0.28 0.14 0.07 0.00 0.35 0.14
8 0.14 0.11 0.32 0.28 0.35 0.25 0.28 0.35 0.00 0.25
9 0.25 0.07 0.35 0.04 0.18 0.18 0.32 0.14 0.25 0.00

ITEMS
nominal_profits 10.00 9.00 4.00 2.00 2.00 1.00 3.00 9.00 6.00 6.00
weights 8 8 6 2 4 1 8 9 7 10
capacity 39
k_max 7

COMMENTS
original_pairwise_profits
0 0.00 6.00 10.00 10.00 5.00 7.00 10.00 8.00 4.00 7.00
1 6.00 0.00 2.00 8.00 9.00 10.00 1.00 1.00 3.00 2.00
2 10.00 2.00 0.00 4.00 3.00 9.00 7.00 7.00 9.00 10.00
3 10.00 8.00 4.00 0.00 9.00 6.00 10.00 9.00 8.00 1.00
4 5.00 9.00 3.00 9.00 0.00 7.00 9.00 8.00 10.00 5.00
5 7.00 10.00 9.00 6.00 7.00 0.00 4.00 4.00 7.00 5.00
6 10.00 1.00 7.00 10.00 9.00 4.00 0.00 2.00 8.00 9.00
7 8.00 1.00 7.00 9.00 8.00 4.00 2.00 0.00 10.00 4.00
8 4.00 3.00 9.00 8.00 10.00 7.00 8.00 10.00 0.00 7.00
9 7.00 2.00 10.00 1.00 5.00 5.00 9.00 4.00 7.00 0.00
mcp_obj 7
mcp_gap 0
mcp_x 1 1 1 1 1 1 0 0 1 0
