NAME N10_rc_0.7_rGamma_1_dc_0.035_dGamma_0.0005_r_10_100_5.txt
NUM_ITEMS 10
SOURCE r_10_100_5.txt
PARAMETERS
r_c 0.7
r_Gamma 1
d_c 0.035
d_Gamma 0.0005

BOUNDS
c_lb 1.75
c_ub 6.88
Gamma_lb 2
Gamma_ub 2
B_i_1_lb 0.00 0.00 0.00 0.00 0.00 0.00 0.00 0.00 0.00 0.00
B_i_1_ub 1.27 1.55 1.45 1.87 0.69 1.27 1.69 1.49 1.10 1.87
B_i_0_lb 0.00 0.00 0.00 0.00 0.00 0.00 0.00 0.00 0.00 0.00
B_i_0_ub 1.34 1.62 1.49 1.87 0.80 1.34 1.97 1.56 1.28 2.12
c_i_1_lb 2.80 3.43 3.64 4.83 1.75 3.01 4.27 3.22 2.73 4.76
c_i_1_ub 4.07 4.98 5.09 6.70 2.44 4.28 5.96 4.71 3.83 6.63
c_i_0_lb 2.80 3.43 3.64 4.83 1.75 3.01 4.27 3.22 2.73 4.76
c_i_0_ub 4.14 5.05 5.13 6.70 2.55 4.35 6.24 4.78 4.01 6.88
c_1_lb 1.75
c_1_ub 6.70
c_0_lb 1.75
c_0_ub 6.88

BOUND_TIMES
k_max_time 0.001152
Gamma_ub_time 0.000070
B_i_1_lb_time 0.000500
B_i_1_ub_time 0.002215
B_i_0_lb_time 0.000393
B_i_0_ub_time 0.002054

DDRO_PARAMETERS
a_0 2
b_0i 0 0 0 0 0 0 0 0 0 0
a_i 2.80 3.43 3.64 4.83 1.75 3.01 4.27 3.22 2.73 4.76
b_ij
0 0.00 0.35 0.18 0.28 0.04 0.07 0.07 0.14 0.04 0.25
1 0.35 0.00 0.32 0.14 0.07 0.07 0.35 0.07 0.04 0.32
2 0.18 0.32 0.00 0.32 0.11 0.14 0.21 0.11 0.18 0.28
3 0.28 0.14 0.32 0.00 0.18 0.28 0.32 0.32 0.25 0.35
4 0.04 0.07 0.11 0.18 0.00 0.11 0.11 0.04 0.18 0.07
5 0.07 0.07 0.14 0.28 0.11 0.00 0.07 0.35 0.11 0.32
6 0.07 0.35 0.21 0.32 0.11 0.07 0.00 0.32 0.35 0.35
7 0.14 0.07 0.11 0.32 0.04 0.35 0.32 0.00 0.04 0.25
8 0.04 0.04 0.18 0.25 0.18 0.11 0.35 0.04 0.00 0.21
9 0.25 0.32 0.28 0.35 0.07 0.32 0.35 0.25 0.21 0.00

ITEMS
nominal_profits 7.00 6.00 8.00 6.00 8.00 2.00 5.00 2.00 1.00 7.00
weights 5 5 3 1 9 4 8 5 8 7
capacity 34
k_max 7

COMMENTS
original_pairwise_profits
0 0.00 10.00 5.00 8.00 1.00 2.00 2.00 4.00 1.00 7.00
1 10.00 0.00 9.00 4.00 2.00 2.00 10.00 2.00 1.00 9.00
2 5.00 9.00 0.00 9.00 3.00 4.00 6.00 3.00 5.00 8.00
3 8.00 4.00 9.00 0.00 5.00 8.00 9.00 9.00 7.00 10.00
4 1.00 2.00 3.00 5.00 0.00 3.00 3.00 1.00 5.00 2.00
5 2.00 2.00 4.00 8.00 3.00 0.00 2.00 10.00 3.00 9.00
6 2.00 10.00 6.00 9.00 3.00 2.00 0.00 9.00 10.00 10.00
7 4.00 2.00 3.00 9.00 1.00 10.00 9.00 0.00 1.00 7.00
8 1.00 1.00 5.00 7.00 5.00 3.00 10.00 1.00 0.00 6.00
9 7.00 9.00 8.00 10.00 2.00 9.00 10.00 7.00 6.00 0.00
mcp_obj 7
mcp_gap 0
mcp_x 1 1 1 1 0 1 0 1 0 1
