NAME N50_rc_0.7_rGamma_1_dc_0.035_dGamma_0.0005_jeu_50_50_3.txt
NUM_ITEMS 50
SOURCE jeu_50_50_3
PARAMETERS
r_c 0.7
r_Gamma 1
d_c 0.035
d_Gamma 0.0005

BOUNDS
c_lb 0.00
c_ub 110.44
Gamma_lb 11
Gamma_ub 16
B_i_1_lb 0.00 0.00 0.00 0.00 0.00 0.00 0.00 0.00 0.00 0.00 0.00 0.00 0.00 0.00 0.00 0.00 0.00 0.00 0.00 0.00 0.00 0.00 0.00 0.00 0.00 0.00 0.00 0.00 0.00 0.00 0.00 0.00 0.00 0.00 0.00 0.00 0.00 0.00 0.00 0.00 0.00 0.00 0.00 0.00 0.00 0.00 0.00 0.00 0.00 0.00
B_i_1_ub 47.03 46.57 61.63 46.54 30.61 50.45 44.92 51.14 32.82 37.21 42.58 31.20 41.83 49.91 48.46 40.93 50.95 39.70 49.22 36.97 40.56 58.29 63.57 48.05 47.37 47.29 50.75 29.51 38.93 40.00 34.99 30.05 39.10 63.13 43.61 46.14 45.41 34.88 34.77 26.25 46.76 32.92 41.07 43.99 49.27 48.18 45.34 48.48 56.35 40.98
B_i_0_lb 0.00 0.00 0.00 0.00 0.00 0.00 0.00 0.00 0.00 0.00 0.00 0.00 0.00 0.00 0.00 0.00 0.00 0.00 0.00 0.00 0.00 0.00 0.00 0.00 0.00 0.00 0.00 0.00 0.00 0.00 0.00 0.00 0.00 0.00 0.00 0.00 0.00 0.00 0.00 0.00 0.00 0.00 0.00 0.00 0.00 0.00 0.00 0.00 0.00 0.00
B_i_0_ub 47.03 46.57 61.63 46.54 30.61 50.45 44.92 51.14 32.82 37.21 42.58 31.20 41.83 49.91 48.46 40.93 50.95 39.70 49.22 36.97 40.56 58.29 63.57 48.05 47.37 47.29 50.75 29.51 38.93 40.00 34.99 30.05 39.10 63.13 43.61 46.14 45.41 34.88 34.77 26.25 46.76 32.92 41.07 43.99 49.27 48.18 45.34 48.48 56.35 40.98
c_i_1_lb 0.00 1.40 0.00 0.00 0.00 34.30 0.00 40.60 19.60 63.70 0.00 0.00 0.00 26.60 0.00 0.00 3.50 35.00 0.00 0.00 0.00 51.80 0.00 0.00 0.00 0.00 40.60 0.00 23.10 0.00 31.50 25.20 2.80 0.00 0.00 0.00 0.00 32.90 4.20 0.00 14.70 35.70 24.50 0.00 0.00 0.00 65.10 10.50 0.00 0.00
c_i_1_ub 47.03 47.97 61.63 46.54 30.61 84.75 44.92 91.74 52.42 100.91 42.58 31.20 41.83 76.51 48.46 40.93 54.45 74.70 49.22 36.97 40.56 110.09 63.57 48.05 47.37 47.29 91.35 29.51 62.03 40.00 66.49 55.25 41.90 63.13 43.61 46.14 45.41 67.78 38.97 26.25 61.46 68.62 65.57 43.99 49.27 48.18 110.44 58.98 56.35 40.98
c_i_0_lb 0.00 1.40 0.00 0.00 0.00 34.30 0.00 40.60 19.60 63.70 0.00 0.00 0.00 26.60 0.00 0.00 3.50 35.00 0.00 0.00 0.00 51.80 0.00 0.00 0.00 0.00 40.60 0.00 23.10 0.00 31.50 25.20 2.80 0.00 0.00 0.00 0.00 32.90 4.20 0.00 14.70 35.70 24.50 0.00 0.00 0.00 65.10 10.50 0.00 0.00
c_i_0_ub 47.03 47.97 61.63 46.54 30.61 84.75 44.92 91.74 52.42 100.91 42.58 31.20 41.83 76.51 48.46 40.93 54.45 74.70 49.22 36.97 40.56 110.09 63.57 48.05 47.37 47.29 91.35 29.51 62.03 40.00 66.49 55.25 41.90 63.13 43.61 46.14 45.41 67.78 38.97 26.25 61.46 68.62 65.57 43.99 49.27 48.18 110.44 58.98 56.35 40.98
c_1_lb 0.00
c_1_ub 110.44
c_0_lb 0.00
c_0_ub 110.44

BOUND_TIMES
k_max_time 0.001160
Gamma_ub_time 0.000072
B_i_1_lb_time 0.001933
B_i_1_ub_time 0.001936
B_i_0_lb_time 0.001986
B_i_0_ub_time 0.002003

DDRO_PARAMETERS
a_0 11
b_0i 0 0 1 0 0 0 0 0 0 0 0 0 0 0 0 0 0 0 0 0 0 1 1 0 0 0 0 0 0 0 0 0 0 1 0 0 0 0 0 0 0 0 0 0 0 0 0 0 1 0
a_i 0.00 1.40 0.00 0.00 0.00 34.30 0.00 40.60 19.60 63.70 0.00 0.00 0.00 26.60 0.00 0.00 3.50 35.00 0.00 0.00 0.00 51.80 0.00 0.00 0.00 0.00 40.60 0.00 23.10 0.00 31.50 25.20 2.80 0.00 0.00 0.00 0.00 32.90 4.20 0.00 14.70 35.70 24.50 0.00 0.00 0.00 65.10 10.50 0.00 0.00
b_ij
0 0.00 0.00 0.00 0.00 0.00 0.00 0.00 0.95 0.32 3.22 3.33 0.00 1.44 0.00 1.44 2.31 0.00 0.00 0.00 2.07 1.26 2.66 3.40 2.00 0.00 0.00 3.43 0.00 0.11 0.00 0.00 0.00 0.00 3.08 0.00 0.00 0.00 1.33 1.68 2.87 3.43 0.46 0.00 0.00 0.00 0.77 0.00 2.07 3.40 0.00
1 0.00 0.00 3.22 0.00 0.00 2.38 0.00 0.00 1.93 0.00 0.00 0.00 0.53 2.63 0.00 0.98 1.75 0.00 2.77 2.84 0.00 0.00 1.23 0.91 0.00 0.00 2.00 0.14 0.00 0.84 0.00 0.00 3.08 1.65 0.00 0.00 1.47 2.63 0.00 0.00 0.00 3.29 2.70 0.91 0.00 1.75 2.59 0.49 0.00 1.86
2 0.00 3.22 0.00 1.82 1.02 2.07 2.28 2.00 0.70 2.14 1.23 1.47 0.00 0.00 0.00 1.30 3.19 2.10 2.59 0.00 1.65 0.70 2.87 2.56 2.03 2.38 0.74 0.00 3.12 0.00 0.14 0.00 3.15 2.17 0.42 0.00 3.43 0.00 1.12 0.00 0.00 3.36 0.56 0.00 0.00 0.00 0.00 2.17 1.93 0.00
3 0.00 0.00 1.82 0.00 1.37 2.63 0.00 3.40 1.61 2.42 0.00 0.00 3.33 2.45 0.00 1.47 0.00 0.00 0.21 1.09 1.16 0.00 3.36 0.00 0.88 1.58 0.28 0.00 2.52 0.42 0.00 0.00 0.00 3.36 0.00 0.00 2.31 0.00 0.00 0.00 0.11 0.00 0.00 2.31 3.05 0.00 1.16 0.00 0.00 2.24
4 0.00 0.00 1.02 1.37 0.00 3.50 0.00 3.43 0.00 0.00 1.19 2.49 0.04 0.42 0.00 0.00 0.00 0.00 0.39 0.00 3.26 0.00 0.00 0.00 0.00 1.33 0.00 0.53 0.67 0.00 0.00 0.00 0.00 0.11 0.00 0.00 0.00 0.00 0.00 0.00 3.33 1.40 0.00 0.00 2.45 0.91 0.00 2.56 0.00 0.21
5 0.00 2.38 2.07 2.63 3.50 0.00 2.87 1.79 0.00 3.15 2.31 0.25 0.00 0.00 1.72 0.00 2.94 1.47 0.14 0.00 1.54 0.00 2.38 0.00 0.00 2.21 0.00 0.00 0.00 0.00 0.00 2.00 2.49 2.17 0.95 0.00 0.00 0.00 2.42 0.00 2.17 0.00 0.00 1.68 0.00 2.66 0.00 0.00 0.00 0.56
6 0.00 0.00 2.28 0.00 0.00 2.87 0.00 3.43 0.00 1.40 1.58 2.03 0.00 2.94 1.72 0.00 2.45 0.00 3.01 0.00 1.86 0.00 2.00 0.00 0.00 2.21 0.00 1.02 3.36 0.00 0.00 0.00 0.00 0.00 0.00 0.00 0.00 0.00 0.00 0.00 0.00 0.00 0.00 0.00 0.98 2.28 2.49 2.14 2.87 0.00
7 0.95 0.00 2.00 3.40 3.43 1.79 3.43 0.00 0.00 0.00 0.04 0.00 0.00 0.00 1.26 0.00 2.35 2.00 3.26 0.00 0.00 0.00 1.51 2.77 3.08 1.72 0.00 0.49 0.00 1.96 1.37 2.35 0.00 0.70 2.77 0.67 0.00 0.00 0.00 0.67 0.53 0.84 2.98 0.18 1.02 0.00 0.88 0.00 0.00 0.74
8 0.32 1.93 0.70 1.61 0.00 0.00 0.00 0.00 0.00 1.30 0.00 0.49 1.79 0.74 1.44 2.03 0.00 0.46 0.00 0.00 1.19 0.00 0.00 2.38 0.00 0.00 0.42 0.00 0.00 0.00 0.00 0.00 0.00 3.40 0.00 1.79 0.00 0.00 0.00 0.00 1.47 0.00 0.11 0.00 1.82 0.49 3.12 2.21 1.61 0.00
9 3.22 0.00 2.14 2.42 0.00 3.15 1.40 0.00 1.30 0.00 0.35 0.00 1.37 0.00 0.60 2.00 0.00 0.00 0.60 0.00 0.00 0.00 2.14 0.00 0.00 0.67 0.70 2.84 0.04 0.00 0.98 0.00 0.00 0.00 0.00 0.00 2.91 0.00 0.00 0.00 1.86 0.00 0.00 0.53 1.19 0.00 1.96 0.00 2.84 0.00
10 3.33 0.00 1.23 0.00 1.19 2.31 1.58 0.04 0.00 0.35 0.00 1.96 0.00 0.81 1.30 0.00 1.12 0.04 0.00 0.00 0.00 1.58 0.56 2.66 0.00 2.24 0.25 0.00 0.00 1.02 0.67 0.00 2.00 0.00 1.05 2.49 0.00 0.00 0.00 0.00 0.00 3.36 0.60 3.15 2.84 0.00 0.00 0.88 1.16 0.81
11 0.00 0.00 1.47 0.00 2.49 0.25 2.03 0.00 0.49 0.00 1.96 0.00 0.00 2.14 0.00 0.14 0.00 0.00 1.33 0.00 0.35 0.00 0.00 0.00 2.63 0.00 0.00 0.00 0.00 1.09 2.14 2.31 0.00 2.00 0.00 0.00 0.00 0.00 1.75 0.00 2.14 0.21 0.00 0.00 1.89 0.00 0.00 0.46 0.28 1.65
12 1.44 0.53 0.00 3.33 0.04 0.00 0.00 0.00 1.79 1.37 0.00 0.00 0.00 0.88 2.38 2.24 0.00 0.00 0.00 0.11 0.00 2.66 1.30 0.00 1.47 0.98 2.49 0.56 0.00 1.47 0.00 0.63 0.00 1.37 0.00 0.00 3.36 2.10 1.44 0.00 0.56 0.00 0.00 1.16 1.79 0.00 1.86 0.00 2.52 0.00
13 0.00 2.63 0.00 2.45 0.42 0.00 2.94 0.00 0.74 0.00 0.81 2.14 0.88 0.00 2.10 0.00 0.00 1.58 0.00 0.11 0.00 0.00 2.28 2.31 2.84 0.00 3.50 0.39 0.00 0.39 0.00 0.00 2.24 0.00 1.44 0.00 0.49 0.35 2.80 1.05 2.03 3.26 0.00 0.00 2.59 2.10 2.35 0.00 0.70 0.00
14 1.44 0.00 0.00 0.00 0.00 1.72 1.72 1.26 1.44 0.60 1.30 0.00 2.38 2.10 0.00 0.00 2.00 0.00 1.16 0.00 0.00 3.19 2.87 0.00 0.81 3.40 0.00 0.00 1.47 1.37 0.00 0.07 0.00 0.00 0.00 0.00 1.93 0.00 0.00 3.12 3.29 0.91 0.00 0.00 0.00 1.44 1.09 1.26 3.12 2.00
15 2.31 0.98 1.30 1.47 0.00 0.00 0.00 0.00 2.03 2.00 0.00 0.14 2.24 0.00 0.00 0.00 3.08 0.00 2.24 0.25 0.00 0.91 0.00 2.17 1.09 0.00 0.00 0.98 0.00 2.59 2.59 0.00 0.00 0.00 0.00 1.86 1.58 0.00 0.77 0.00 0.00 0.00 1.72 2.91 0.00 3.19 0.00 0.00 0.53 0.00
16 0.00 1.75 3.19 0.00 0.00 2.94 2.45 2.35 0.00 0.00 1.12 0.00 0.00 0.00 2.00 3.08 0.00 0.00 0.00 0.00 0.00 0.00 2.00 0.00 1.75 0.00 0.00 0.00 1.30 1.30 0.77 0.00 0.00 2.28 0.00 3.50 0.00 1.02 2.73 2.80 3.33 0.00 1.51 1.65 1.58 2.31 0.00 2.24 0.00 0.00
17 0.00 0.00 2.10 0.00 0.00 1.47 0.00 2.00 0.46 0.00 0.04 0.00 0.00 1.58 0.00 0.00 0.00 0.00 0.00 2.73 2.42 2.10 0.00 0.00 0.00 1.72 2.31 0.00 1.61 0.00 0.00 0.00 1.33 2.49 1.33 0.00 0.00 0.00 0.00 0.00 0.00 0.07 0.00 3.12 2.73 2.59 0.28 2.91 0.00 2.31
18 0.00 2.77 2.59 0.21 0.39 0.14 3.01 3.26 0.00 0.60 0.00 1.33 0.00 0.00 1.16 2.24 0.00 0.00 0.00 2.91 3.01 1.68 1.61 1.75 0.70 0.00 0.00 0.00 1.33 3.36 0.00 0.00 0.00 0.46 2.24 1.75 0.00 1.19 0.00 0.35 0.18 0.60 0.00 2.45 0.00 0.00 0.00 3.29 0.00 2.66
19 2.07 2.84 0.00 1.09 0.00 0.00 0.00 0.00 0.00 0.00 0.00 0.00 0.11 0.11 0.00 0.25 0.00 2.73 2.91 0.00 0.00 3.40 2.52 0.67 0.00 0.00 0.25 0.00 0.00 2.14 1.16 0.00 1.40 0.00 0.07 2.07 3.40 1.47 0.00 1.19 0.00 0.00 3.26 0.00 0.00 0.00 1.44 0.00 0.42 0.00
20 1.26 0.00 1.65 1.16 3.26 1.54 1.86 0.00 1.19 0.00 0.00 0.35 0.00 0.00 0.00 0.00 0.00 2.42 3.01 0.00 0.00 0.53 0.00 0.00 3.08 0.00 2.49 0.00 3.50 0.00 0.00 2.35 0.00 0.00 2.56 1.58 1.58 0.00 0.00 0.00 0.00 0.00 3.12 0.00 0.00 0.00 0.00 0.00 0.00 2.07
21 2.66 0.00 0.70 0.00 0.00 0.00 0.00 0.00 0.00 0.00 1.58 0.00 2.66 0.00 3.19 0.91 0.00 2.10 1.68 3.40 0.53 0.00 2.73 0.00 0.00 0.00 1.65 2.80 3.43 0.00 0.00 2.17 3.01 0.00 2.84 2.42 0.07 0.00 3.50 0.00 3.50 2.49 0.00 0.00 3.22 1.23 0.35 0.00 0.91 2.56
22 3.40 1.23 2.87 3.36 0.00 2.38 2.00 1.51 0.00 2.14 0.56 0.00 1.30 2.28 2.87 0.00 2.00 0.00 1.61 2.52 0.00 2.73 0.00 3.19 0.00 0.00 3.33 1.30 0.00 0.00 2.21 1.23 2.38 3.50 0.00 0.00 0.00 2.00 1.12 0.00 0.63 0.00 2.56 2.66 0.00 0.00 2.49 0.21 0.00 0.00
23 2.00 0.91 2.56 0.00 0.00 0.00 0.00 2.77 2.38 0.00 2.66 0.00 0.00 2.31 0.00 2.17 0.00 0.00 1.75 0.67 0.00 0.00 3.19 0.00 0.00 1.96 2.49 2.42 0.00 0.00 3.33 0.00 0.00 0.00 2.07 3.22 0.00 1.40 0.00 1.61 3.19 0.60 0.00 1.72 0.39 0.28 0.00 0.00 0.00 0.00
24 0.00 0.00 2.03 0.88 0.00 0.00 0.00 3.08 0.00 0.00 0.00 2.63 1.47 2.84 0.81 1.09 1.75 0.00 0.70 0.00 3.08 0.00 0.00 0.00 0.00 0.00 2.38 0.67 2.87 1.51 0.00 1.19 0.00 0.00 0.77 3.26 2.56 3.40 0.56 0.00 0.98 0.00 3.43 0.56 0.00 0.00 0.00 0.00 2.52 0.35
25 0.00 0.00 2.38 1.58 1.33 2.21 2.21 1.72 0.00 0.67 2.24 0.00 0.98 0.00 3.40 0.00 0.00 1.72 0.00 0.00 0.00 0.00 0.00 1.96 0.00 0.00 3.33 0.00 0.00 0.88 0.77 0.00 0.00 2.42 0.14 0.00 2.98 2.77 1.09 0.00 0.00 0.00 3.43 2.00 0.00 2.38 0.00 1.75 0.00 0.95
26 3.43 2.00 0.74 0.28 0.00 0.00 0.00 0.00 0.42 0.70 0.25 0.00 2.49 3.50 0.00 0.00 0.00 2.31 0.00 0.25 2.49 1.65 3.33 2.49 2.38 3.33 0.00 0.00 1.09 2.80 2.14 0.00 0.00 0.63 0.00 2.70 3.50 0.00 0.00 0.00 0.00 0.00 2.84 0.00 0.00 0.00 0.00 0.00 3.01 0.00
27 0.00 0.14 0.00 0.00 0.53 0.00 1.02 0.49 0.00 2.84 0.00 0.00 0.56 0.39 0.00 0.98 0.00 0.00 0.00 0.00 0.00 2.80 1.30 2.42 0.67 0.00 0.00 0.00 0.00 1.37 2.21 0.00 0.00 0.00 2.73 0.35 1.30 0.00 0.00 0.00 2.84 0.00 0.21 0.00 1.16 0.39 0.00 0.11 2.70 0.00
28 0.11 0.00 3.12 2.52 0.67 0.00 3.36 0.00 0.00 0.04 0.00 0.00 0.00 0.00 1.47 0.00 1.30 1.61 1.33 0.00 3.50 3.43 0.00 0.00 2.87 0.00 1.09 0.00 0.00 3.22 0.00 0.00 0.00 3.29 0.00 0.81 0.00 1.58 0.00 0.00 0.00 0.00 0.00 0.00 1.82 0.32 0.35 0.00 1.12 0.00
29 0.00 0.84 0.00 0.42 0.00 0.00 0.00 1.96 0.00 0.00 1.02 1.09 1.47 0.39 1.37 2.59 1.30 0.00 3.36 2.14 0.00 0.00 0.00 0.00 1.51 0.88 2.80 1.37 3.22 0.00 2.59 0.28 0.00 0.11 2.00 0.00 0.00 0.42 0.00 0.00 0.00 0.00 0.28 0.00 0.00 0.00 0.00 2.42 2.80 1.37
30 0.00 0.00 0.14 0.00 0.00 0.00 0.00 1.37 0.00 0.98 0.67 2.14 0.00 0.00 0.00 2.59 0.77 0.00 0.00 1.16 0.00 0.00 2.21 3.33 0.00 0.77 2.14 2.21 0.00 2.59 0.00 1.44 0.00 3.12 0.00 0.00 0.00 0.00 0.00 2.31 2.56 0.00 0.00 0.00 0.00 2.24 0.25 0.00 0.00 0.00
31 0.00 0.00 0.00 0.00 0.00 2.00 0.00 2.35 0.00 0.00 0.00 2.31 0.63 0.00 0.07 0.00 0.00 0.00 0.00 0.00 2.35 2.17 1.23 0.00 1.19 0.00 0.00 0.00 0.00 0.28 1.44 0.00 0.14 2.00 0.00 0.00 1.75 2.77 0.00 0.00 0.00 0.04 0.00 0.00 0.11 3.43 1.86 1.44 0.00 0.49
32 0.00 3.08 3.15 0.00 0.00 2.49 0.00 0.00 0.00 0.00 2.00 0.00 0.00 2.24 0.00 0.00 0.00 1.33 0.00 1.40 0.00 3.01 2.38 0.00 0.00 0.00 0.00 0.00 0.00 0.00 0.00 0.14 0.00 0.49 1.82 1.51 2.66 0.00 0.00 1.09 0.74 0.00 1.82 1.89 1.02 0.00 1.30 0.00 1.40 2.14
33 3.08 1.65 2.17 3.36 0.11 2.17 0.00 0.70 3.40 0.00 0.00 2.00 1.37 0.00 0.00 0.00 2.28 2.49 0.46 0.00 0.00 0.00 3.50 0.00 0.00 2.42 0.63 0.00 3.29 0.11 3.12 2.00 0.49 0.00 0.28 3.12 0.00 2.63 0.00 1.79 3.33 0.88 1.16 2.38 0.00 0.00 1.40 0.00 3.22 2.14
34 0.00 0.00 0.42 0.00 0.00 0.95 0.00 2.77 0.00 0.00 1.05 0.00 0.00 1.44 0.00 0.00 0.00 1.33 2.24 0.07 2.56 2.84 0.00 2.07 0.77 0.14 0.00 2.73 0.00 2.00 0.00 0.00 1.82 0.28 0.00 0.25 0.00 0.00 1.30 0.91 0.00 1.33 0.60 0.00 0.00 3.05 2.84 2.03 2.98 2.84
35 0.00 0.00 0.00 0.00 0.00 0.00 0.00 0.67 1.79 0.00 2.49 0.00 0.00 0.00 0.00 1.86 3.50 0.00 1.75 2.07 1.58 2.42 0.00 3.22 3.26 0.00 2.70 0.35 0.81 0.00 0.00 0.00 1.51 3.12 0.25 0.00 0.00 0.00 2.00 0.00 0.00 1.61 0.49 1.72 3.01 1.51 2.45 0.00 0.00 0.00
36 0.00 1.47 3.43 2.31 0.00 0.00 0.00 0.00 0.00 2.91 0.00 0.00 3.36 0.49 1.93 1.58 0.00 0.00 0.00 3.40 1.58 0.07 0.00 0.00 2.56 2.98 3.50 1.30 0.00 0.00 0.00 1.75 2.66 0.00 0.00 0.00 0.00 0.00 0.00 0.00 0.00 0.67 0.32 0.00 2.73 1.33 0.00 0.00 0.28 2.80
37 1.33 2.63 0.00 0.00 0.00 0.00 0.00 0.00 0.00 0.00 0.00 0.00 2.10 0.35 0.00 0.00 1.02 0.00 1.19 1.47 0.00 0.00 2.00 1.40 3.40 2.77 0.00 0.00 1.58 0.42 0.00 2.77 0.00 2.63 0.00 0.00 0.00 0.00 0.46 0.00 1.79 0.00 0.00 0.70 2.52 0.00 0.00 1.86 0.00 0.49
38 1.68 0.00 1.12 0.00 0.00 2.42 0.00 0.00 0.00 0.00 0.00 1.75 1.44 2.80 0.00 0.77 2.73 0.00 0.00 0.00 0.00 3.50 1.12 0.00 0.56 1.09 0.00 0.00 0.00 0.00 0.00 0.00 0.00 0.00 1.30 2.00 0.00 0.46 0.00 0.00 0.00 1.51 0.74 0.00 0.00 3.40 0.00 2.73 1.44 0.21
39 2.87 0.00 0.00 0.00 0.00 0.00 0.00 0.67 0.00 0.00 0.00 0.00 0.00 1.05 3.12 0.00 2.80 0.00 0.35 1.19 0.00 0.00 0.00 1.61 0.00 0.00 0.00 0.00 0.00 0.00 2.31 0.00 1.09 1.79 0.91 0.00 0.00 0.00 0.00 0.00 0.00 0.00 0.00 0.53 0.00 0.35 2.17 0.74 2.70 0.00
40 3.43 0.00 0.00 0.11 3.33 2.17 0.00 0.53 1.47 1.86 0.00 2.14 0.56 2.03 3.29 0.00 3.33 0.00 0.18 0.00 0.00 3.50 0.63 3.19 0.98 0.00 0.00 2.84 0.00 0.00 2.56 0.00 0.74 3.33 0.00 0.00 0.00 1.79 0.00 0.00 0.00 0.14 0.00 0.49 0.00 0.35 0.00 0.00 1.79 0.00
41 0.46 3.29 3.36 0.00 1.40 0.00 0.00 0.84 0.00 0.00 3.36 0.21 0.00 3.26 0.91 0.00 0.00 0.07 0.60 0.00 0.00 2.49 0.00 0.60 0.00 0.00 0.00 0.00 0.00 0.00 0.00 0.04 0.00 0.88 1.33 1.61 0.67 0.00 1.51 0.00 0.14 0.00 0.00 0.49 0.00 0.00 0.00 0.00 2.70 2.70
42 0.00 2.70 0.56 0.00 0.00 0.00 0.00 2.98 0.11 0.00 0.60 0.00 0.00 0.00 0.00 1.72 1.51 0.00 0.00 3.26 3.12 0.00 2.56 0.00 3.43 3.43 2.84 0.21 0.00 0.28 0.00 0.00 1.82 1.16 0.60 0.49 0.32 0.00 0.74 0.00 0.00 0.00 0.00 2.14 0.00 0.00 1.09 2.84 0.00 0.56
43 0.00 0.91 0.00 2.31 0.00 1.68 0.00 0.18 0.00 0.53 3.15 0.00 1.16 0.00 0.00 2.91 1.65 3.12 2.45 0.00 0.00 0.00 2.66 1.72 0.56 2.00 0.00 0.00 0.00 0.00 0.00 0.00 1.89 2.38 0.00 1.72 0.00 0.70 0.00 0.53 0.49 0.49 2.14 0.00 2.28 0.14 3.19 0.00 0.00 1.05
44 0.00 0.00 0.00 3.05 2.45 0.00 0.98 1.02 1.82 1.19 2.84 1.89 1.79 2.59 0.00 0.00 1.58 2.73 0.00 0.00 0.00 3.22 0.00 0.39 0.00 0.00 0.00 1.16 1.82 0.00 0.00 0.11 1.02 0.00 0.00 3.01 2.73 2.52 0.00 0.00 0.00 0.00 0.00 2.28 0.00 2.77 2.87 0.81 0.00 0.63
45 0.77 1.75 0.00 0.00 0.91 2.66 2.28 0.00 0.49 0.00 0.00 0.00 0.00 2.10 1.44 3.19 2.31 2.59 0.00 0.00 0.00 1.23 0.00 0.28 0.00 2.38 0.00 0.39 0.32 0.00 2.24 3.43 0.00 0.00 3.05 1.51 1.33 0.00 3.40 0.35 0.35 0.00 0.00 0.14 2.77 0.00 0.00 3.29 0.18 1.05
46 0.00 2.59 0.00 1.16 0.00 0.00 2.49 0.88 3.12 1.96 0.00 0.00 1.86 2.35 1.09 0.00 0.00 0.28 0.00 1.44 0.00 0.35 2.49 0.00 0.00 0.00 0.00 0.00 0.35 0.00 0.25 1.86 1.30 1.40 2.84 2.45 0.00 0.00 0.00 2.17 0.00 0.00 1.09 3.19 2.87 0.00 0.00 1.23 2.28 0.00
47 2.07 0.49 2.17 0.00 2.56 0.00 2.14 0.00 2.21 0.00 0.88 0.46 0.00 0.00 1.26 0.00 2.24 2.91 3.29 0.00 0.00 0.00 0.21 0.00 0.00 1.75 0.00 0.11 0.00 2.42 0.00 1.44 0.00 0.00 2.03 0.00 0.00 1.86 2.73 0.74 0.00 0.00 2.84 0.00 0.81 3.29 1.23 0.00 2.87 1.47
48 3.40 0.00 1.93 0.00 0.00 0.00 2.87 0.00 1.61 2.84 1.16 0.28 2.52 0.70 3.12 0.53 0.00 0.00 0.00 0.42 0.00 0.91 0.00 0.00 2.52 0.00 3.01 2.70 1.12 2.80 0.00 0.00 1.40 3.22 2.98 0.00 0.28 0.00 1.44 2.70 1.79 2.70 0.00 0.00 0.00 0.18 2.28 2.87 0.00 0.07
49 0.00 1.86 0.00 2.24 0.21 0.56 0.00 0.74 0.00 0.00 0.81 1.65 0.00 0.00 2.00 0.00 0.00 2.31 2.66 0.00 2.07 2.56 0.00 0.00 0.35 0.95 0.00 0.00 0.00 1.37 0.00 0.49 2.14 2.14 2.84 0.00 2.80 0.49 0.21 0.00 0.00 2.70 0.56 1.05 0.63 1.05 0.00 1.47 0.07 0.00

ITEMS
nominal_profits 0.00 2.00 0.00 0.00 0.00 49.00 0.00 58.00 28.00 91.00 0.00 0.00 0.00 38.00 0.00 0.00 5.00 50.00 0.00 0.00 0.00 74.00 0.00 0.00 0.00 0.00 58.00 0.00 33.00 0.00 45.00 36.00 4.00 0.00 0.00 0.00 0.00 47.00 6.00 0.00 21.00 51.00 35.00 0.00 0.00 0.00 93.00 15.00 0.00 0.00
weights 33 44 16 5 1 10 41 1 4 28 36 28 47 31 25 37 13 17 18 27 39 33 15 29 8 2 23 44 45 46 36 4 9 11 31 46 28 15 6 22 37 40 37 12 26 10 4 25 13 27
capacity 979
k_max 45

COMMENTS
original_pairwise_profits
0 0.00 0.00 0.00 0.00 0.00 0.00 0.00 27.00 9.00 92.00 95.00 0.00 41.00 0.00 41.00 66.00 0.00 0.00 0.00 59.00 36.00 76.00 97.00 57.00 0.00 0.00 98.00 0.00 3.00 0.00 0.00 0.00 0.00 88.00 0.00 0.00 0.00 38.00 48.00 82.00 98.00 13.00 0.00 0.00 0.00 22.00 0.00 59.00 97.00 0.00
1 0.00 0.00 92.00 0.00 0.00 68.00 0.00 0.00 55.00 0.00 0.00 0.00 15.00 75.00 0.00 28.00 50.00 0.00 79.00 81.00 0.00 0.00 35.00 26.00 0.00 0.00 57.00 4.00 0.00 24.00 0.00 0.00 88.00 47.00 0.00 0.00 42.00 75.00 0.00 0.00 0.00 94.00 77.00 26.00 0.00 50.00 74.00 14.00 0.00 53.00
2 0.00 92.00 0.00 52.00 29.00 59.00 65.00 57.00 20.00 61.00 35.00 42.00 0.00 0.00 0.00 37.00 91.00 60.00 74.00 0.00 47.00 20.00 82.00 73.00 58.00 68.00 21.00 0.00 89.00 0.00 4.00 0.00 90.00 62.00 12.00 0.00 98.00 0.00 32.00 0.00 0.00 96.00 16.00 0.00 0.00 0.00 0.00 62.00 55.00 0.00
3 0.00 0.00 52.00 0.00 39.00 75.00 0.00 97.00 46.00 69.00 0.00 0.00 95.00 70.00 0.00 42.00 0.00 0.00 6.00 31.00 33.00 0.00 96.00 0.00 25.00 45.00 8.00 0.00 72.00 12.00 0.00 0.00 0.00 96.00 0.00 0.00 66.00 0.00 0.00 0.00 3.00 0.00 0.00 66.00 87.00 0.00 33.00 0.00 0.00 64.00
4 0.00 0.00 29.00 39.00 0.00 100.00 0.00 98.00 0.00 0.00 34.00 71.00 1.00 12.00 0.00 0.00 0.00 0.00 11.00 0.00 93.00 0.00 0.00 0.00 0.00 38.00 0.00 15.00 19.00 0.00 0.00 0.00 0.00 3.00 0.00 0.00 0.00 0.00 0.00 0.00 95.00 40.00 0.00 0.00 70.00 26.00 0.00 73.00 0.00 6.00
5 0.00 68.00 59.00 75.00 100.00 0.00 82.00 51.00 0.00 90.00 66.00 7.00 0.00 0.00 49.00 0.00 84.00 42.00 4.00 0.00 44.00 0.00 68.00 0.00 0.00 63.00 0.00 0.00 0.00 0.00 0.00 57.00 71.00 62.00 27.00 0.00 0.00 0.00 69.00 0.00 62.00 0.00 0.00 48.00 0.00 76.00 0.00 0.00 0.00 16.00
6 0.00 0.00 65.00 0.00 0.00 82.00 0.00 98.00 0.00 40.00 45.00 58.00 0.00 84.00 49.00 0.00 70.00 0.00 86.00 0.00 53.00 0.00 57.00 0.00 0.00 63.00 0.00 29.00 96.00 0.00 0.00 0.00 0.00 0.00 0.00 0.00 0.00 0.00 0.00 0.00 0.00 0.00 0.00 0.00 28.00 65.00 71.00 61.00 82.00 0.00
7 27.00 0.00 57.00 97.00 98.00 51.00 98.00 0.00 0.00 0.00 1.00 0.00 0.00 0.00 36.00 0.00 67.00 57.00 93.00 0.00 0.00 0.00 43.00 79.00 88.00 49.00 0.00 14.00 0.00 56.00 39.00 67.00 0.00 20.00 79.00 19.00 0.00 0.00 0.00 19.00 15.00 24.00 85.00 5.00 29.00 0.00 25.00 0.00 0.00 21.00
8 9.00 55.00 20.00 46.00 0.00 0.00 0.00 0.00 0.00 37.00 0.00 14.00 51.00 21.00 41.00 58.00 0.00 13.00 0.00 0.00 34.00 0.00 0.00 68.00 0.00 0.00 12.00 0.00 0.00 0.00 0.00 0.00 0.00 97.00 0.00 51.00 0.00 0.00 0.00 0.00 42.00 0.00 3.00 0.00 52.00 14.00 89.00 63.00 46.00 0.00
9 92.00 0.00 61.00 69.00 0.00 90.00 40.00 0.00 37.00 0.00 10.00 0.00 39.00 0.00 17.00 57.00 0.00 0.00 17.00 0.00 0.00 0.00 61.00 0.00 0.00 19.00 20.00 81.00 1.00 0.00 28.00 0.00 0.00 0.00 0.00 0.00 83.00 0.00 0.00 0.00 53.00 0.00 0.00 15.00 34.00 0.00 56.00 0.00 81.00 0.00
10 95.00 0.00 35.00 0.00 34.00 66.00 45.00 1.00 0.00 10.00 0.00 56.00 0.00 23.00 37.00 0.00 32.00 1.00 0.00 0.00 0.00 45.00 16.00 76.00 0.00 64.00 7.00 0.00 0.00 29.00 19.00 0.00 57.00 0.00 30.00 71.00 0.00 0.00 0.00 0.00 0.00 96.00 17.00 90.00 81.00 0.00 0.00 25.00 33.00 23.00
11 0.00 0.00 42.00 0.00 71.00 7.00 58.00 0.00 14.00 0.00 56.00 0.00 0.00 61.00 0.00 4.00 0.00 0.00 38.00 0.00 10.00 0.00 0.00 0.00 75.00 0.00 0.00 0.00 0.00 31.00 61.00 66.00 0.00 57.00 0.00 0.00 0.00 0.00 50.00 0.00 61.00 6.00 0.00 0.00 54.00 0.00 0.00 13.00 8.00 47.00
12 41.00 15.00 0.00 95.00 1.00 0.00 0.00 0.00 51.00 39.00 0.00 0.00 0.00 25.00 68.00 64.00 0.00 0.00 0.00 3.00 0.00 76.00 37.00 0.00 42.00 28.00 71.00 16.00 0.00 42.00 0.00 18.00 0.00 39.00 0.00 0.00 96.00 60.00 41.00 0.00 16.00 0.00 0.00 33.00 51.00 0.00 53.00 0.00 72.00 0.00
13 0.00 75.00 0.00 70.00 12.00 0.00 84.00 0.00 21.00 0.00 23.00 61.00 25.00 0.00 60.00 0.00 0.00 45.00 0.00 3.00 0.00 0.00 65.00 66.00 81.00 0.00 100.00 11.00 0.00 11.00 0.00 0.00 64.00 0.00 41.00 0.00 14.00 10.00 80.00 30.00 58.00 93.00 0.00 0.00 74.00 60.00 67.00 0.00 20.00 0.00
14 41.00 0.00 0.00 0.00 0.00 49.00 49.00 36.00 41.00 17.00 37.00 0.00 68.00 60.00 0.00 0.00 57.00 0.00 33.00 0.00 0.00 91.00 82.00 0.00 23.00 97.00 0.00 0.00 42.00 39.00 0.00 2.00 0.00 0.00 0.00 0.00 55.00 0.00 0.00 89.00 94.00 26.00 0.00 0.00 0.00 41.00 31.00 36.00 89.00 57.00
15 66.00 28.00 37.00 42.00 0.00 0.00 0.00 0.00 58.00 57.00 0.00 4.00 64.00 0.00 0.00 0.00 88.00 0.00 64.00 7.00 0.00 26.00 0.00 62.00 31.00 0.00 0.00 28.00 0.00 74.00 74.00 0.00 0.00 0.00 0.00 53.00 45.00 0.00 22.00 0.00 0.00 0.00 49.00 83.00 0.00 91.00 0.00 0.00 15.00 0.00
16 0.00 50.00 91.00 0.00 0.00 84.00 70.00 67.00 0.00 0.00 32.00 0.00 0.00 0.00 57.00 88.00 0.00 0.00 0.00 0.00 0.00 0.00 57.00 0.00 50.00 0.00 0.00 0.00 37.00 37.00 22.00 0.00 0.00 65.00 0.00 100.00 0.00 29.00 78.00 80.00 95.00 0.00 43.00 47.00 45.00 66.00 0.00 64.00 0.00 0.00
17 0.00 0.00 60.00 0.00 0.00 42.00 0.00 57.00 13.00 0.00 1.00 0.00 0.00 45.00 0.00 0.00 0.00 0.00 0.00 78.00 69.00 60.00 0.00 0.00 0.00 49.00 66.00 0.00 46.00 0.00 0.00 0.00 38.00 71.00 38.00 0.00 0.00 0.00 0.00 0.00 0.00 2.00 0.00 89.00 78.00 74.00 8.00 83.00 0.00 66.00
18 0.00 79.00 74.00 6.00 11.00 4.00 86.00 93.00 0.00 17.00 0.00 38.00 0.00 0.00 33.00 64.00 0.00 0.00 0.00 83.00 86.00 48.00 46.00 50.00 20.00 0.00 0.00 0.00 38.00 96.00 0.00 0.00 0.00 13.00 64.00 50.00 0.00 34.00 0.00 10.00 5.00 17.00 0.00 70.00 0.00 0.00 0.00 94.00 0.00 76.00
19 59.00 81.00 0.00 31.00 0.00 0.00 0.00 0.00 0.00 0.00 0.00 0.00 3.00 3.00 0.00 7.00 0.00 78.00 83.00 0.00 0.00 97.00 72.00 19.00 0.00 0.00 7.00 0.00 0.00 61.00 33.00 0.00 40.00 0.00 2.00 59.00 97.00 42.00 0.00 34.00 0.00 0.00 93.00 0.00 0.00 0.00 41.00 0.00 12.00 0.00
20 36.00 0.00 47.00 33.00 93.00 44.00 53.00 0.00 34.00 0.00 0.00 10.00 0.00 0.00 0.00 0.00 0.00 69.00 86.00 0.00 0.00 15.00 0.00 0.00 88.00 0.00 71.00 0.00 100.00 0.00 0.00 67.00 0.00 0.00 73.00 45.00 45.00 0.00 0.00 0.00 0.00 0.00 89.00 0.00 0.00 0.00 0.00 0.00 0.00 59.00
21 76.00 0.00 20.00 0.00 0.00 0.00 0.00 0.00 0.00 0.00 45.00 0.00 76.00 0.00 91.00 26.00 0.00 60.00 48.00 97.00 15.00 0.00 78.00 0.00 0.00 0.00 47.00 80.00 98.00 0.00 0.00 62.00 86.00 0.00 81.00 69.00 2.00 0.00 100.00 0.00 100.00 71.00 0.00 0.00 92.00 35.00 10.00 0.00 26.00 73.00
22 97.00 35.00 82.00 96.00 0.00 68.00 57.00 43.00 0.00 61.00 16.00 0.00 37.00 65.00 82.00 0.00 57.00 0.00 46.00 72.00 0.00 78.00 0.00 91.00 0.00 0.00 95.00 37.00 0.00 0.00 63.00 35.00 68.00 100.00 0.00 0.00 0.00 57.00 32.00 0.00 18.00 0.00 73.00 76.00 0.00 0.00 71.00 6.00 0.00 0.00
23 57.00 26.00 73.00 0.00 0.00 0.00 0.00 79.00 68.00 0.00 76.00 0.00 0.00 66.00 0.00 62.00 0.00 0.00 50.00 19.00 0.00 0.00 91.00 0.00 0.00 56.00 71.00 69.00 0.00 0.00 95.00 0.00 0.00 0.00 59.00 92.00 0.00 40.00 0.00 46.00 91.00 17.00 0.00 49.00 11.00 8.00 0.00 0.00 0.00 0.00
24 0.00 0.00 58.00 25.00 0.00 0.00 0.00 88.00 0.00 0.00 0.00 75.00 42.00 81.00 23.00 31.00 50.00 0.00 20.00 0.00 88.00 0.00 0.00 0.00 0.00 0.00 68.00 19.00 82.00 43.00 0.00 34.00 0.00 0.00 22.00 93.00 73.00 97.00 16.00 0.00 28.00 0.00 98.00 16.00 0.00 0.00 0.00 0.00 72.00 10.00
25 0.00 0.00 68.00 45.00 38.00 63.00 63.00 49.00 0.00 19.00 64.00 0.00 28.00 0.00 97.00 0.00 0.00 49.00 0.00 0.00 0.00 0.00 0.00 56.00 0.00 0.00 95.00 0.00 0.00 25.00 22.00 0.00 0.00 69.00 4.00 0.00 85.00 79.00 31.00 0.00 0.00 0.00 98.00 57.00 0.00 68.00 0.00 50.00 0.00 27.00
26 98.00 57.00 21.00 8.00 0.00 0.00 0.00 0.00 12.00 20.00 7.00 0.00 71.00 100.00 0.00 0.00 0.00 66.00 0.00 7.00 71.00 47.00 95.00 71.00 68.00 95.00 0.00 0.00 31.00 80.00 61.00 0.00 0.00 18.00 0.00 77.00 100.00 0.00 0.00 0.00 0.00 0.00 81.00 0.00 0.00 0.00 0.00 0.00 86.00 0.00
27 0.00 4.00 0.00 0.00 15.00 0.00 29.00 14.00 0.00 81.00 0.00 0.00 16.00 11.00 0.00 28.00 0.00 0.00 0.00 0.00 0.00 80.00 37.00 69.00 19.00 0.00 0.00 0.00 0.00 39.00 63.00 0.00 0.00 0.00 78.00 10.00 37.00 0.00 0.00 0.00 81.00 0.00 6.00 0.00 33.00 11.00 0.00 3.00 77.00 0.00
28 3.00 0.00 89.00 72.00 19.00 0.00 96.00 0.00 0.00 1.00 0.00 0.00 0.00 0.00 42.00 0.00 37.00 46.00 38.00 0.00 100.00 98.00 0.00 0.00 82.00 0.00 31.00 0.00 0.00 92.00 0.00 0.00 0.00 94.00 0.00 23.00 0.00 45.00 0.00 0.00 0.00 0.00 0.00 0.00 52.00 9.00 10.00 0.00 32.00 0.00
29 0.00 24.00 0.00 12.00 0.00 0.00 0.00 56.00 0.00 0.00 29.00 31.00 42.00 11.00 39.00 74.00 37.00 0.00 96.00 61.00 0.00 0.00 0.00 0.00 43.00 25.00 80.00 39.00 92.00 0.00 74.00 8.00 0.00 3.00 57.00 0.00 0.00 12.00 0.00 0.00 0.00 0.00 8.00 0.00 0.00 0.00 0.00 69.00 80.00 39.00
30 0.00 0.00 4.00 0.00 0.00 0.00 0.00 39.00 0.00 28.00 19.00 61.00 0.00 0.00 0.00 74.00 22.00 0.00 0.00 33.00 0.00 0.00 63.00 95.00 0.00 22.00 61.00 63.00 0.00 74.00 0.00 41.00 0.00 89.00 0.00 0.00 0.00 0.00 0.00 66.00 73.00 0.00 0.00 0.00 0.00 64.00 7.00 0.00 0.00 0.00
31 0.00 0.00 0.00 0.00 0.00 57.00 0.00 67.00 0.00 0.00 0.00 66.00 18.00 0.00 2.00 0.00 0.00 0.00 0.00 0.00 67.00 62.00 35.00 0.00 34.00 0.00 0.00 0.00 0.00 8.00 41.00 0.00 4.00 57.00 0.00 0.00 50.00 79.00 0.00 0.00 0.00 1.00 0.00 0.00 3.00 98.00 53.00 41.00 0.00 14.00
32 0.00 88.00 90.00 0.00 0.00 71.00 0.00 0.00 0.00 0.00 57.00 0.00 0.00 64.00 0.00 0.00 0.00 38.00 0.00 40.00 0.00 86.00 68.00 0.00 0.00 0.00 0.00 0.00 0.00 0.00 0.00 4.00 0.00 14.00 52.00 43.00 76.00 0.00 0.00 31.00 21.00 0.00 52.00 54.00 29.00 0.00 37.00 0.00 40.00 61.00
33 88.00 47.00 62.00 96.00 3.00 62.00 0.00 20.00 97.00 0.00 0.00 57.00 39.00 0.00 0.00 0.00 65.00 71.00 13.00 0.00 0.00 0.00 100.00 0.00 0.00 69.00 18.00 0.00 94.00 3.00 89.00 57.00 14.00 0.00 8.00 89.00 0.00 75.00 0.00 51.00 95.00 25.00 33.00 68.00 0.00 0.00 40.00 0.00 92.00 61.00
34 0.00 0.00 12.00 0.00 0.00 27.00 0.00 79.00 0.00 0.00 30.00 0.00 0.00 41.00 0.00 0.00 0.00 38.00 64.00 2.00 73.00 81.00 0.00 59.00 22.00 4.00 0.00 78.00 0.00 57.00 0.00 0.00 52.00 8.00 0.00 7.00 0.00 0.00 37.00 26.00 0.00 38.00 17.00 0.00 0.00 87.00 81.00 58.00 85.00 81.00
35 0.00 0.00 0.00 0.00 0.00 0.00 0.00 19.00 51.00 0.00 71.00 0.00 0.00 0.00 0.00 53.00 100.00 0.00 50.00 59.00 45.00 69.00 0.00 92.00 93.00 0.00 77.00 10.00 23.00 0.00 0.00 0.00 43.00 89.00 7.00 0.00 0.00 0.00 57.00 0.00 0.00 46.00 14.00 49.00 86.00 43.00 70.00 0.00 0.00 0.00
36 0.00 42.00 98.00 66.00 0.00 0.00 0.00 0.00 0.00 83.00 0.00 0.00 96.00 14.00 55.00 45.00 0.00 0.00 0.00 97.00 45.00 2.00 0.00 0.00 73.00 85.00 100.00 37.00 0.00 0.00 0.00 50.00 76.00 0.00 0.00 0.00 0.00 0.00 0.00 0.00 0.00 19.00 9.00 0.00 78.00 38.00 0.00 0.00 8.00 80.00
37 38.00 75.00 0.00 0.00 0.00 0.00 0.00 0.00 0.00 0.00 0.00 0.00 60.00 10.00 0.00 0.00 29.00 0.00 34.00 42.00 0.00 0.00 57.00 40.00 97.00 79.00 0.00 0.00 45.00 12.00 0.00 79.00 0.00 75.00 0.00 0.00 0.00 0.00 13.00 0.00 51.00 0.00 0.00 20.00 72.00 0.00 0.00 53.00 0.00 14.00
38 48.00 0.00 32.00 0.00 0.00 69.00 0.00 0.00 0.00 0.00 0.00 50.00 41.00 80.00 0.00 22.00 78.00 0.00 0.00 0.00 0.00 100.00 32.00 0.00 16.00 31.00 0.00 0.00 0.00 0.00 0.00 0.00 0.00 0.00 37.00 57.00 0.00 13.00 0.00 0.00 0.00 43.00 21.00 0.00 0.00 97.00 0.00 78.00 41.00 6.00
39 82.00 0.00 0.00 0.00 0.00 0.00 0.00 19.00 0.00 0.00 0.00 0.00 0.00 30.00 89.00 0.00 80.00 0.00 10.00 34.00 0.00 0.00 0.00 46.00 0.00 0.00 0.00 0.00 0.00 0.00 66.00 0.00 31.00 51.00 26.00 0.00 0.00 0.00 0.00 0.00 0.00 0.00 0.00 15.00 0.00 10.00 62.00 21.00 77.00 0.00
40 98.00 0.00 0.00 3.00 95.00 62.00 0.00 15.00 42.00 53.00 0.00 61.00 16.00 58.00 94.00 0.00 95.00 0.00 5.00 0.00 0.00 100.00 18.00 91.00 28.00 0.00 0.00 81.00 0.00 0.00 73.00 0.00 21.00 95.00 0.00 0.00 0.00 51.00 0.00 0.00 0.00 4.00 0.00 14.00 0.00 10.00 0.00 0.00 51.00 0.00
41 13.00 94.00 96.00 0.00 40.00 0.00 0.00 24.00 0.00 0.00 96.00 6.00 0.00 93.00 26.00 0.00 0.00 2.00 17.00 0.00 0.00 71.00 0.00 17.00 0.00 0.00 0.00 0.00 0.00 0.00 0.00 1.00 0.00 25.00 38.00 46.00 19.00 0.00 43.00 0.00 4.00 0.00 0.00 14.00 0.00 0.00 0.00 0.00 77.00 77.00
42 0.00 77.00 16.00 0.00 0.00 0.00 0.00 85.00 3.00 0.00 17.00 0.00 0.00 0.00 0.00 49.00 43.00 0.00 0.00 93.00 89.00 0.00 73.00 0.00 98.00 98.00 81.00 6.00 0.00 8.00 0.00 0.00 52.00 33.00 17.00 14.00 9.00 0.00 21.00 0.00 0.00 0.00 0.00 61.00 0.00 0.00 31.00 81.00 0.00 16.00
43 0.00 26.00 0.00 66.00 0.00 48.00 0.00 5.00 0.00 15.00 90.00 0.00 33.00 0.00 0.00 83.00 47.00 89.00 70.00 0.00 0.00 0.00 76.00 49.00 16.00 57.00 0.00 0.00 0.00 0.00 0.00 0.00 54.00 68.00 0.00 49.00 0.00 20.00 0.00 15.00 14.00 14.00 61.00 0.00 65.00 4.00 91.00 0.00 0.00 30.00
44 0.00 0.00 0.00 87.00 70.00 0.00 28.00 29.00 52.00 34.00 81.00 54.00 51.00 74.00 0.00 0.00 45.00 78.00 0.00 0.00 0.00 92.00 0.00 11.00 0.00 0.00 0.00 33.00 52.00 0.00 0.00 3.00 29.00 0.00 0.00 86.00 78.00 72.00 0.00 0.00 0.00 0.00 0.00 65.00 0.00 79.00 82.00 23.00 0.00 18.00
45 22.00 50.00 0.00 0.00 26.00 76.00 65.00 0.00 14.00 0.00 0.00 0.00 0.00 60.00 41.00 91.00 66.00 74.00 0.00 0.00 0.00 35.00 0.00 8.00 0.00 68.00 0.00 11.00 9.00 0.00 64.00 98.00 0.00 0.00 87.00 43.00 38.00 0.00 97.00 10.00 10.00 0.00 0.00 4.00 79.00 0.00 0.00 94.00 5.00 30.00
46 0.00 74.00 0.00 33.00 0.00 0.00 71.00 25.00 89.00 56.00 0.00 0.00 53.00 67.00 31.00 0.00 0.00 8.00 0.00 41.00 0.00 10.00 71.00 0.00 0.00 0.00 0.00 0.00 10.00 0.00 7.00 53.00 37.00 40.00 81.00 70.00 0.00 0.00 0.00 62.00 0.00 0.00 31.00 91.00 82.00 0.00 0.00 35.00 65.00 0.00
47 59.00 14.00 62.00 0.00 73.00 0.00 61.00 0.00 63.00 0.00 25.00 13.00 0.00 0.00 36.00 0.00 64.00 83.00 94.00 0.00 0.00 0.00 6.00 0.00 0.00 50.00 0.00 3.00 0.00 69.00 0.00 41.00 0.00 0.00 58.00 0.00 0.00 53.00 78.00 21.00 0.00 0.00 81.00 0.00 23.00 94.00 35.00 0.00 82.00 42.00
48 97.00 0.00 55.00 0.00 0.00 0.00 82.00 0.00 46.00 81.00 33.00 8.00 72.00 20.00 89.00 15.00 0.00 0.00 0.00 12.00 0.00 26.00 0.00 0.00 72.00 0.00 86.00 77.00 32.00 80.00 0.00 0.00 40.00 92.00 85.00 0.00 8.00 0.00 41.00 77.00 51.00 77.00 0.00 0.00 0.00 5.00 65.00 82.00 0.00 2.00
49 0.00 53.00 0.00 64.00 6.00 16.00 0.00 21.00 0.00 0.00 23.00 47.00 0.00 0.00 57.00 0.00 0.00 66.00 76.00 0.00 59.00 73.00 0.00 0.00 10.00 27.00 0.00 0.00 0.00 39.00 0.00 14.00 61.00 61.00 81.00 0.00 80.00 14.00 6.00 0.00 0.00 77.00 16.00 30.00 18.00 30.00 0.00 42.00 2.00 0.00
mcp_obj 45
mcp_gap 0
mcp_x 1 0 1 1 1 1 1 1 1 1 1 1 0 1 1 1 1 1 1 1 1 1 1 1 1 1 1 1 0 0 1 1 1 1 1 0 1 1 1 1 1 1 1 1 1 1 1 1 1 1
