NAME N50_rc_0.7_rGamma_1_dc_0.035_dGamma_0.0005_jeu_50_50_8.txt
NUM_ITEMS 50
SOURCE jeu_50_50_8
PARAMETERS
r_c 0.7
r_Gamma 1
d_c 0.035
d_Gamma 0.0005

BOUNDS
c_lb 0.00
c_ub 107.02
Gamma_lb 9
Gamma_ub 12
B_i_1_lb 0.00 0.00 0.00 0.00 0.00 0.00 0.00 0.00 0.00 0.00 0.00 0.00 0.00 0.00 0.00 0.00 0.00 0.00 0.00 0.00 0.00 0.00 0.00 0.00 0.00 0.00 0.00 0.00 0.00 0.00 0.00 0.00 0.00 0.00 0.00 0.00 0.00 0.00 0.00 0.00 0.00 0.00 0.00 0.00 0.00 0.00 0.00 0.00 0.00 0.00
B_i_1_ub 43.92 40.02 46.94 50.53 32.14 46.35 40.23 46.54 41.04 38.36 44.72 38.94 42.20 62.49 49.19 47.14 35.26 36.84 45.85 43.86 49.47 52.16 57.53 36.79 47.16 28.66 41.19 52.12 36.31 31.48 43.03 37.51 36.26 41.71 45.23 29.12 48.34 33.78 43.74 41.21 45.57 42.44 47.17 38.36 38.03 52.96 55.02 44.73 40.53 36.64
B_i_0_lb 0.00 0.00 0.00 0.00 0.00 0.00 0.00 0.00 0.00 0.00 0.00 0.00 0.00 0.00 0.00 0.00 0.00 0.00 0.00 0.00 0.00 0.00 0.00 0.00 0.00 0.00 0.00 0.00 0.00 0.00 0.00 0.00 0.00 0.00 0.00 0.00 0.00 0.00 0.00 0.00 0.00 0.00 0.00 0.00 0.00 0.00 0.00 0.00 0.00 0.00
B_i_0_ub 43.92 40.02 46.94 50.53 32.14 46.49 40.23 46.54 41.04 38.36 44.72 38.94 42.20 62.49 49.19 47.14 35.26 36.84 45.85 44.14 49.47 52.48 58.51 36.79 47.16 28.66 41.19 52.12 36.31 31.48 43.03 37.51 36.26 41.71 45.23 29.12 48.34 33.78 43.74 41.77 45.57 42.48 47.17 38.36 38.03 52.96 55.02 44.90 40.53 36.64
c_i_1_lb 47.60 49.00 46.90 0.00 42.70 46.90 0.00 0.00 11.20 58.80 62.30 42.70 0.00 14.70 0.00 0.00 0.00 0.00 9.10 0.00 0.00 6.30 0.00 0.00 11.90 0.00 0.00 9.80 2.10 42.00 33.60 0.00 0.00 0.00 44.10 0.00 18.20 0.00 1.40 0.00 0.00 64.40 49.00 56.00 0.00 48.30 0.00 0.00 0.00 31.50
c_i_1_ub 91.52 89.02 93.84 50.53 74.84 93.25 40.23 46.54 52.24 97.16 107.02 81.64 42.20 77.19 49.19 47.14 35.26 36.84 54.95 43.86 49.47 58.46 57.53 36.79 59.06 28.66 41.19 61.92 38.41 73.48 76.63 37.51 36.26 41.71 89.33 29.12 66.54 33.78 45.14 41.21 45.57 106.84 96.17 94.36 38.03 101.26 55.02 44.73 40.53 68.14
c_i_0_lb 47.60 49.00 46.90 0.00 42.70 46.90 0.00 0.00 11.20 58.80 62.30 42.70 0.00 14.70 0.00 0.00 0.00 0.00 9.10 0.00 0.00 6.30 0.00 0.00 11.90 0.00 0.00 9.80 2.10 42.00 33.60 0.00 0.00 0.00 44.10 0.00 18.20 0.00 1.40 0.00 0.00 64.40 49.00 56.00 0.00 48.30 0.00 0.00 0.00 31.50
c_i_0_ub 91.52 89.02 93.84 50.53 74.84 93.39 40.23 46.54 52.24 97.16 107.02 81.64 42.20 77.19 49.19 47.14 35.26 36.84 54.95 44.14 49.47 58.78 58.51 36.79 59.06 28.66 41.19 61.92 38.41 73.48 76.63 37.51 36.26 41.71 89.33 29.12 66.54 33.78 45.14 41.77 45.57 106.88 96.17 94.36 38.03 101.26 55.02 44.90 40.53 68.14
c_1_lb 0.00
c_1_ub 107.02
c_0_lb 0.00
c_0_ub 107.02

BOUND_TIMES
k_max_time 0.001110
Gamma_ub_time 0.000070
B_i_1_lb_time 0.002004
B_i_1_ub_time 0.003409
B_i_0_lb_time 0.002423
B_i_0_ub_time 0.003097

DDRO_PARAMETERS
a_0 9
b_0i 0 0 0 0 0 0 0 0 0 0 0 0 0 1 0 0 0 0 0 0 0 0 1 0 0 0 0 0 0 0 0 0 0 0 0 0 0 0 0 0 0 0 0 0 0 0 1 0 0 0
a_i 47.60 49.00 46.90 0.00 42.70 46.90 0.00 0.00 11.20 58.80 62.30 42.70 0.00 14.70 0.00 0.00 0.00 0.00 9.10 0.00 0.00 6.30 0.00 0.00 11.90 0.00 0.00 9.80 2.10 42.00 33.60 0.00 0.00 0.00 44.10 0.00 18.20 0.00 1.40 0.00 0.00 64.40 49.00 56.00 0.00 48.30 0.00 0.00 0.00 31.50
b_ij
0 0.00 0.00 1.93 3.50 0.00 1.37 0.00 0.00 0.00 0.00 0.00 3.22 0.00 2.91 1.51 0.00 0.00 2.38 0.00 0.00 0.00 0.00 1.89 0.00 2.49 0.25 0.95 0.00 0.00 0.84 2.77 3.36 0.00 0.00 2.14 0.00 2.21 0.00 1.54 1.68 2.28 0.00 0.00 2.21 2.10 0.00 0.00 0.00 0.39 0.00
1 0.00 0.00 0.00 3.29 3.33 0.00 3.12 0.42 0.00 0.25 0.00 0.00 0.11 0.77 0.00 0.00 0.00 2.17 2.45 2.59 2.10 0.00 1.93 0.00 0.00 0.84 0.00 0.00 0.00 0.00 0.00 0.88 3.08 0.00 0.00 2.21 3.50 0.00 0.00 0.53 0.00 0.00 3.43 0.00 1.05 0.00 1.37 0.35 0.00 0.25
2 1.93 0.00 0.00 0.00 0.00 0.00 0.00 2.91 0.46 0.00 3.15 0.00 0.00 3.50 0.84 1.72 0.00 0.00 0.00 0.84 0.00 3.29 0.00 0.00 0.00 0.00 1.30 3.40 3.26 0.88 0.00 0.00 2.70 0.00 2.70 0.00 0.00 1.44 1.12 0.00 0.00 2.42 2.91 0.25 3.22 0.00 0.00 0.77 1.93 0.00
3 3.50 3.29 0.00 0.00 0.00 1.54 2.66 0.00 1.40 0.00 1.09 0.00 3.05 3.01 1.19 0.00 0.04 0.00 1.23 0.00 3.43 3.08 0.21 0.00 0.00 0.00 0.00 3.33 2.59 2.35 2.91 0.00 0.67 0.00 2.21 0.00 0.00 0.00 0.00 0.00 0.00 0.81 0.91 0.00 0.00 0.95 1.93 0.00 3.15 0.00
4 0.00 3.33 0.00 0.00 0.00 1.33 0.00 0.00 0.00 0.00 0.00 0.00 0.91 0.00 0.00 2.49 2.00 0.84 0.00 0.00 0.04 0.00 1.37 0.00 0.00 0.00 0.18 0.00 0.00 0.00 2.45 1.40 0.14 0.00 0.00 1.47 0.00 0.00 0.00 2.31 0.39 0.04 0.00 0.00 3.40 0.00 2.59 1.75 0.21 3.50
5 1.37 0.00 0.00 1.54 1.33 0.00 2.35 0.00 0.00 0.00 1.96 0.00 0.00 0.00 0.00 2.73 0.00 3.43 0.00 0.56 2.84 2.28 0.00 0.63 1.96 0.00 0.00 0.00 1.33 0.00 2.35 0.00 2.10 3.33 0.00 0.00 0.00 2.17 1.44 2.87 1.86 2.63 0.00 2.38 0.00 0.00 0.00 0.00 0.56 1.68
6 0.00 3.12 0.00 2.66 0.00 2.35 0.00 0.00 1.75 0.00 1.51 1.54 0.53 0.28 3.01 0.00 1.12 0.00 1.16 0.28 1.68 0.95 0.00 0.00 1.09 0.00 0.00 0.00 0.00 1.65 3.43 0.00 0.00 0.00 0.00 1.16 0.00 0.00 2.73 0.18 0.00 3.43 0.00 0.00 0.98 2.45 0.00 1.19 0.00 0.00
7 0.00 0.42 2.91 0.00 0.00 0.00 0.00 0.00 0.00 1.93 2.35 0.00 0.49 0.00 3.50 0.00 2.49 0.70 2.03 0.63 2.14 1.82 2.00 2.98 2.38 0.00 0.00 0.00 0.00 0.04 0.00 1.58 0.00 0.00 0.00 0.00 0.00 1.86 0.00 0.00 0.18 0.00 2.80 2.63 0.00 3.22 0.00 3.50 0.00 1.96
8 0.00 0.00 0.46 1.40 0.00 0.00 1.75 0.00 0.00 0.00 1.12 0.00 0.00 2.45 0.63 0.07 2.66 1.09 0.00 2.07 0.00 0.35 3.40 1.86 1.05 0.00 0.00 0.00 3.50 0.00 0.00 0.00 0.00 2.70 0.00 0.00 3.40 1.96 1.89 0.00 0.00 0.00 2.70 0.11 0.00 0.00 2.17 0.18 0.00 2.07
9 0.00 0.25 0.00 0.00 0.00 0.00 0.00 1.93 0.00 0.00 1.68 2.21 2.45 1.65 1.02 0.00 1.09 0.00 0.00 0.00 0.14 2.42 0.00 2.03 0.00 0.00 1.05 0.00 0.00 0.70 0.00 0.63 0.00 1.86 1.68 0.00 3.29 0.00 2.35 0.00 2.07 0.00 2.07 0.00 1.58 1.93 0.18 0.00 2.10 0.00
10 0.00 0.00 3.15 1.09 0.00 1.96 1.51 2.35 1.12 1.68 0.00 0.00 2.17 0.00 2.45 0.67 3.22 0.00 0.00 3.43 2.24 0.00 2.98 0.18 2.38 0.63 0.00 0.00 0.00 0.00 0.00 0.00 0.00 1.93 0.00 0.00 2.14 0.00 0.00 0.35 0.00 0.28 0.00 0.00 1.02 1.23 0.00 1.23 3.05 0.28
11 3.22 0.00 0.00 0.00 0.00 0.00 1.54 0.00 0.00 2.21 0.00 0.00 0.25 0.60 0.00 3.50 1.79 0.00 0.84 0.00 0.00 0.00 0.00 0.00 3.19 0.00 0.00 1.72 0.00 0.00 0.00 2.28 0.84 0.00 2.14 0.00 2.24 0.00 2.31 0.00 0.00 1.58 2.84 2.70 0.00 2.66 0.00 0.00 0.00 0.49
12 0.00 0.11 0.00 3.05 0.91 0.00 0.53 0.49 0.00 2.45 2.17 0.25 0.00 0.00 3.26 3.15 3.43 0.00 2.24 0.00 0.00 0.00 2.17 0.00 0.70 0.00 1.37 1.72 0.00 0.77 0.00 0.00 2.66 0.00 0.39 0.00 1.37 0.00 3.05 0.00 0.00 0.00 0.00 0.00 0.14 0.00 2.35 3.47 0.00 0.00
13 2.91 0.77 3.50 3.01 0.00 0.00 0.28 0.00 2.45 1.65 0.00 0.60 0.00 0.00 0.00 0.00 0.00 0.00 1.61 1.75 3.01 2.94 3.50 2.03 3.12 2.87 0.00 2.49 1.51 0.00 1.86 0.00 3.26 0.00 1.54 0.00 0.00 3.08 0.00 0.00 3.29 0.00 1.79 1.96 3.43 0.00 0.00 0.00 2.28 0.00
14 1.51 0.00 0.84 1.19 0.00 0.00 3.01 3.50 0.63 1.02 2.45 0.00 3.26 0.00 0.00 2.00 0.00 0.00 0.00 0.00 3.22 0.00 0.00 0.00 2.31 1.40 0.00 1.82 1.05 0.70 0.00 0.00 0.60 2.42 0.00 0.00 0.00 0.63 0.00 0.60 2.80 2.87 0.00 2.14 0.25 0.70 2.63 0.00 2.98 1.26
15 0.00 0.00 1.72 0.00 2.49 2.73 0.00 0.00 0.07 0.00 0.67 3.50 3.15 0.00 2.00 0.00 0.00 2.98 3.43 0.00 1.23 2.63 0.00 0.00 0.00 0.00 0.00 1.44 0.00 0.00 0.70 0.00 0.00 2.94 0.00 0.00 1.33 0.00 2.77 1.19 0.00 0.00 3.50 0.00 2.77 0.00 2.21 0.39 1.30 0.00
16 0.00 0.00 0.00 0.04 2.00 0.00 1.12 2.49 2.66 1.09 3.22 1.79 3.43 0.00 0.00 0.00 0.00 0.00 2.21 0.00 0.00 0.00 0.00 0.00 1.68 0.00 3.43 0.00 0.00 0.11 0.25 2.56 0.00 0.00 0.00 0.00 0.98 2.84 0.28 0.00 0.70 0.00 0.00 0.00 0.00 0.00 2.38 0.00 0.00 0.00
17 2.38 2.17 0.00 0.00 0.84 3.43 0.00 0.70 1.09 0.00 0.00 0.00 0.00 0.00 0.00 2.98 0.00 0.00 3.36 0.00 0.00 1.54 3.43 0.00 1.33 2.52 0.00 1.75 2.00 1.33 2.03 0.00 0.00 1.09 0.00 1.82 0.00 0.00 0.77 0.00 0.00 0.28 0.00 0.00 0.00 0.00 0.00 0.00 0.00 0.00
18 0.00 2.45 0.00 1.23 0.00 0.00 1.16 2.03 0.00 0.00 0.00 0.84 2.24 1.61 0.00 3.43 2.21 3.36 0.00 2.84 0.00 0.00 0.00 1.47 0.00 0.00 0.00 0.00 0.91 0.00 2.66 0.00 0.00 0.63 0.00 0.00 3.01 0.00 0.00 0.00 1.65 0.77 3.22 1.05 0.00 0.00 2.56 1.02 3.36 0.14
19 0.00 2.59 0.84 0.00 0.00 0.56 0.28 0.63 2.07 0.00 3.43 0.00 0.00 1.75 0.00 0.00 0.00 0.00 2.84 0.00 0.00 0.00 0.00 1.61 0.00 0.14 1.89 1.82 3.19 1.82 2.07 0.00 0.00 0.00 0.49 1.09 0.00 2.84 1.58 1.05 1.79 2.03 1.96 1.54 0.00 0.98 1.40 0.00 0.00 0.00
20 0.00 2.10 0.00 3.43 0.04 2.84 1.68 2.14 0.00 0.14 2.24 0.00 0.00 3.01 3.22 1.23 0.00 0.00 0.00 0.00 0.00 1.47 0.00 0.00 0.00 0.00 2.21 1.19 0.00 0.56 0.00 0.00 0.00 3.36 2.28 0.00 0.00 0.67 3.26 0.07 0.00 0.00 2.35 0.49 0.00 3.29 3.29 2.91 0.00 0.00
21 0.00 0.00 3.29 3.08 0.00 2.28 0.95 1.82 0.35 2.42 0.00 0.00 0.00 2.94 0.00 2.63 0.00 1.54 0.00 0.00 1.47 0.00 0.32 0.56 3.01 0.00 0.00 0.00 0.49 0.00 1.96 0.00 0.84 2.10 2.91 0.00 1.12 0.77 1.65 3.40 1.19 2.42 0.00 0.67 0.00 2.59 0.00 1.61 2.59 0.00
22 1.89 1.93 0.00 0.21 1.37 0.00 0.00 2.00 3.40 0.00 2.98 0.00 2.17 3.50 0.00 0.00 0.00 3.43 0.00 0.00 0.00 0.32 0.00 1.89 0.07 0.00 0.00 2.80 2.14 0.00 0.00 2.84 0.00 1.30 3.26 2.98 0.00 0.00 0.00 1.75 2.17 0.00 0.00 0.98 3.43 1.58 2.70 0.00 2.52 3.43
23 0.00 0.00 0.00 0.00 0.00 0.63 0.00 2.98 1.86 2.03 0.18 0.00 0.00 2.03 0.00 0.00 0.00 0.00 1.47 1.61 0.00 0.56 1.89 0.00 0.63 2.52 0.00 2.70 0.00 1.96 0.00 2.17 0.00 0.00 1.79 0.00 0.63 0.00 0.00 0.35 0.00 2.94 0.00 0.00 0.53 3.12 0.77 0.88 0.00 0.56
24 2.49 0.00 0.00 0.00 0.00 1.96 1.09 2.38 1.05 0.00 2.38 3.19 0.70 3.12 2.31 0.00 1.68 1.33 0.00 0.00 0.00 3.01 0.07 0.63 0.00 0.91 1.12 0.00 0.00 2.00 0.00 2.17 0.00 0.00 0.00 0.00 2.45 0.00 2.56 0.00 2.77 0.00 0.00 0.95 0.00 1.86 0.00 2.59 0.00 0.46
25 0.25 0.84 0.00 0.00 0.00 0.00 0.00 0.00 0.00 0.00 0.63 0.00 0.00 2.87 1.40 0.00 0.00 2.52 0.00 0.14 0.00 0.00 0.00 2.52 0.91 0.00 0.00 2.70 0.00 0.00 0.00 0.00 0.91 0.00 0.35 0.91 1.72 2.77 0.00 0.56 2.73 0.00 0.00 0.00 0.00 0.00 0.00 0.42 2.35 1.16
26 0.95 0.00 1.30 0.00 0.18 0.00 0.00 0.00 0.00 1.05 0.00 0.00 1.37 0.00 0.00 0.00 3.43 0.00 0.00 1.89 2.21 0.00 0.00 0.00 1.12 0.00 0.00 0.00 2.10 0.00 3.40 0.00 0.39 2.42 0.32 0.00 0.00 0.00 2.66 2.49 2.87 1.26 3.33 1.75 3.12 0.00 1.26 0.00 0.00 0.32
27 0.00 0.00 3.40 3.33 0.00 0.00 0.00 0.00 0.00 0.00 0.00 1.72 1.72 2.49 1.82 1.44 0.00 1.75 0.00 1.82 1.19 0.00 2.80 2.70 0.00 2.70 0.00 0.00 2.35 0.00 0.00 2.14 1.40 0.00 0.00 3.36 0.00 0.00 0.00 2.38 2.35 0.56 0.39 0.00 2.17 2.63 2.35 0.00 1.16 0.00
28 0.00 0.00 3.26 2.59 0.00 1.33 0.00 0.00 3.50 0.00 0.00 0.00 0.00 1.51 1.05 0.00 0.00 2.00 0.91 3.19 0.00 0.49 2.14 0.00 0.00 0.00 2.10 2.35 0.00 0.00 0.00 2.91 0.00 2.07 0.00 0.42 0.00 0.00 0.14 0.53 0.00 1.33 0.00 0.46 0.00 0.00 2.03 0.00 0.00 0.00
29 0.84 0.00 0.88 2.35 0.00 0.00 1.65 0.04 0.00 0.70 0.00 0.00 0.77 0.00 0.70 0.00 0.11 1.33 0.00 1.82 0.56 0.00 0.00 1.96 2.00 0.00 0.00 0.00 0.00 0.00 0.00 0.00 0.00 0.00 3.05 1.89 1.33 0.00 0.00 2.56 0.35 0.63 0.49 0.00 0.00 3.08 2.07 0.00 0.32 0.00
30 2.77 0.00 0.00 2.91 2.45 2.35 3.43 0.00 0.00 0.00 0.00 0.00 0.00 1.86 0.00 0.70 0.25 2.03 2.66 2.07 0.00 1.96 0.00 0.00 0.00 0.00 3.40 0.00 0.00 0.00 0.00 1.47 0.00 0.63 0.00 1.16 0.00 0.00 0.00 0.42 2.73 0.00 0.00 0.00 0.00 3.19 1.72 0.00 2.87 0.00
31 3.36 0.88 0.00 0.00 1.40 0.00 0.00 1.58 0.00 0.63 0.00 2.28 0.00 0.00 0.00 0.00 2.56 0.00 0.00 0.00 0.00 0.00 2.84 2.17 2.17 0.00 0.00 2.14 2.91 0.00 1.47 0.00 1.51 1.65 0.00 0.00 1.75 0.00 0.00 0.00 0.00 0.00 0.00 2.77 0.14 0.95 2.35 0.00 0.00 0.00
32 0.00 3.08 2.70 0.67 0.14 2.10 0.00 0.00 0.00 0.00 0.00 0.84 2.66 3.26 0.60 0.00 0.00 0.00 0.00 0.00 0.00 0.84 0.00 0.00 0.00 0.91 0.39 1.40 0.00 0.00 0.00 1.51 0.00 0.00 0.53 0.00 1.93 2.28 1.02 0.00 3.33 0.46 0.00 0.00 0.00 0.00 0.00 2.98 0.00 2.63
33 0.00 0.00 0.00 0.00 0.00 3.33 0.00 0.00 2.70 1.86 1.93 0.00 0.00 0.00 2.42 2.94 0.00 1.09 0.63 0.00 3.36 2.10 1.30 0.00 0.00 0.00 2.42 0.00 2.07 0.00 0.63 1.65 0.00 0.00 0.00 0.00 0.35 0.00 0.00 3.05 0.00 1.89 1.05 2.80 0.00 2.14 0.00 0.00 0.00 0.00
34 2.14 0.00 2.70 2.21 0.00 0.00 0.00 0.00 0.00 1.68 0.00 2.14 0.39 1.54 0.00 0.00 0.00 0.00 0.00 0.49 2.28 2.91 3.26 1.79 0.00 0.35 0.32 0.00 0.00 3.05 0.00 0.00 0.53 0.00 0.00 0.00 2.14 0.56 2.56 0.00 2.10 0.84 0.00 0.00 0.00 2.56 1.68 2.98 2.03 0.00
35 0.00 2.21 0.00 0.00 1.47 0.00 1.16 0.00 0.00 0.00 0.00 0.00 0.00 0.00 0.00 0.00 0.00 1.82 0.00 1.09 0.00 0.00 2.98 0.00 0.00 0.91 0.00 3.36 0.42 1.89 1.16 0.00 0.00 0.00 0.00 0.00 0.00 0.00 0.00 0.00 0.00 1.89 1.65 0.00 1.68 0.00 3.01 2.42 0.00 0.00
36 2.21 3.50 0.00 0.00 0.00 0.00 0.00 0.00 3.40 3.29 2.14 2.24 1.37 0.00 0.00 1.33 0.98 0.00 3.01 0.00 0.00 1.12 0.00 0.63 2.45 1.72 0.00 0.00 0.00 1.33 0.00 1.75 1.93 0.35 2.14 0.00 0.00 2.10 2.73 0.14 0.00 0.00 0.00 0.00 0.00 0.00 2.38 2.70 1.40 0.00
37 0.00 0.00 1.44 0.00 0.00 2.17 0.00 1.86 1.96 0.00 0.00 0.00 0.00 3.08 0.63 0.00 2.84 0.00 0.00 2.84 0.67 0.77 0.00 0.00 0.00 2.77 0.00 0.00 0.00 0.00 0.00 0.00 2.28 0.00 0.56 0.00 2.10 0.00 0.00 3.47 0.00 1.68 0.00 0.70 0.00 0.00 0.00 0.00 0.00 1.96
38 1.54 0.00 1.12 0.00 0.00 1.44 2.73 0.00 1.89 2.35 0.00 2.31 3.05 0.00 0.00 2.77 0.28 0.77 0.00 1.58 3.26 1.65 0.00 0.00 2.56 0.00 2.66 0.00 0.14 0.00 0.00 0.00 1.02 0.00 2.56 0.00 2.73 0.00 0.00 0.00 0.00 0.00 0.00 0.00 0.00 0.00 1.09 3.43 0.81 0.00
39 1.68 0.53 0.00 0.00 2.31 2.87 0.18 0.00 0.00 0.00 0.35 0.00 0.00 0.00 0.60 1.19 0.00 0.00 0.00 1.05 0.07 3.40 1.75 0.35 0.00 0.56 2.49 2.38 0.53 2.56 0.42 0.00 0.00 3.05 0.00 0.00 0.14 3.47 0.00 0.00 0.00 0.00 2.14 1.40 2.66 0.00 0.00 3.22 0.00 0.81
40 2.28 0.00 0.00 0.00 0.39 1.86 0.00 0.18 0.00 2.07 0.00 0.00 0.00 3.29 2.80 0.00 0.70 0.00 1.65 1.79 0.00 1.19 2.17 0.00 2.77 2.73 2.87 2.35 0.00 0.35 2.73 0.00 3.33 0.00 2.10 0.00 0.00 0.00 0.00 0.00 0.00 0.32 1.51 0.00 1.23 1.12 0.00 1.79 0.00 0.00
41 0.00 0.00 2.42 0.81 0.04 2.63 3.43 0.00 0.00 0.00 0.28 1.58 0.00 0.00 2.87 0.00 0.00 0.28 0.77 2.03 0.00 2.42 0.00 2.94 0.00 0.00 1.26 0.56 1.33 0.63 0.00 0.00 0.46 1.89 0.84 1.89 0.00 1.68 0.00 0.00 0.32 0.00 0.00 2.59 0.00 3.19 0.00 0.39 0.32 2.63
42 0.00 3.43 2.91 0.91 0.00 0.00 0.00 2.80 2.70 2.07 0.00 2.84 0.00 1.79 0.00 3.50 0.00 0.00 3.22 1.96 2.35 0.00 0.00 0.00 0.00 0.00 3.33 0.39 0.00 0.49 0.00 0.00 0.00 1.05 0.00 1.65 0.00 0.00 0.00 2.14 1.51 0.00 0.00 0.00 0.00 2.24 0.00 0.00 0.91 2.98
43 2.21 0.00 0.25 0.00 0.00 2.38 0.00 2.63 0.11 0.00 0.00 2.70 0.00 1.96 2.14 0.00 0.00 0.00 1.05 1.54 0.49 0.67 0.98 0.00 0.95 0.00 1.75 0.00 0.46 0.00 0.00 2.77 0.00 2.80 0.00 0.00 0.00 0.70 0.00 1.40 0.00 2.59 0.00 0.00 0.00 1.37 3.05 1.16 0.25 0.00
44 2.10 1.05 3.22 0.00 3.40 0.00 0.98 0.00 0.00 1.58 1.02 0.00 0.14 3.43 0.25 2.77 0.00 0.00 0.00 0.00 0.00 0.00 3.43 0.53 0.00 0.00 3.12 2.17 0.00 0.00 0.00 0.14 0.00 0.00 0.00 1.68 0.00 0.00 0.00 2.66 1.23 0.00 0.00 0.00 0.00 0.25 0.00 0.00 0.32 2.70
45 0.00 0.00 0.00 0.95 0.00 0.00 2.45 3.22 0.00 1.93 1.23 2.66 0.00 0.00 0.70 0.00 0.00 0.00 0.00 0.98 3.29 2.59 1.58 3.12 1.86 0.00 0.00 2.63 0.00 3.08 3.19 0.95 0.00 2.14 2.56 0.00 0.00 0.00 0.00 0.00 1.12 3.19 2.24 1.37 0.25 0.00 0.91 1.75 0.00 1.02
46 0.00 1.37 0.00 1.93 2.59 0.00 0.00 0.00 2.17 0.18 0.00 0.00 2.35 0.00 2.63 2.21 2.38 0.00 2.56 1.40 3.29 0.00 2.70 0.77 0.00 0.00 1.26 2.35 2.03 2.07 1.72 2.35 0.00 0.00 1.68 3.01 2.38 0.00 1.09 0.00 0.00 0.00 0.00 3.05 0.00 0.91 0.00 0.00 0.00 2.77
47 0.00 0.35 0.77 0.00 1.75 0.00 1.19 3.50 0.18 0.00 1.23 0.00 3.47 0.00 0.00 0.39 0.00 0.00 1.02 0.00 2.91 1.61 0.00 0.88 2.59 0.42 0.00 0.00 0.00 0.00 0.00 0.00 2.98 0.00 2.98 2.42 2.70 0.00 3.43 3.22 1.79 0.39 0.00 1.16 0.00 1.75 0.00 0.00 0.00 0.00
48 0.39 0.00 1.93 3.15 0.21 0.56 0.00 0.00 0.00 2.10 3.05 0.00 0.00 2.28 2.98 1.30 0.00 0.00 3.36 0.00 0.00 2.59 2.52 0.00 0.00 2.35 0.00 1.16 0.00 0.32 2.87 0.00 0.00 0.00 2.03 0.00 1.40 0.00 0.81 0.00 0.00 0.32 0.91 0.25 0.32 0.00 0.00 0.00 0.00 1.58
49 0.00 0.25 0.00 0.00 3.50 1.68 0.00 1.96 2.07 0.00 0.28 0.49 0.00 0.00 1.26 0.00 0.00 0.00 0.14 0.00 0.00 0.00 3.43 0.56 0.46 1.16 0.32 0.00 0.00 0.00 0.00 0.00 2.63 0.00 0.00 0.00 0.00 1.96 0.00 0.81 0.00 2.63 2.98 0.00 2.70 1.02 2.77 0.00 1.58 0.00

ITEMS
nominal_profits 68.00 70.00 67.00 0.00 61.00 67.00 0.00 0.00 16.00 84.00 89.00 61.00 0.00 21.00 0.00 0.00 0.00 0.00 13.00 0.00 0.00 9.00 0.00 0.00 17.00 0.00 0.00 14.00 3.00 60.00 48.00 0.00 0.00 0.00 63.00 0.00 26.00 0.00 2.00 0.00 0.00 92.00 70.00 80.00 0.00 69.00 0.00 0.00 0.00 45.00
weights 42 42 24 12 42 13 18 24 8 40 38 9 6 24 8 35 10 26 8 14 19 40 34 22 5 33 32 10 44 18 27 47 15 12 5 29 18 13 26 50 24 41 2 36 7 15 13 14 7 33
capacity 615
k_max 37

COMMENTS
original_pairwise_profits
0 0.00 0.00 55.00 100.00 0.00 39.00 0.00 0.00 0.00 0.00 0.00 92.00 0.00 83.00 43.00 0.00 0.00 68.00 0.00 0.00 0.00 0.00 54.00 0.00 71.00 7.00 27.00 0.00 0.00 24.00 79.00 96.00 0.00 0.00 61.00 0.00 63.00 0.00 44.00 48.00 65.00 0.00 0.00 63.00 60.00 0.00 0.00 0.00 11.00 0.00
1 0.00 0.00 0.00 94.00 95.00 0.00 89.00 12.00 0.00 7.00 0.00 0.00 3.00 22.00 0.00 0.00 0.00 62.00 70.00 74.00 60.00 0.00 55.00 0.00 0.00 24.00 0.00 0.00 0.00 0.00 0.00 25.00 88.00 0.00 0.00 63.00 100.00 0.00 0.00 15.00 0.00 0.00 98.00 0.00 30.00 0.00 39.00 10.00 0.00 7.00
2 55.00 0.00 0.00 0.00 0.00 0.00 0.00 83.00 13.00 0.00 90.00 0.00 0.00 100.00 24.00 49.00 0.00 0.00 0.00 24.00 0.00 94.00 0.00 0.00 0.00 0.00 37.00 97.00 93.00 25.00 0.00 0.00 77.00 0.00 77.00 0.00 0.00 41.00 32.00 0.00 0.00 69.00 83.00 7.00 92.00 0.00 0.00 22.00 55.00 0.00
3 100.00 94.00 0.00 0.00 0.00 44.00 76.00 0.00 40.00 0.00 31.00 0.00 87.00 86.00 34.00 0.00 1.00 0.00 35.00 0.00 98.00 88.00 6.00 0.00 0.00 0.00 0.00 95.00 74.00 67.00 83.00 0.00 19.00 0.00 63.00 0.00 0.00 0.00 0.00 0.00 0.00 23.00 26.00 0.00 0.00 27.00 55.00 0.00 90.00 0.00
4 0.00 95.00 0.00 0.00 0.00 38.00 0.00 0.00 0.00 0.00 0.00 0.00 26.00 0.00 0.00 71.00 57.00 24.00 0.00 0.00 1.00 0.00 39.00 0.00 0.00 0.00 5.00 0.00 0.00 0.00 70.00 40.00 4.00 0.00 0.00 42.00 0.00 0.00 0.00 66.00 11.00 1.00 0.00 0.00 97.00 0.00 74.00 50.00 6.00 100.00
5 39.00 0.00 0.00 44.00 38.00 0.00 67.00 0.00 0.00 0.00 56.00 0.00 0.00 0.00 0.00 78.00 0.00 98.00 0.00 16.00 81.00 65.00 0.00 18.00 56.00 0.00 0.00 0.00 38.00 0.00 67.00 0.00 60.00 95.00 0.00 0.00 0.00 62.00 41.00 82.00 53.00 75.00 0.00 68.00 0.00 0.00 0.00 0.00 16.00 48.00
6 0.00 89.00 0.00 76.00 0.00 67.00 0.00 0.00 50.00 0.00 43.00 44.00 15.00 8.00 86.00 0.00 32.00 0.00 33.00 8.00 48.00 27.00 0.00 0.00 31.00 0.00 0.00 0.00 0.00 47.00 98.00 0.00 0.00 0.00 0.00 33.00 0.00 0.00 78.00 5.00 0.00 98.00 0.00 0.00 28.00 70.00 0.00 34.00 0.00 0.00
7 0.00 12.00 83.00 0.00 0.00 0.00 0.00 0.00 0.00 55.00 67.00 0.00 14.00 0.00 100.00 0.00 71.00 20.00 58.00 18.00 61.00 52.00 57.00 85.00 68.00 0.00 0.00 0.00 0.00 1.00 0.00 45.00 0.00 0.00 0.00 0.00 0.00 53.00 0.00 0.00 5.00 0.00 80.00 75.00 0.00 92.00 0.00 100.00 0.00 56.00
8 0.00 0.00 13.00 40.00 0.00 0.00 50.00 0.00 0.00 0.00 32.00 0.00 0.00 70.00 18.00 2.00 76.00 31.00 0.00 59.00 0.00 10.00 97.00 53.00 30.00 0.00 0.00 0.00 100.00 0.00 0.00 0.00 0.00 77.00 0.00 0.00 97.00 56.00 54.00 0.00 0.00 0.00 77.00 3.00 0.00 0.00 62.00 5.00 0.00 59.00
9 0.00 7.00 0.00 0.00 0.00 0.00 0.00 55.00 0.00 0.00 48.00 63.00 70.00 47.00 29.00 0.00 31.00 0.00 0.00 0.00 4.00 69.00 0.00 58.00 0.00 0.00 30.00 0.00 0.00 20.00 0.00 18.00 0.00 53.00 48.00 0.00 94.00 0.00 67.00 0.00 59.00 0.00 59.00 0.00 45.00 55.00 5.00 0.00 60.00 0.00
10 0.00 0.00 90.00 31.00 0.00 56.00 43.00 67.00 32.00 48.00 0.00 0.00 62.00 0.00 70.00 19.00 92.00 0.00 0.00 98.00 64.00 0.00 85.00 5.00 68.00 18.00 0.00 0.00 0.00 0.00 0.00 0.00 0.00 55.00 0.00 0.00 61.00 0.00 0.00 10.00 0.00 8.00 0.00 0.00 29.00 35.00 0.00 35.00 87.00 8.00
11 92.00 0.00 0.00 0.00 0.00 0.00 44.00 0.00 0.00 63.00 0.00 0.00 7.00 17.00 0.00 100.00 51.00 0.00 24.00 0.00 0.00 0.00 0.00 0.00 91.00 0.00 0.00 49.00 0.00 0.00 0.00 65.00 24.00 0.00 61.00 0.00 64.00 0.00 66.00 0.00 0.00 45.00 81.00 77.00 0.00 76.00 0.00 0.00 0.00 14.00
12 0.00 3.00 0.00 87.00 26.00 0.00 15.00 14.00 0.00 70.00 62.00 7.00 0.00 0.00 93.00 90.00 98.00 0.00 64.00 0.00 0.00 0.00 62.00 0.00 20.00 0.00 39.00 49.00 0.00 22.00 0.00 0.00 76.00 0.00 11.00 0.00 39.00 0.00 87.00 0.00 0.00 0.00 0.00 0.00 4.00 0.00 67.00 99.00 0.00 0.00
13 83.00 22.00 100.00 86.00 0.00 0.00 8.00 0.00 70.00 47.00 0.00 17.00 0.00 0.00 0.00 0.00 0.00 0.00 46.00 50.00 86.00 84.00 100.00 58.00 89.00 82.00 0.00 71.00 43.00 0.00 53.00 0.00 93.00 0.00 44.00 0.00 0.00 88.00 0.00 0.00 94.00 0.00 51.00 56.00 98.00 0.00 0.00 0.00 65.00 0.00
14 43.00 0.00 24.00 34.00 0.00 0.00 86.00 100.00 18.00 29.00 70.00 0.00 93.00 0.00 0.00 57.00 0.00 0.00 0.00 0.00 92.00 0.00 0.00 0.00 66.00 40.00 0.00 52.00 30.00 20.00 0.00 0.00 17.00 69.00 0.00 0.00 0.00 18.00 0.00 17.00 80.00 82.00 0.00 61.00 7.00 20.00 75.00 0.00 85.00 36.00
15 0.00 0.00 49.00 0.00 71.00 78.00 0.00 0.00 2.00 0.00 19.00 100.00 90.00 0.00 57.00 0.00 0.00 85.00 98.00 0.00 35.00 75.00 0.00 0.00 0.00 0.00 0.00 41.00 0.00 0.00 20.00 0.00 0.00 84.00 0.00 0.00 38.00 0.00 79.00 34.00 0.00 0.00 100.00 0.00 79.00 0.00 63.00 11.00 37.00 0.00
16 0.00 0.00 0.00 1.00 57.00 0.00 32.00 71.00 76.00 31.00 92.00 51.00 98.00 0.00 0.00 0.00 0.00 0.00 63.00 0.00 0.00 0.00 0.00 0.00 48.00 0.00 98.00 0.00 0.00 3.00 7.00 73.00 0.00 0.00 0.00 0.00 28.00 81.00 8.00 0.00 20.00 0.00 0.00 0.00 0.00 0.00 68.00 0.00 0.00 0.00
17 68.00 62.00 0.00 0.00 24.00 98.00 0.00 20.00 31.00 0.00 0.00 0.00 0.00 0.00 0.00 85.00 0.00 0.00 96.00 0.00 0.00 44.00 98.00 0.00 38.00 72.00 0.00 50.00 57.00 38.00 58.00 0.00 0.00 31.00 0.00 52.00 0.00 0.00 22.00 0.00 0.00 8.00 0.00 0.00 0.00 0.00 0.00 0.00 0.00 0.00
18 0.00 70.00 0.00 35.00 0.00 0.00 33.00 58.00 0.00 0.00 0.00 24.00 64.00 46.00 0.00 98.00 63.00 96.00 0.00 81.00 0.00 0.00 0.00 42.00 0.00 0.00 0.00 0.00 26.00 0.00 76.00 0.00 0.00 18.00 0.00 0.00 86.00 0.00 0.00 0.00 47.00 22.00 92.00 30.00 0.00 0.00 73.00 29.00 96.00 4.00
19 0.00 74.00 24.00 0.00 0.00 16.00 8.00 18.00 59.00 0.00 98.00 0.00 0.00 50.00 0.00 0.00 0.00 0.00 81.00 0.00 0.00 0.00 0.00 46.00 0.00 4.00 54.00 52.00 91.00 52.00 59.00 0.00 0.00 0.00 14.00 31.00 0.00 81.00 45.00 30.00 51.00 58.00 56.00 44.00 0.00 28.00 40.00 0.00 0.00 0.00
20 0.00 60.00 0.00 98.00 1.00 81.00 48.00 61.00 0.00 4.00 64.00 0.00 0.00 86.00 92.00 35.00 0.00 0.00 0.00 0.00 0.00 42.00 0.00 0.00 0.00 0.00 63.00 34.00 0.00 16.00 0.00 0.00 0.00 96.00 65.00 0.00 0.00 19.00 93.00 2.00 0.00 0.00 67.00 14.00 0.00 94.00 94.00 83.00 0.00 0.00
21 0.00 0.00 94.00 88.00 0.00 65.00 27.00 52.00 10.00 69.00 0.00 0.00 0.00 84.00 0.00 75.00 0.00 44.00 0.00 0.00 42.00 0.00 9.00 16.00 86.00 0.00 0.00 0.00 14.00 0.00 56.00 0.00 24.00 60.00 83.00 0.00 32.00 22.00 47.00 97.00 34.00 69.00 0.00 19.00 0.00 74.00 0.00 46.00 74.00 0.00
22 54.00 55.00 0.00 6.00 39.00 0.00 0.00 57.00 97.00 0.00 85.00 0.00 62.00 100.00 0.00 0.00 0.00 98.00 0.00 0.00 0.00 9.00 0.00 54.00 2.00 0.00 0.00 80.00 61.00 0.00 0.00 81.00 0.00 37.00 93.00 85.00 0.00 0.00 0.00 50.00 62.00 0.00 0.00 28.00 98.00 45.00 77.00 0.00 72.00 98.00
23 0.00 0.00 0.00 0.00 0.00 18.00 0.00 85.00 53.00 58.00 5.00 0.00 0.00 58.00 0.00 0.00 0.00 0.00 42.00 46.00 0.00 16.00 54.00 0.00 18.00 72.00 0.00 77.00 0.00 56.00 0.00 62.00 0.00 0.00 51.00 0.00 18.00 0.00 0.00 10.00 0.00 84.00 0.00 0.00 15.00 89.00 22.00 25.00 0.00 16.00
24 71.00 0.00 0.00 0.00 0.00 56.00 31.00 68.00 30.00 0.00 68.00 91.00 20.00 89.00 66.00 0.00 48.00 38.00 0.00 0.00 0.00 86.00 2.00 18.00 0.00 26.00 32.00 0.00 0.00 57.00 0.00 62.00 0.00 0.00 0.00 0.00 70.00 0.00 73.00 0.00 79.00 0.00 0.00 27.00 0.00 53.00 0.00 74.00 0.00 13.00
25 7.00 24.00 0.00 0.00 0.00 0.00 0.00 0.00 0.00 0.00 18.00 0.00 0.00 82.00 40.00 0.00 0.00 72.00 0.00 4.00 0.00 0.00 0.00 72.00 26.00 0.00 0.00 77.00 0.00 0.00 0.00 0.00 26.00 0.00 10.00 26.00 49.00 79.00 0.00 16.00 78.00 0.00 0.00 0.00 0.00 0.00 0.00 12.00 67.00 33.00
26 27.00 0.00 37.00 0.00 5.00 0.00 0.00 0.00 0.00 30.00 0.00 0.00 39.00 0.00 0.00 0.00 98.00 0.00 0.00 54.00 63.00 0.00 0.00 0.00 32.00 0.00 0.00 0.00 60.00 0.00 97.00 0.00 11.00 69.00 9.00 0.00 0.00 0.00 76.00 71.00 82.00 36.00 95.00 50.00 89.00 0.00 36.00 0.00 0.00 9.00
27 0.00 0.00 97.00 95.00 0.00 0.00 0.00 0.00 0.00 0.00 0.00 49.00 49.00 71.00 52.00 41.00 0.00 50.00 0.00 52.00 34.00 0.00 80.00 77.00 0.00 77.00 0.00 0.00 67.00 0.00 0.00 61.00 40.00 0.00 0.00 96.00 0.00 0.00 0.00 68.00 67.00 16.00 11.00 0.00 62.00 75.00 67.00 0.00 33.00 0.00
28 0.00 0.00 93.00 74.00 0.00 38.00 0.00 0.00 100.00 0.00 0.00 0.00 0.00 43.00 30.00 0.00 0.00 57.00 26.00 91.00 0.00 14.00 61.00 0.00 0.00 0.00 60.00 67.00 0.00 0.00 0.00 83.00 0.00 59.00 0.00 12.00 0.00 0.00 4.00 15.00 0.00 38.00 0.00 13.00 0.00 0.00 58.00 0.00 0.00 0.00
29 24.00 0.00 25.00 67.00 0.00 0.00 47.00 1.00 0.00 20.00 0.00 0.00 22.00 0.00 20.00 0.00 3.00 38.00 0.00 52.00 16.00 0.00 0.00 56.00 57.00 0.00 0.00 0.00 0.00 0.00 0.00 0.00 0.00 0.00 87.00 54.00 38.00 0.00 0.00 73.00 10.00 18.00 14.00 0.00 0.00 88.00 59.00 0.00 9.00 0.00
30 79.00 0.00 0.00 83.00 70.00 67.00 98.00 0.00 0.00 0.00 0.00 0.00 0.00 53.00 0.00 20.00 7.00 58.00 76.00 59.00 0.00 56.00 0.00 0.00 0.00 0.00 97.00 0.00 0.00 0.00 0.00 42.00 0.00 18.00 0.00 33.00 0.00 0.00 0.00 12.00 78.00 0.00 0.00 0.00 0.00 91.00 49.00 0.00 82.00 0.00
31 96.00 25.00 0.00 0.00 40.00 0.00 0.00 45.00 0.00 18.00 0.00 65.00 0.00 0.00 0.00 0.00 73.00 0.00 0.00 0.00 0.00 0.00 81.00 62.00 62.00 0.00 0.00 61.00 83.00 0.00 42.00 0.00 43.00 47.00 0.00 0.00 50.00 0.00 0.00 0.00 0.00 0.00 0.00 79.00 4.00 27.00 67.00 0.00 0.00 0.00
32 0.00 88.00 77.00 19.00 4.00 60.00 0.00 0.00 0.00 0.00 0.00 24.00 76.00 93.00 17.00 0.00 0.00 0.00 0.00 0.00 0.00 24.00 0.00 0.00 0.00 26.00 11.00 40.00 0.00 0.00 0.00 43.00 0.00 0.00 15.00 0.00 55.00 65.00 29.00 0.00 95.00 13.00 0.00 0.00 0.00 0.00 0.00 85.00 0.00 75.00
33 0.00 0.00 0.00 0.00 0.00 95.00 0.00 0.00 77.00 53.00 55.00 0.00 0.00 0.00 69.00 84.00 0.00 31.00 18.00 0.00 96.00 60.00 37.00 0.00 0.00 0.00 69.00 0.00 59.00 0.00 18.00 47.00 0.00 0.00 0.00 0.00 10.00 0.00 0.00 87.00 0.00 54.00 30.00 80.00 0.00 61.00 0.00 0.00 0.00 0.00
34 61.00 0.00 77.00 63.00 0.00 0.00 0.00 0.00 0.00 48.00 0.00 61.00 11.00 44.00 0.00 0.00 0.00 0.00 0.00 14.00 65.00 83.00 93.00 51.00 0.00 10.00 9.00 0.00 0.00 87.00 0.00 0.00 15.00 0.00 0.00 0.00 61.00 16.00 73.00 0.00 60.00 24.00 0.00 0.00 0.00 73.00 48.00 85.00 58.00 0.00
35 0.00 63.00 0.00 0.00 42.00 0.00 33.00 0.00 0.00 0.00 0.00 0.00 0.00 0.00 0.00 0.00 0.00 52.00 0.00 31.00 0.00 0.00 85.00 0.00 0.00 26.00 0.00 96.00 12.00 54.00 33.00 0.00 0.00 0.00 0.00 0.00 0.00 0.00 0.00 0.00 0.00 54.00 47.00 0.00 48.00 0.00 86.00 69.00 0.00 0.00
36 63.00 100.00 0.00 0.00 0.00 0.00 0.00 0.00 97.00 94.00 61.00 64.00 39.00 0.00 0.00 38.00 28.00 0.00 86.00 0.00 0.00 32.00 0.00 18.00 70.00 49.00 0.00 0.00 0.00 38.00 0.00 50.00 55.00 10.00 61.00 0.00 0.00 60.00 78.00 4.00 0.00 0.00 0.00 0.00 0.00 0.00 68.00 77.00 40.00 0.00
37 0.00 0.00 41.00 0.00 0.00 62.00 0.00 53.00 56.00 0.00 0.00 0.00 0.00 88.00 18.00 0.00 81.00 0.00 0.00 81.00 19.00 22.00 0.00 0.00 0.00 79.00 0.00 0.00 0.00 0.00 0.00 0.00 65.00 0.00 16.00 0.00 60.00 0.00 0.00 99.00 0.00 48.00 0.00 20.00 0.00 0.00 0.00 0.00 0.00 56.00
38 44.00 0.00 32.00 0.00 0.00 41.00 78.00 0.00 54.00 67.00 0.00 66.00 87.00 0.00 0.00 79.00 8.00 22.00 0.00 45.00 93.00 47.00 0.00 0.00 73.00 0.00 76.00 0.00 4.00 0.00 0.00 0.00 29.00 0.00 73.00 0.00 78.00 0.00 0.00 0.00 0.00 0.00 0.00 0.00 0.00 0.00 31.00 98.00 23.00 0.00
39 48.00 15.00 0.00 0.00 66.00 82.00 5.00 0.00 0.00 0.00 10.00 0.00 0.00 0.00 17.00 34.00 0.00 0.00 0.00 30.00 2.00 97.00 50.00 10.00 0.00 16.00 71.00 68.00 15.00 73.00 12.00 0.00 0.00 87.00 0.00 0.00 4.00 99.00 0.00 0.00 0.00 0.00 61.00 40.00 76.00 0.00 0.00 92.00 0.00 23.00
40 65.00 0.00 0.00 0.00 11.00 53.00 0.00 5.00 0.00 59.00 0.00 0.00 0.00 94.00 80.00 0.00 20.00 0.00 47.00 51.00 0.00 34.00 62.00 0.00 79.00 78.00 82.00 67.00 0.00 10.00 78.00 0.00 95.00 0.00 60.00 0.00 0.00 0.00 0.00 0.00 0.00 9.00 43.00 0.00 35.00 32.00 0.00 51.00 0.00 0.00
41 0.00 0.00 69.00 23.00 1.00 75.00 98.00 0.00 0.00 0.00 8.00 45.00 0.00 0.00 82.00 0.00 0.00 8.00 22.00 58.00 0.00 69.00 0.00 84.00 0.00 0.00 36.00 16.00 38.00 18.00 0.00 0.00 13.00 54.00 24.00 54.00 0.00 48.00 0.00 0.00 9.00 0.00 0.00 74.00 0.00 91.00 0.00 11.00 9.00 75.00
42 0.00 98.00 83.00 26.00 0.00 0.00 0.00 80.00 77.00 59.00 0.00 81.00 0.00 51.00 0.00 100.00 0.00 0.00 92.00 56.00 67.00 0.00 0.00 0.00 0.00 0.00 95.00 11.00 0.00 14.00 0.00 0.00 0.00 30.00 0.00 47.00 0.00 0.00 0.00 61.00 43.00 0.00 0.00 0.00 0.00 64.00 0.00 0.00 26.00 85.00
43 63.00 0.00 7.00 0.00 0.00 68.00 0.00 75.00 3.00 0.00 0.00 77.00 0.00 56.00 61.00 0.00 0.00 0.00 30.00 44.00 14.00 19.00 28.00 0.00 27.00 0.00 50.00 0.00 13.00 0.00 0.00 79.00 0.00 80.00 0.00 0.00 0.00 20.00 0.00 40.00 0.00 74.00 0.00 0.00 0.00 39.00 87.00 33.00 7.00 0.00
44 60.00 30.00 92.00 0.00 97.00 0.00 28.00 0.00 0.00 45.00 29.00 0.00 4.00 98.00 7.00 79.00 0.00 0.00 0.00 0.00 0.00 0.00 98.00 15.00 0.00 0.00 89.00 62.00 0.00 0.00 0.00 4.00 0.00 0.00 0.00 48.00 0.00 0.00 0.00 76.00 35.00 0.00 0.00 0.00 0.00 7.00 0.00 0.00 9.00 77.00
45 0.00 0.00 0.00 27.00 0.00 0.00 70.00 92.00 0.00 55.00 35.00 76.00 0.00 0.00 20.00 0.00 0.00 0.00 0.00 28.00 94.00 74.00 45.00 89.00 53.00 0.00 0.00 75.00 0.00 88.00 91.00 27.00 0.00 61.00 73.00 0.00 0.00 0.00 0.00 0.00 32.00 91.00 64.00 39.00 7.00 0.00 26.00 50.00 0.00 29.00
46 0.00 39.00 0.00 55.00 74.00 0.00 0.00 0.00 62.00 5.00 0.00 0.00 67.00 0.00 75.00 63.00 68.00 0.00 73.00 40.00 94.00 0.00 77.00 22.00 0.00 0.00 36.00 67.00 58.00 59.00 49.00 67.00 0.00 0.00 48.00 86.00 68.00 0.00 31.00 0.00 0.00 0.00 0.00 87.00 0.00 26.00 0.00 0.00 0.00 79.00
47 0.00 10.00 22.00 0.00 50.00 0.00 34.00 100.00 5.00 0.00 35.00 0.00 99.00 0.00 0.00 11.00 0.00 0.00 29.00 0.00 83.00 46.00 0.00 25.00 74.00 12.00 0.00 0.00 0.00 0.00 0.00 0.00 85.00 0.00 85.00 69.00 77.00 0.00 98.00 92.00 51.00 11.00 0.00 33.00 0.00 50.00 0.00 0.00 0.00 0.00
48 11.00 0.00 55.00 90.00 6.00 16.00 0.00 0.00 0.00 60.00 87.00 0.00 0.00 65.00 85.00 37.00 0.00 0.00 96.00 0.00 0.00 74.00 72.00 0.00 0.00 67.00 0.00 33.00 0.00 9.00 82.00 0.00 0.00 0.00 58.00 0.00 40.00 0.00 23.00 0.00 0.00 9.00 26.00 7.00 9.00 0.00 0.00 0.00 0.00 45.00
49 0.00 7.00 0.00 0.00 100.00 48.00 0.00 56.00 59.00 0.00 8.00 14.00 0.00 0.00 36.00 0.00 0.00 0.00 4.00 0.00 0.00 0.00 98.00 16.00 13.00 33.00 9.00 0.00 0.00 0.00 0.00 0.00 75.00 0.00 0.00 0.00 0.00 56.00 0.00 23.00 0.00 75.00 85.00 0.00 77.00 29.00 79.00 0.00 45.00 0.00
mcp_obj 37
mcp_gap 0
mcp_x 0 0 1 1 0 1 1 1 1 0 0 1 1 1 1 0 1 1 1 1 1 0 0 1 1 1 1 1 0 1 1 0 1 1 1 1 1 1 1 0 1 0 1 0 1 1 1 1 1 1
