NAME N50_rc_0.7_rGamma_1_dc_0.035_dGamma_0.0005_jeu_50_75_2.txt
NUM_ITEMS 50
SOURCE jeu_50_75_2
PARAMETERS
r_c 0.7
r_Gamma 1
d_c 0.035
d_Gamma 0.0005

BOUNDS
c_lb 0.00
c_ub 136.40
Gamma_lb 8
Gamma_ub 40
B_i_1_lb 0.00 0.00 0.00 0.00 0.00 0.00 0.00 0.00 0.00 0.00 0.00 0.00 0.00 0.00 0.00 0.00 0.00 0.00 0.00 0.00 0.00 0.00 0.00 0.00 0.00 0.00 0.00 0.00 0.00 0.00 0.00 0.00 0.00 0.00 0.00 0.00 0.00 0.00 0.00 0.00 0.00 0.00 0.00 0.00 0.00 0.00 0.00 0.00 0.00 0.00
B_i_1_ub 51.52 52.23 58.27 51.95 54.90 50.16 61.35 62.64 56.19 53.78 53.87 52.84 53.29 66.16 59.28 54.34 55.03 49.95 36.97 45.91 58.56 54.32 48.93 53.26 55.75 57.49 41.83 52.36 47.92 54.87 59.36 54.47 53.64 54.31 47.06 54.70 56.15 56.37 56.76 62.30 55.76 53.11 48.79 56.83 57.87 57.43 53.01 52.79 54.34 50.72
B_i_0_lb 0.00 0.00 0.00 0.00 0.00 0.00 0.00 0.00 0.00 0.00 0.00 0.00 0.00 0.00 0.00 0.00 0.00 0.00 0.00 0.00 0.00 0.00 0.00 0.00 0.00 0.00 0.00 0.00 0.00 0.00 0.00 0.00 0.00 0.00 0.00 0.00 0.00 0.00 0.00 0.00 0.00 0.00 0.00 0.00 0.00 0.00 0.00 0.00 0.00 0.00
B_i_0_ub 52.32 52.96 60.09 52.97 55.92 51.21 63.38 63.24 58.78 54.58 54.01 52.98 55.75 67.80 62.08 55.11 56.29 51.46 37.11 47.10 60.63 54.32 49.52 55.08 56.35 58.71 43.47 52.99 49.71 55.33 60.45 56.26 54.27 55.81 47.87 54.98 58.50 56.86 57.39 64.19 57.26 55.39 49.42 57.89 58.44 57.61 54.77 53.07 54.75 51.49
c_i_1_lb 28.00 2.80 10.50 41.30 16.80 2.80 4.90 56.00 54.60 52.50 28.70 48.30 67.20 68.60 64.40 0.00 30.80 33.60 2.80 0.00 33.60 53.90 53.20 44.10 4.90 50.40 0.00 0.00 4.20 34.30 29.40 18.20 32.20 35.70 0.00 34.30 52.50 5.60 27.30 0.00 58.80 14.70 32.90 57.40 0.00 28.70 0.00 55.30 48.30 4.90
c_i_1_ub 79.52 55.03 68.77 93.25 71.70 52.96 66.25 118.64 110.79 106.28 82.57 101.14 120.49 134.76 123.68 54.34 85.83 83.55 39.77 45.91 92.16 108.22 102.13 97.36 60.65 107.89 41.83 52.36 52.12 89.17 88.76 72.67 85.84 90.01 47.06 89.00 108.65 61.97 84.06 62.30 114.56 67.81 81.69 114.23 57.87 86.13 53.01 108.09 102.64 55.62
c_i_0_lb 28.00 2.80 10.50 41.30 16.80 2.80 4.90 56.00 54.60 52.50 28.70 48.30 67.20 68.60 64.40 0.00 30.80 33.60 2.80 0.00 33.60 53.90 53.20 44.10 4.90 50.40 0.00 0.00 4.20 34.30 29.40 18.20 32.20 35.70 0.00 34.30 52.50 5.60 27.30 0.00 58.80 14.70 32.90 57.40 0.00 28.70 0.00 55.30 48.30 4.90
c_i_0_ub 80.32 55.76 70.59 94.27 72.72 54.01 68.28 119.24 113.38 107.08 82.71 101.28 122.95 136.40 126.48 55.11 87.09 85.06 39.91 47.10 94.23 108.22 102.72 99.18 61.25 109.11 43.47 52.99 53.91 89.63 89.85 74.46 86.47 91.51 47.87 89.28 111.00 62.46 84.69 64.19 116.06 70.09 82.32 115.29 58.44 86.31 54.77 108.37 103.05 56.39
c_1_lb 0.00
c_1_ub 134.76
c_0_lb 0.00
c_0_ub 136.40

BOUND_TIMES
k_max_time 0.001190
Gamma_ub_time 0.000419
B_i_1_lb_time 0.002290
B_i_1_ub_time 0.009540
B_i_0_lb_time 0.002387
B_i_0_ub_time 0.009176

DDRO_PARAMETERS
a_0 8
b_0i 1 1 1 1 1 1 1 1 1 1 1 1 1 1 1 1 1 1 0 1 1 1 1 1 1 1 0 1 1 1 1 1 1 1 0 1 1 1 1 1 1 1 1 1 1 1 1 1 1 1
a_i 28.00 2.80 10.50 41.30 16.80 2.80 4.90 56.00 54.60 52.50 28.70 48.30 67.20 68.60 64.40 0.00 30.80 33.60 2.80 0.00 33.60 53.90 53.20 44.10 4.90 50.40 0.00 0.00 4.20 34.30 29.40 18.20 32.20 35.70 0.00 34.30 52.50 5.60 27.30 0.00 58.80 14.70 32.90 57.40 0.00 28.70 0.00 55.30 48.30 4.90
b_ij
0 0.00 0.00 2.24 0.00 1.89 2.10 3.29 0.00 0.32 0.67 0.84 1.72 2.63 2.42 0.00 2.59 0.42 2.66 0.60 2.42 2.07 0.00 1.79 1.58 0.39 2.31 3.05 2.42 0.00 0.46 1.72 1.09 0.00 1.93 0.28 0.74 0.88 2.77 1.68 1.86 0.00 3.01 0.28 0.00 3.05 3.29 0.74 0.11 1.68 0.00
1 0.00 0.00 0.42 1.51 1.82 1.89 0.00 3.22 3.01 0.00 0.00 0.04 2.03 1.96 1.16 0.00 0.00 0.35 0.00 1.93 2.24 0.00 1.37 1.02 0.32 3.22 0.00 2.70 0.56 0.00 1.89 0.63 3.12 2.59 0.00 0.70 1.75 3.50 2.24 1.16 0.00 2.77 2.66 2.80 0.25 2.31 1.65 1.37 0.00 1.96
2 2.24 0.42 0.00 0.00 3.47 0.00 0.00 0.49 0.42 1.44 3.05 0.00 0.00 0.00 0.00 3.22 1.54 2.73 2.59 0.00 2.07 0.00 2.66 2.77 0.07 2.63 1.82 2.98 3.47 1.05 0.00 0.25 3.22 2.35 0.49 2.49 0.49 2.03 1.05 0.14 0.39 1.12 1.54 2.84 2.94 1.72 0.18 0.00 1.23 0.11
3 0.00 1.51 0.00 0.00 2.03 0.88 2.80 3.22 0.60 1.02 2.28 2.07 2.07 1.58 1.86 0.00 0.74 0.67 0.00 0.67 3.33 0.00 0.00 1.75 2.70 0.74 0.98 3.43 0.00 2.84 0.00 0.00 2.00 2.31 0.00 0.00 0.00 1.44 2.35 0.63 0.91 0.00 2.14 0.60 0.25 3.08 0.56 3.01 0.00 1.02
4 1.89 1.82 3.47 2.03 0.00 0.00 0.21 2.80 1.61 3.05 0.00 2.70 3.15 0.70 0.67 1.30 2.07 0.00 0.00 0.00 3.33 0.18 0.04 0.88 0.18 2.17 0.56 0.18 1.72 0.11 2.49 1.93 2.03 0.95 1.02 0.14 1.09 0.28 1.75 1.33 3.33 0.00 3.50 1.89 1.82 2.49 2.87 0.00 2.63 0.63
5 2.10 1.89 0.00 0.88 0.00 0.00 0.00 1.44 0.28 3.50 0.00 1.79 2.14 2.14 0.67 0.00 1.89 1.02 0.00 0.91 2.38 2.03 2.14 0.00 2.42 2.00 0.00 0.00 1.54 2.28 0.00 1.33 0.00 1.44 2.42 3.19 2.49 2.00 0.00 3.15 0.00 1.23 0.00 1.05 0.00 0.67 0.00 1.30 0.00 2.63
6 3.29 0.00 0.00 2.80 0.21 0.00 0.00 1.30 0.00 3.43 2.84 3.08 0.00 0.00 3.01 1.89 1.51 1.93 0.63 0.00 1.09 0.00 0.00 0.60 2.14 2.66 2.03 1.93 1.30 2.91 3.43 2.70 0.00 3.26 3.43 0.00 0.49 0.63 2.21 0.32 0.91 0.70 0.00 3.12 1.58 2.45 1.93 0.00 1.54 2.28
7 0.00 3.22 0.49 3.22 2.80 1.44 1.30 0.00 0.00 2.80 0.35 0.00 0.32 1.61 2.66 0.00 0.98 0.00 1.33 3.05 1.68 1.19 3.19 1.68 0.60 2.84 0.32 1.65 0.77 2.63 1.58 3.43 3.43 3.15 0.42 1.79 1.79 0.00 0.00 0.53 0.00 0.49 0.00 0.00 3.33 2.49 0.00 2.84 2.66 0.00
8 0.32 3.01 0.42 0.60 1.61 0.28 0.00 0.00 0.00 1.47 0.60 0.00 2.52 2.66 1.61 0.00 2.42 0.18 0.00 2.42 2.00 2.84 3.08 0.11 2.77 2.31 0.00 0.00 3.43 3.29 0.00 2.66 2.49 1.54 0.18 1.58 2.59 2.84 0.74 2.24 0.00 3.40 1.33 1.40 2.70 0.63 0.00 1.47 0.04 0.00
9 0.67 0.00 1.44 1.02 3.05 3.50 3.43 2.80 1.47 0.00 1.30 0.00 1.61 1.65 3.08 0.04 0.00 2.24 0.00 1.47 0.00 1.26 1.12 1.86 3.40 0.00 0.00 2.14 0.49 0.11 3.08 0.00 0.00 0.00 0.00 3.05 0.00 0.00 0.53 0.00 1.72 0.00 3.29 2.70 1.19 3.15 0.00 0.00 0.00 2.63
10 0.84 0.00 3.05 2.28 0.00 0.00 2.84 0.35 0.60 1.30 0.00 0.00 1.58 1.72 0.49 2.77 0.00 2.87 0.14 1.89 0.00 0.81 0.25 0.14 0.84 1.16 1.61 0.00 0.00 3.33 2.28 0.70 0.42 2.66 0.39 0.81 1.16 2.59 0.00 3.40 1.40 0.00 3.05 2.45 1.40 2.14 2.94 1.79 2.66 0.63
11 1.72 0.04 0.00 2.07 2.70 1.79 3.08 0.00 0.00 0.00 0.00 0.00 1.65 1.82 1.65 1.72 0.00 0.00 0.14 0.04 3.43 1.44 1.86 0.63 0.28 0.77 1.51 1.33 0.00 1.61 0.00 0.35 1.02 0.00 0.00 2.80 2.52 1.72 0.00 3.08 1.23 3.08 0.00 2.91 1.65 0.56 2.91 2.80 2.94 0.00
12 2.63 2.03 0.00 2.07 3.15 2.14 0.00 0.32 2.52 1.61 1.58 1.65 0.00 2.77 1.37 0.00 2.00 0.00 1.12 0.49 1.58 2.59 0.28 1.65 0.00 0.49 0.67 0.39 3.29 0.21 1.05 2.21 2.87 1.51 2.52 0.00 2.73 1.65 0.00 0.00 0.00 0.00 1.47 2.49 0.00 3.05 2.52 1.19 0.11 0.63
13 2.42 1.96 0.00 1.58 0.70 2.14 0.00 1.61 2.66 1.65 1.72 1.82 2.77 0.00 0.00 2.80 1.09 2.91 2.84 2.31 0.00 3.40 1.86 3.29 2.87 3.01 0.49 1.19 0.00 0.00 2.63 1.79 0.18 0.39 2.21 2.28 3.05 0.70 3.12 0.00 2.45 2.84 0.84 0.32 0.00 2.56 3.05 1.19 3.40 2.52
14 0.00 1.16 0.00 1.86 0.67 0.67 3.01 2.66 1.61 3.08 0.49 1.65 1.37 0.00 0.00 0.00 3.19 0.21 1.51 1.09 2.80 0.00 0.00 0.00 1.09 1.33 3.19 2.94 0.00 3.36 2.98 3.15 3.05 3.08 2.42 0.00 1.75 0.32 0.00 3.08 3.40 0.00 0.39 0.74 2.66 0.42 3.29 1.02 0.00 3.40
15 2.59 0.00 3.22 0.00 1.30 0.00 1.89 0.00 0.00 0.04 2.77 1.72 0.00 2.80 0.00 0.00 1.93 0.00 0.00 1.12 1.26 0.98 0.35 0.28 2.87 1.44 1.16 0.00 0.53 0.00 1.65 2.70 2.59 1.79 0.32 3.08 0.14 0.00 1.12 2.94 2.38 3.43 3.47 0.00 2.77 1.89 0.00 0.63 0.39 1.09
16 0.42 0.00 1.54 0.74 2.07 1.89 1.51 0.98 2.42 0.00 0.00 0.00 2.00 1.09 3.19 1.93 0.00 0.95 0.56 0.00 0.28 3.43 0.00 0.00 3.12 2.24 2.94 0.00 1.02 0.00 2.80 3.22 0.60 1.05 1.79 3.22 0.00 1.02 3.15 1.09 3.43 1.44 2.24 1.89 2.52 1.33 1.16 0.00 2.80 0.00
17 2.66 0.35 2.73 0.67 0.00 1.02 1.93 0.00 0.18 2.24 2.87 0.00 0.00 2.91 0.21 0.00 0.95 0.00 1.54 2.24 0.60 0.00 1.82 0.84 0.04 0.74 0.11 0.00 3.50 0.60 2.38 2.17 2.94 0.25 0.00 0.00 1.51 0.00 2.49 0.84 1.82 0.00 0.77 0.11 0.00 0.00 3.15 2.98 2.59 2.42
18 0.60 0.00 2.59 0.00 0.00 0.00 0.63 1.33 0.00 0.00 0.14 0.14 1.12 2.84 1.51 0.00 0.56 1.54 0.00 3.43 0.77 0.00 1.72 1.96 1.75 0.95 0.53 0.63 0.00 0.00 1.61 1.40 2.21 0.00 2.21 0.00 0.00 0.84 1.12 3.01 1.26 0.00 0.00 0.32 0.00 0.00 2.00 1.86 0.00 0.00
19 2.42 1.93 0.00 0.67 0.00 0.91 0.00 3.05 2.42 1.47 1.89 0.04 0.49 2.31 1.09 1.12 0.00 2.24 3.43 0.00 2.70 0.00 1.19 3.19 0.00 0.00 1.12 0.00 0.21 0.63 2.28 2.10 1.26 1.79 2.91 0.00 2.21 2.03 0.49 0.00 1.65 0.91 0.74 0.14 0.49 0.14 1.30 0.46 0.67 2.31
20 2.07 2.24 2.07 3.33 3.33 2.38 1.09 1.68 2.00 0.00 0.00 3.43 1.58 0.00 2.80 1.26 0.28 0.60 0.77 2.70 0.00 3.22 0.70 3.26 3.29 0.00 2.38 0.00 0.60 0.00 0.00 0.39 1.58 0.63 0.00 2.70 0.00 2.73 0.00 0.00 2.38 2.28 0.39 3.22 2.87 0.00 0.46 2.66 0.00 0.49
21 0.00 0.00 0.00 0.00 0.18 2.03 0.00 1.19 2.84 1.26 0.81 1.44 2.59 3.40 0.00 0.98 3.43 0.00 0.00 0.00 3.22 0.00 1.96 1.72 3.12 2.87 0.00 0.00 0.00 0.00 0.98 0.00 0.00 0.53 0.98 0.63 0.00 2.87 1.51 1.82 0.00 1.82 0.00 2.52 3.29 0.11 0.60 3.47 2.38 2.73
22 1.79 1.37 2.66 0.00 0.04 2.14 0.00 3.19 3.08 1.12 0.25 1.86 0.28 1.86 0.00 0.35 0.00 1.82 1.72 1.19 0.70 1.96 0.00 1.86 2.80 1.05 1.33 2.31 2.28 0.00 0.00 0.77 3.05 0.00 0.81 0.00 0.00 2.77 0.00 2.94 0.84 2.38 0.32 0.00 0.00 0.00 0.00 2.31 0.00 1.23
23 1.58 1.02 2.77 1.75 0.88 0.00 0.60 1.68 0.11 1.86 0.14 0.63 1.65 3.29 0.00 0.28 0.00 0.84 1.96 3.19 3.26 1.72 1.86 0.00 0.07 2.87 0.00 2.70 1.82 0.00 0.00 3.08 1.26 0.00 1.51 0.00 0.00 3.19 1.96 0.00 3.22 1.65 2.10 0.35 2.94 0.00 1.47 2.00 0.00 0.56
24 0.39 0.32 0.07 2.70 0.18 2.42 2.14 0.60 2.77 3.40 0.84 0.28 0.00 2.87 1.09 2.87 3.12 0.04 1.75 0.00 3.29 3.12 2.80 0.07 0.00 0.00 2.77 2.21 3.01 2.24 1.51 1.05 0.00 0.98 0.42 0.00 2.77 0.00 1.47 2.35 0.21 0.00 0.00 1.33 1.61 0.07 0.98 1.02 3.40 0.53
25 2.31 3.22 2.63 0.74 2.17 2.00 2.66 2.84 2.31 0.00 1.16 0.77 0.49 3.01 1.33 1.44 2.24 0.74 0.95 0.00 0.00 2.87 1.05 2.87 0.00 0.00 0.98 1.44 0.00 0.00 3.43 0.11 0.00 0.00 0.00 2.07 0.00 0.00 0.04 2.52 2.14 0.53 2.52 1.96 2.56 0.00 2.31 2.28 1.12 0.00
26 3.05 0.00 1.82 0.98 0.56 0.00 2.03 0.32 0.00 0.00 1.61 1.51 0.67 0.49 3.19 1.16 2.94 0.11 0.53 1.12 2.38 0.00 1.33 0.00 2.77 0.98 0.00 0.00 1.75 0.67 1.72 0.00 1.79 0.49 0.00 0.00 0.91 0.00 0.00 0.00 0.00 1.61 0.35 0.98 2.00 1.16 1.37 3.40 1.23 0.00
27 2.42 2.70 2.98 3.43 0.18 0.00 1.93 1.65 0.00 2.14 0.00 1.33 0.39 1.19 2.94 0.00 0.00 0.00 0.63 0.00 0.00 0.00 2.31 2.70 2.21 1.44 0.00 0.00 1.26 1.09 0.25 1.86 0.00 1.75 1.05 3.33 2.80 0.98 1.51 0.46 1.30 0.91 0.46 0.00 2.45 2.07 0.00 3.29 0.81 0.91
28 0.00 0.56 3.47 0.00 1.72 1.54 1.30 0.77 3.43 0.49 0.00 0.00 3.29 0.00 0.00 0.53 1.02 3.50 0.00 0.21 0.60 0.00 2.28 1.82 3.01 0.00 1.75 1.26 0.00 0.00 0.21 0.00 0.00 2.14 2.14 0.00 2.84 2.80 0.25 2.07 0.00 1.75 0.14 0.00 3.26 2.24 1.72 1.96 2.80 1.47
29 0.46 0.00 1.05 2.84 0.11 2.28 2.91 2.63 3.29 0.11 3.33 1.61 0.21 0.00 3.36 0.00 0.00 0.60 0.00 0.63 0.00 0.00 0.00 0.00 2.24 0.00 0.67 1.09 0.00 0.00 2.77 1.09 0.07 0.18 2.59 3.01 3.15 2.10 2.10 0.00 0.42 3.19 1.82 2.17 0.32 1.37 0.21 0.74 2.49 1.47
30 1.72 1.89 0.00 0.00 2.49 0.00 3.43 1.58 0.00 3.08 2.28 0.00 1.05 2.63 2.98 1.65 2.80 2.38 1.61 2.28 0.00 0.98 0.00 0.00 1.51 3.43 1.72 0.25 0.21 2.77 0.00 2.52 0.00 0.46 0.60 2.80 0.00 0.00 2.63 1.96 0.74 2.17 0.00 2.28 1.58 0.00 2.87 1.89 0.49 1.72
31 1.09 0.63 0.25 0.00 1.93 1.33 2.70 3.43 2.66 0.00 0.70 0.35 2.21 1.79 3.15 2.70 3.22 2.17 1.40 2.10 0.39 0.00 0.77 3.08 1.05 0.11 0.00 1.86 0.00 1.09 2.52 0.00 0.84 0.00 0.49 2.87 0.00 2.03 2.91 0.00 0.00 1.47 0.00 1.37 1.61 3.15 2.63 0.00 1.05 0.00
32 0.00 3.12 3.22 2.00 2.03 0.00 0.00 3.43 2.49 0.00 0.42 1.02 2.87 0.18 3.05 2.59 0.60 2.94 2.21 1.26 1.58 0.00 3.05 1.26 0.00 0.00 1.79 0.00 0.00 0.07 0.00 0.84 0.00 2.94 0.00 2.42 0.81 2.80 0.28 1.93 1.30 0.00 0.00 2.91 0.63 2.66 0.00 1.37 0.00 1.54
33 1.93 2.59 2.35 2.31 0.95 1.44 3.26 3.15 1.54 0.00 2.66 0.00 1.51 0.39 3.08 1.79 1.05 0.25 0.00 1.79 0.63 0.53 0.00 0.00 0.98 0.00 0.49 1.75 2.14 0.18 0.46 0.00 2.94 0.00 2.14 1.33 0.18 0.21 0.00 3.15 2.24 2.98 2.94 2.35 0.14 2.63 2.59 0.91 0.00 0.00
34 0.28 0.00 0.49 0.00 1.02 2.42 3.43 0.42 0.18 0.00 0.39 0.00 2.52 2.21 2.42 0.32 1.79 0.00 2.21 2.91 0.00 0.98 0.81 1.51 0.42 0.00 0.00 1.05 2.14 2.59 0.60 0.49 0.00 2.14 0.00 0.21 1.37 1.65 0.32 0.00 0.42 0.00 2.94 2.00 2.00 1.09 0.00 1.58 2.35 1.51
35 0.74 0.70 2.49 0.00 0.14 3.19 0.00 1.79 1.58 3.05 0.81 2.80 0.00 2.28 0.00 3.08 3.22 0.00 0.00 0.00 2.70 0.63 0.00 0.00 0.00 2.07 0.00 3.33 0.00 3.01 2.80 2.87 2.42 1.33 0.21 0.00 1.26 0.32 0.00 2.38 1.09 0.00 0.70 0.00 3.05 1.26 0.00 0.00 0.42 1.40
36 0.88 1.75 0.49 0.00 1.09 2.49 0.49 1.79 2.59 0.00 1.16 2.52 2.73 3.05 1.75 0.14 0.00 1.51 0.00 2.21 0.00 0.00 0.00 0.00 2.77 0.00 0.91 2.80 2.84 3.15 0.00 0.00 0.81 0.18 1.37 1.26 0.00 2.31 3.50 3.47 0.00 0.32 0.00 0.00 2.70 2.35 0.32 0.60 2.49 2.07
37 2.77 3.50 2.03 1.44 0.28 2.00 0.63 0.00 2.84 0.00 2.59 1.72 1.65 0.70 0.32 0.00 1.02 0.00 0.84 2.03 2.73 2.87 2.77 3.19 0.00 0.00 0.00 0.98 2.80 2.10 0.00 2.03 2.80 0.21 1.65 0.32 2.31 0.00 2.91 3.33 1.30 0.98 0.00 0.74 0.00 1.47 2.52 1.05 0.53 0.00
38 1.68 2.24 1.05 2.35 1.75 0.00 2.21 0.00 0.74 0.53 0.00 0.00 0.00 3.12 0.00 1.12 3.15 2.49 1.12 0.49 0.00 1.51 0.00 1.96 1.47 0.04 0.00 1.51 0.25 2.10 2.63 2.91 0.28 0.00 0.32 0.00 3.50 2.91 0.00 1.51 0.18 0.00 2.52 2.63 1.54 2.84 0.91 2.28 2.52 2.91
39 1.86 1.16 0.14 0.63 1.33 3.15 0.32 0.53 2.24 0.00 3.40 3.08 0.00 0.00 3.08 2.94 1.09 0.84 3.01 0.00 0.00 1.82 2.94 0.00 2.35 2.52 0.00 0.46 2.07 0.00 1.96 0.00 1.93 3.15 0.00 2.38 3.47 3.33 1.51 0.00 2.49 2.00 1.51 2.24 1.37 0.00 0.00 3.05 0.00 0.00
40 0.00 0.00 0.39 0.91 3.33 0.00 0.91 0.00 0.00 1.72 1.40 1.23 0.00 2.45 3.40 2.38 3.43 1.82 1.26 1.65 2.38 0.00 0.84 3.22 0.21 2.14 0.00 1.30 0.00 0.42 0.74 0.00 1.30 2.24 0.42 1.09 0.00 1.30 0.18 2.49 0.00 3.36 3.05 0.00 3.15 0.63 3.05 2.00 3.19 0.00
41 3.01 2.77 1.12 0.00 0.00 1.23 0.70 0.49 3.40 0.00 0.00 3.08 0.00 2.84 0.00 3.43 1.44 0.00 0.00 0.91 2.28 1.82 2.38 1.65 0.00 0.53 1.61 0.91 1.75 3.19 2.17 1.47 0.00 2.98 0.00 0.00 0.32 0.98 0.00 2.00 3.36 0.00 1.37 0.00 2.73 1.79 3.29 0.63 0.07 0.18
42 0.28 2.66 1.54 2.14 3.50 0.00 0.00 0.00 1.33 3.29 3.05 0.00 1.47 0.84 0.39 3.47 2.24 0.77 0.00 0.74 0.39 0.00 0.32 2.10 0.00 2.52 0.35 0.46 0.14 1.82 0.00 0.00 0.00 2.94 2.94 0.70 0.00 0.00 2.52 1.51 3.05 1.37 0.00 0.56 0.35 1.02 2.03 0.00 1.26 0.91
43 0.00 2.80 2.84 0.60 1.89 1.05 3.12 0.00 1.40 2.70 2.45 2.91 2.49 0.32 0.74 0.00 1.89 0.11 0.32 0.14 3.22 2.52 0.00 0.35 1.33 1.96 0.98 0.00 0.00 2.17 2.28 1.37 2.91 2.35 2.00 0.00 0.00 0.74 2.63 2.24 0.00 0.00 0.56 0.00 2.17 0.95 0.00 0.67 3.29 0.04
44 3.05 0.25 2.94 0.25 1.82 0.00 1.58 3.33 2.70 1.19 1.40 1.65 0.00 0.00 2.66 2.77 2.52 0.00 0.00 0.49 2.87 3.29 0.00 2.94 1.61 2.56 2.00 2.45 3.26 0.32 1.58 1.61 0.63 0.14 2.00 3.05 2.70 0.00 1.54 1.37 3.15 2.73 0.35 2.17 0.00 0.00 2.56 0.18 0.91 2.42
45 3.29 2.31 1.72 3.08 2.49 0.67 2.45 2.49 0.63 3.15 2.14 0.56 3.05 2.56 0.42 1.89 1.33 0.00 0.00 0.14 0.00 0.11 0.00 0.00 0.07 0.00 1.16 2.07 2.24 1.37 0.00 3.15 2.66 2.63 1.09 1.26 2.35 1.47 2.84 0.00 0.63 1.79 1.02 0.95 0.00 0.00 1.30 1.51 0.18 3.12
46 0.74 1.65 0.18 0.56 2.87 0.00 1.93 0.00 0.00 0.00 2.94 2.91 2.52 3.05 3.29 0.00 1.16 3.15 2.00 1.30 0.46 0.60 0.00 1.47 0.98 2.31 1.37 0.00 1.72 0.21 2.87 2.63 0.00 2.59 0.00 0.00 0.32 2.52 0.91 0.00 3.05 3.29 2.03 0.00 2.56 1.30 0.00 0.46 0.00 2.49
47 0.11 1.37 0.00 3.01 0.00 1.30 0.00 2.84 1.47 0.00 1.79 2.80 1.19 1.19 1.02 0.63 0.00 2.98 1.86 0.46 2.66 3.47 2.31 2.00 1.02 2.28 3.40 3.29 1.96 0.74 1.89 0.00 1.37 0.91 1.58 0.00 0.60 1.05 2.28 3.05 2.00 0.63 0.00 0.67 0.18 1.51 0.46 0.00 0.00 0.00
48 1.68 0.00 1.23 0.00 2.63 0.00 1.54 2.66 0.04 0.00 2.66 2.94 0.11 3.40 0.00 0.39 2.80 2.59 0.00 0.67 0.00 2.38 0.00 0.00 3.40 1.12 1.23 0.81 2.80 2.49 0.49 1.05 0.00 0.00 2.35 0.42 2.49 0.53 2.52 0.00 3.19 0.07 1.26 3.29 0.91 0.18 0.00 0.00 0.00 2.42
49 0.00 1.96 0.11 1.02 0.63 2.63 2.28 0.00 0.00 2.63 0.63 0.00 0.63 2.52 3.40 1.09 0.00 2.42 0.00 2.31 0.49 2.73 1.23 0.56 0.53 0.00 0.00 0.91 1.47 1.47 1.72 0.00 1.54 0.00 1.51 1.40 2.07 0.00 2.91 0.00 0.00 0.18 0.91 0.04 2.42 3.12 2.49 0.00 2.42 0.00

ITEMS
nominal_profits 40.00 4.00 15.00 59.00 24.00 4.00 7.00 80.00 78.00 75.00 41.00 69.00 96.00 98.00 92.00 0.00 44.00 48.00 4.00 0.00 48.00 77.00 76.00 63.00 7.00 72.00 0.00 0.00 6.00 49.00 42.00 26.00 46.00 51.00 0.00 49.00 75.00 8.00 39.00 0.00 84.00 21.00 47.00 82.00 0.00 41.00 0.00 79.00 69.00 7.00
weights 18 15 41 31 20 18 33 15 45 17 2 7 48 28 43 13 26 50 7 24 47 1 21 34 14 28 46 19 33 13 25 29 11 27 21 2 50 16 17 33 40 46 20 24 10 3 25 3 9 25
capacity 516
k_max 33

COMMENTS
original_pairwise_profits
0 0.00 0.00 64.00 0.00 54.00 60.00 94.00 0.00 9.00 19.00 24.00 49.00 75.00 69.00 0.00 74.00 12.00 76.00 17.00 69.00 59.00 0.00 51.00 45.00 11.00 66.00 87.00 69.00 0.00 13.00 49.00 31.00 0.00 55.00 8.00 21.00 25.00 79.00 48.00 53.00 0.00 86.00 8.00 0.00 87.00 94.00 21.00 3.00 48.00 0.00
1 0.00 0.00 12.00 43.00 52.00 54.00 0.00 92.00 86.00 0.00 0.00 1.00 58.00 56.00 33.00 0.00 0.00 10.00 0.00 55.00 64.00 0.00 39.00 29.00 9.00 92.00 0.00 77.00 16.00 0.00 54.00 18.00 89.00 74.00 0.00 20.00 50.00 100.00 64.00 33.00 0.00 79.00 76.00 80.00 7.00 66.00 47.00 39.00 0.00 56.00
2 64.00 12.00 0.00 0.00 99.00 0.00 0.00 14.00 12.00 41.00 87.00 0.00 0.00 0.00 0.00 92.00 44.00 78.00 74.00 0.00 59.00 0.00 76.00 79.00 2.00 75.00 52.00 85.00 99.00 30.00 0.00 7.00 92.00 67.00 14.00 71.00 14.00 58.00 30.00 4.00 11.00 32.00 44.00 81.00 84.00 49.00 5.00 0.00 35.00 3.00
3 0.00 43.00 0.00 0.00 58.00 25.00 80.00 92.00 17.00 29.00 65.00 59.00 59.00 45.00 53.00 0.00 21.00 19.00 0.00 19.00 95.00 0.00 0.00 50.00 77.00 21.00 28.00 98.00 0.00 81.00 0.00 0.00 57.00 66.00 0.00 0.00 0.00 41.00 67.00 18.00 26.00 0.00 61.00 17.00 7.00 88.00 16.00 86.00 0.00 29.00
4 54.00 52.00 99.00 58.00 0.00 0.00 6.00 80.00 46.00 87.00 0.00 77.00 90.00 20.00 19.00 37.00 59.00 0.00 0.00 0.00 95.00 5.00 1.00 25.00 5.00 62.00 16.00 5.00 49.00 3.00 71.00 55.00 58.00 27.00 29.00 4.00 31.00 8.00 50.00 38.00 95.00 0.00 100.00 54.00 52.00 71.00 82.00 0.00 75.00 18.00
5 60.00 54.00 0.00 25.00 0.00 0.00 0.00 41.00 8.00 100.00 0.00 51.00 61.00 61.00 19.00 0.00 54.00 29.00 0.00 26.00 68.00 58.00 61.00 0.00 69.00 57.00 0.00 0.00 44.00 65.00 0.00 38.00 0.00 41.00 69.00 91.00 71.00 57.00 0.00 90.00 0.00 35.00 0.00 30.00 0.00 19.00 0.00 37.00 0.00 75.00
6 94.00 0.00 0.00 80.00 6.00 0.00 0.00 37.00 0.00 98.00 81.00 88.00 0.00 0.00 86.00 54.00 43.00 55.00 18.00 0.00 31.00 0.00 0.00 17.00 61.00 76.00 58.00 55.00 37.00 83.00 98.00 77.00 0.00 93.00 98.00 0.00 14.00 18.00 63.00 9.00 26.00 20.00 0.00 89.00 45.00 70.00 55.00 0.00 44.00 65.00
7 0.00 92.00 14.00 92.00 80.00 41.00 37.00 0.00 0.00 80.00 10.00 0.00 9.00 46.00 76.00 0.00 28.00 0.00 38.00 87.00 48.00 34.00 91.00 48.00 17.00 81.00 9.00 47.00 22.00 75.00 45.00 98.00 98.00 90.00 12.00 51.00 51.00 0.00 0.00 15.00 0.00 14.00 0.00 0.00 95.00 71.00 0.00 81.00 76.00 0.00
8 9.00 86.00 12.00 17.00 46.00 8.00 0.00 0.00 0.00 42.00 17.00 0.00 72.00 76.00 46.00 0.00 69.00 5.00 0.00 69.00 57.00 81.00 88.00 3.00 79.00 66.00 0.00 0.00 98.00 94.00 0.00 76.00 71.00 44.00 5.00 45.00 74.00 81.00 21.00 64.00 0.00 97.00 38.00 40.00 77.00 18.00 0.00 42.00 1.00 0.00
9 19.00 0.00 41.00 29.00 87.00 100.00 98.00 80.00 42.00 0.00 37.00 0.00 46.00 47.00 88.00 1.00 0.00 64.00 0.00 42.00 0.00 36.00 32.00 53.00 97.00 0.00 0.00 61.00 14.00 3.00 88.00 0.00 0.00 0.00 0.00 87.00 0.00 0.00 15.00 0.00 49.00 0.00 94.00 77.00 34.00 90.00 0.00 0.00 0.00 75.00
10 24.00 0.00 87.00 65.00 0.00 0.00 81.00 10.00 17.00 37.00 0.00 0.00 45.00 49.00 14.00 79.00 0.00 82.00 4.00 54.00 0.00 23.00 7.00 4.00 24.00 33.00 46.00 0.00 0.00 95.00 65.00 20.00 12.00 76.00 11.00 23.00 33.00 74.00 0.00 97.00 40.00 0.00 87.00 70.00 40.00 61.00 84.00 51.00 76.00 18.00
11 49.00 1.00 0.00 59.00 77.00 51.00 88.00 0.00 0.00 0.00 0.00 0.00 47.00 52.00 47.00 49.00 0.00 0.00 4.00 1.00 98.00 41.00 53.00 18.00 8.00 22.00 43.00 38.00 0.00 46.00 0.00 10.00 29.00 0.00 0.00 80.00 72.00 49.00 0.00 88.00 35.00 88.00 0.00 83.00 47.00 16.00 83.00 80.00 84.00 0.00
12 75.00 58.00 0.00 59.00 90.00 61.00 0.00 9.00 72.00 46.00 45.00 47.00 0.00 79.00 39.00 0.00 57.00 0.00 32.00 14.00 45.00 74.00 8.00 47.00 0.00 14.00 19.00 11.00 94.00 6.00 30.00 63.00 82.00 43.00 72.00 0.00 78.00 47.00 0.00 0.00 0.00 0.00 42.00 71.00 0.00 87.00 72.00 34.00 3.00 18.00
13 69.00 56.00 0.00 45.00 20.00 61.00 0.00 46.00 76.00 47.00 49.00 52.00 79.00 0.00 0.00 80.00 31.00 83.00 81.00 66.00 0.00 97.00 53.00 94.00 82.00 86.00 14.00 34.00 0.00 0.00 75.00 51.00 5.00 11.00 63.00 65.00 87.00 20.00 89.00 0.00 70.00 81.00 24.00 9.00 0.00 73.00 87.00 34.00 97.00 72.00
14 0.00 33.00 0.00 53.00 19.00 19.00 86.00 76.00 46.00 88.00 14.00 47.00 39.00 0.00 0.00 0.00 91.00 6.00 43.00 31.00 80.00 0.00 0.00 0.00 31.00 38.00 91.00 84.00 0.00 96.00 85.00 90.00 87.00 88.00 69.00 0.00 50.00 9.00 0.00 88.00 97.00 0.00 11.00 21.00 76.00 12.00 94.00 29.00 0.00 97.00
15 74.00 0.00 92.00 0.00 37.00 0.00 54.00 0.00 0.00 1.00 79.00 49.00 0.00 80.00 0.00 0.00 55.00 0.00 0.00 32.00 36.00 28.00 10.00 8.00 82.00 41.00 33.00 0.00 15.00 0.00 47.00 77.00 74.00 51.00 9.00 88.00 4.00 0.00 32.00 84.00 68.00 98.00 99.00 0.00 79.00 54.00 0.00 18.00 11.00 31.00
16 12.00 0.00 44.00 21.00 59.00 54.00 43.00 28.00 69.00 0.00 0.00 0.00 57.00 31.00 91.00 55.00 0.00 27.00 16.00 0.00 8.00 98.00 0.00 0.00 89.00 64.00 84.00 0.00 29.00 0.00 80.00 92.00 17.00 30.00 51.00 92.00 0.00 29.00 90.00 31.00 98.00 41.00 64.00 54.00 72.00 38.00 33.00 0.00 80.00 0.00
17 76.00 10.00 78.00 19.00 0.00 29.00 55.00 0.00 5.00 64.00 82.00 0.00 0.00 83.00 6.00 0.00 27.00 0.00 44.00 64.00 17.00 0.00 52.00 24.00 1.00 21.00 3.00 0.00 100.00 17.00 68.00 62.00 84.00 7.00 0.00 0.00 43.00 0.00 71.00 24.00 52.00 0.00 22.00 3.00 0.00 0.00 90.00 85.00 74.00 69.00
18 17.00 0.00 74.00 0.00 0.00 0.00 18.00 38.00 0.00 0.00 4.00 4.00 32.00 81.00 43.00 0.00 16.00 44.00 0.00 98.00 22.00 0.00 49.00 56.00 50.00 27.00 15.00 18.00 0.00 0.00 46.00 40.00 63.00 0.00 63.00 0.00 0.00 24.00 32.00 86.00 36.00 0.00 0.00 9.00 0.00 0.00 57.00 53.00 0.00 0.00
19 69.00 55.00 0.00 19.00 0.00 26.00 0.00 87.00 69.00 42.00 54.00 1.00 14.00 66.00 31.00 32.00 0.00 64.00 98.00 0.00 77.00 0.00 34.00 91.00 0.00 0.00 32.00 0.00 6.00 18.00 65.00 60.00 36.00 51.00 83.00 0.00 63.00 58.00 14.00 0.00 47.00 26.00 21.00 4.00 14.00 4.00 37.00 13.00 19.00 66.00
20 59.00 64.00 59.00 95.00 95.00 68.00 31.00 48.00 57.00 0.00 0.00 98.00 45.00 0.00 80.00 36.00 8.00 17.00 22.00 77.00 0.00 92.00 20.00 93.00 94.00 0.00 68.00 0.00 17.00 0.00 0.00 11.00 45.00 18.00 0.00 77.00 0.00 78.00 0.00 0.00 68.00 65.00 11.00 92.00 82.00 0.00 13.00 76.00 0.00 14.00
21 0.00 0.00 0.00 0.00 5.00 58.00 0.00 34.00 81.00 36.00 23.00 41.00 74.00 97.00 0.00 28.00 98.00 0.00 0.00 0.00 92.00 0.00 56.00 49.00 89.00 82.00 0.00 0.00 0.00 0.00 28.00 0.00 0.00 15.00 28.00 18.00 0.00 82.00 43.00 52.00 0.00 52.00 0.00 72.00 94.00 3.00 17.00 99.00 68.00 78.00
22 51.00 39.00 76.00 0.00 1.00 61.00 0.00 91.00 88.00 32.00 7.00 53.00 8.00 53.00 0.00 10.00 0.00 52.00 49.00 34.00 20.00 56.00 0.00 53.00 80.00 30.00 38.00 66.00 65.00 0.00 0.00 22.00 87.00 0.00 23.00 0.00 0.00 79.00 0.00 84.00 24.00 68.00 9.00 0.00 0.00 0.00 0.00 66.00 0.00 35.00
23 45.00 29.00 79.00 50.00 25.00 0.00 17.00 48.00 3.00 53.00 4.00 18.00 47.00 94.00 0.00 8.00 0.00 24.00 56.00 91.00 93.00 49.00 53.00 0.00 2.00 82.00 0.00 77.00 52.00 0.00 0.00 88.00 36.00 0.00 43.00 0.00 0.00 91.00 56.00 0.00 92.00 47.00 60.00 10.00 84.00 0.00 42.00 57.00 0.00 16.00
24 11.00 9.00 2.00 77.00 5.00 69.00 61.00 17.00 79.00 97.00 24.00 8.00 0.00 82.00 31.00 82.00 89.00 1.00 50.00 0.00 94.00 89.00 80.00 2.00 0.00 0.00 79.00 63.00 86.00 64.00 43.00 30.00 0.00 28.00 12.00 0.00 79.00 0.00 42.00 67.00 6.00 0.00 0.00 38.00 46.00 2.00 28.00 29.00 97.00 15.00
25 66.00 92.00 75.00 21.00 62.00 57.00 76.00 81.00 66.00 0.00 33.00 22.00 14.00 86.00 38.00 41.00 64.00 21.00 27.00 0.00 0.00 82.00 30.00 82.00 0.00 0.00 28.00 41.00 0.00 0.00 98.00 3.00 0.00 0.00 0.00 59.00 0.00 0.00 1.00 72.00 61.00 15.00 72.00 56.00 73.00 0.00 66.00 65.00 32.00 0.00
26 87.00 0.00 52.00 28.00 16.00 0.00 58.00 9.00 0.00 0.00 46.00 43.00 19.00 14.00 91.00 33.00 84.00 3.00 15.00 32.00 68.00 0.00 38.00 0.00 79.00 28.00 0.00 0.00 50.00 19.00 49.00 0.00 51.00 14.00 0.00 0.00 26.00 0.00 0.00 0.00 0.00 46.00 10.00 28.00 57.00 33.00 39.00 97.00 35.00 0.00
27 69.00 77.00 85.00 98.00 5.00 0.00 55.00 47.00 0.00 61.00 0.00 38.00 11.00 34.00 84.00 0.00 0.00 0.00 18.00 0.00 0.00 0.00 66.00 77.00 63.00 41.00 0.00 0.00 36.00 31.00 7.00 53.00 0.00 50.00 30.00 95.00 80.00 28.00 43.00 13.00 37.00 26.00 13.00 0.00 70.00 59.00 0.00 94.00 23.00 26.00
28 0.00 16.00 99.00 0.00 49.00 44.00 37.00 22.00 98.00 14.00 0.00 0.00 94.00 0.00 0.00 15.00 29.00 100.00 0.00 6.00 17.00 0.00 65.00 52.00 86.00 0.00 50.00 36.00 0.00 0.00 6.00 0.00 0.00 61.00 61.00 0.00 81.00 80.00 7.00 59.00 0.00 50.00 4.00 0.00 93.00 64.00 49.00 56.00 80.00 42.00
29 13.00 0.00 30.00 81.00 3.00 65.00 83.00 75.00 94.00 3.00 95.00 46.00 6.00 0.00 96.00 0.00 0.00 17.00 0.00 18.00 0.00 0.00 0.00 0.00 64.00 0.00 19.00 31.00 0.00 0.00 79.00 31.00 2.00 5.00 74.00 86.00 90.00 60.00 60.00 0.00 12.00 91.00 52.00 62.00 9.00 39.00 6.00 21.00 71.00 42.00
30 49.00 54.00 0.00 0.00 71.00 0.00 98.00 45.00 0.00 88.00 65.00 0.00 30.00 75.00 85.00 47.00 80.00 68.00 46.00 65.00 0.00 28.00 0.00 0.00 43.00 98.00 49.00 7.00 6.00 79.00 0.00 72.00 0.00 13.00 17.00 80.00 0.00 0.00 75.00 56.00 21.00 62.00 0.00 65.00 45.00 0.00 82.00 54.00 14.00 49.00
31 31.00 18.00 7.00 0.00 55.00 38.00 77.00 98.00 76.00 0.00 20.00 10.00 63.00 51.00 90.00 77.00 92.00 62.00 40.00 60.00 11.00 0.00 22.00 88.00 30.00 3.00 0.00 53.00 0.00 31.00 72.00 0.00 24.00 0.00 14.00 82.00 0.00 58.00 83.00 0.00 0.00 42.00 0.00 39.00 46.00 90.00 75.00 0.00 30.00 0.00
32 0.00 89.00 92.00 57.00 58.00 0.00 0.00 98.00 71.00 0.00 12.00 29.00 82.00 5.00 87.00 74.00 17.00 84.00 63.00 36.00 45.00 0.00 87.00 36.00 0.00 0.00 51.00 0.00 0.00 2.00 0.00 24.00 0.00 84.00 0.00 69.00 23.00 80.00 8.00 55.00 37.00 0.00 0.00 83.00 18.00 76.00 0.00 39.00 0.00 44.00
33 55.00 74.00 67.00 66.00 27.00 41.00 93.00 90.00 44.00 0.00 76.00 0.00 43.00 11.00 88.00 51.00 30.00 7.00 0.00 51.00 18.00 15.00 0.00 0.00 28.00 0.00 14.00 50.00 61.00 5.00 13.00 0.00 84.00 0.00 61.00 38.00 5.00 6.00 0.00 90.00 64.00 85.00 84.00 67.00 4.00 75.00 74.00 26.00 0.00 0.00
34 8.00 0.00 14.00 0.00 29.00 69.00 98.00 12.00 5.00 0.00 11.00 0.00 72.00 63.00 69.00 9.00 51.00 0.00 63.00 83.00 0.00 28.00 23.00 43.00 12.00 0.00 0.00 30.00 61.00 74.00 17.00 14.00 0.00 61.00 0.00 6.00 39.00 47.00 9.00 0.00 12.00 0.00 84.00 57.00 57.00 31.00 0.00 45.00 67.00 43.00
35 21.00 20.00 71.00 0.00 4.00 91.00 0.00 51.00 45.00 87.00 23.00 80.00 0.00 65.00 0.00 88.00 92.00 0.00 0.00 0.00 77.00 18.00 0.00 0.00 0.00 59.00 0.00 95.00 0.00 86.00 80.00 82.00 69.00 38.00 6.00 0.00 36.00 9.00 0.00 68.00 31.00 0.00 20.00 0.00 87.00 36.00 0.00 0.00 12.00 40.00
36 25.00 50.00 14.00 0.00 31.00 71.00 14.00 51.00 74.00 0.00 33.00 72.00 78.00 87.00 50.00 4.00 0.00 43.00 0.00 63.00 0.00 0.00 0.00 0.00 79.00 0.00 26.00 80.00 81.00 90.00 0.00 0.00 23.00 5.00 39.00 36.00 0.00 66.00 100.00 99.00 0.00 9.00 0.00 0.00 77.00 67.00 9.00 17.00 71.00 59.00
37 79.00 100.00 58.00 41.00 8.00 57.00 18.00 0.00 81.00 0.00 74.00 49.00 47.00 20.00 9.00 0.00 29.00 0.00 24.00 58.00 78.00 82.00 79.00 91.00 0.00 0.00 0.00 28.00 80.00 60.00 0.00 58.00 80.00 6.00 47.00 9.00 66.00 0.00 83.00 95.00 37.00 28.00 0.00 21.00 0.00 42.00 72.00 30.00 15.00 0.00
38 48.00 64.00 30.00 67.00 50.00 0.00 63.00 0.00 21.00 15.00 0.00 0.00 0.00 89.00 0.00 32.00 90.00 71.00 32.00 14.00 0.00 43.00 0.00 56.00 42.00 1.00 0.00 43.00 7.00 60.00 75.00 83.00 8.00 0.00 9.00 0.00 100.00 83.00 0.00 43.00 5.00 0.00 72.00 75.00 44.00 81.00 26.00 65.00 72.00 83.00
39 53.00 33.00 4.00 18.00 38.00 90.00 9.00 15.00 64.00 0.00 97.00 88.00 0.00 0.00 88.00 84.00 31.00 24.00 86.00 0.00 0.00 52.00 84.00 0.00 67.00 72.00 0.00 13.00 59.00 0.00 56.00 0.00 55.00 90.00 0.00 68.00 99.00 95.00 43.00 0.00 71.00 57.00 43.00 64.00 39.00 0.00 0.00 87.00 0.00 0.00
40 0.00 0.00 11.00 26.00 95.00 0.00 26.00 0.00 0.00 49.00 40.00 35.00 0.00 70.00 97.00 68.00 98.00 52.00 36.00 47.00 68.00 0.00 24.00 92.00 6.00 61.00 0.00 37.00 0.00 12.00 21.00 0.00 37.00 64.00 12.00 31.00 0.00 37.00 5.00 71.00 0.00 96.00 87.00 0.00 90.00 18.00 87.00 57.00 91.00 0.00
41 86.00 79.00 32.00 0.00 0.00 35.00 20.00 14.00 97.00 0.00 0.00 88.00 0.00 81.00 0.00 98.00 41.00 0.00 0.00 26.00 65.00 52.00 68.00 47.00 0.00 15.00 46.00 26.00 50.00 91.00 62.00 42.00 0.00 85.00 0.00 0.00 9.00 28.00 0.00 57.00 96.00 0.00 39.00 0.00 78.00 51.00 94.00 18.00 2.00 5.00
42 8.00 76.00 44.00 61.00 100.00 0.00 0.00 0.00 38.00 94.00 87.00 0.00 42.00 24.00 11.00 99.00 64.00 22.00 0.00 21.00 11.00 0.00 9.00 60.00 0.00 72.00 10.00 13.00 4.00 52.00 0.00 0.00 0.00 84.00 84.00 20.00 0.00 0.00 72.00 43.00 87.00 39.00 0.00 16.00 10.00 29.00 58.00 0.00 36.00 26.00
43 0.00 80.00 81.00 17.00 54.00 30.00 89.00 0.00 40.00 77.00 70.00 83.00 71.00 9.00 21.00 0.00 54.00 3.00 9.00 4.00 92.00 72.00 0.00 10.00 38.00 56.00 28.00 0.00 0.00 62.00 65.00 39.00 83.00 67.00 57.00 0.00 0.00 21.00 75.00 64.00 0.00 0.00 16.00 0.00 62.00 27.00 0.00 19.00 94.00 1.00
44 87.00 7.00 84.00 7.00 52.00 0.00 45.00 95.00 77.00 34.00 40.00 47.00 0.00 0.00 76.00 79.00 72.00 0.00 0.00 14.00 82.00 94.00 0.00 84.00 46.00 73.00 57.00 70.00 93.00 9.00 45.00 46.00 18.00 4.00 57.00 87.00 77.00 0.00 44.00 39.00 90.00 78.00 10.00 62.00 0.00 0.00 73.00 5.00 26.00 69.00
45 94.00 66.00 49.00 88.00 71.00 19.00 70.00 71.00 18.00 90.00 61.00 16.00 87.00 73.00 12.00 54.00 38.00 0.00 0.00 4.00 0.00 3.00 0.00 0.00 2.00 0.00 33.00 59.00 64.00 39.00 0.00 90.00 76.00 75.00 31.00 36.00 67.00 42.00 81.00 0.00 18.00 51.00 29.00 27.00 0.00 0.00 37.00 43.00 5.00 89.00
46 21.00 47.00 5.00 16.00 82.00 0.00 55.00 0.00 0.00 0.00 84.00 83.00 72.00 87.00 94.00 0.00 33.00 90.00 57.00 37.00 13.00 17.00 0.00 42.00 28.00 66.00 39.00 0.00 49.00 6.00 82.00 75.00 0.00 74.00 0.00 0.00 9.00 72.00 26.00 0.00 87.00 94.00 58.00 0.00 73.00 37.00 0.00 13.00 0.00 71.00
47 3.00 39.00 0.00 86.00 0.00 37.00 0.00 81.00 42.00 0.00 51.00 80.00 34.00 34.00 29.00 18.00 0.00 85.00 53.00 13.00 76.00 99.00 66.00 57.00 29.00 65.00 97.00 94.00 56.00 21.00 54.00 0.00 39.00 26.00 45.00 0.00 17.00 30.00 65.00 87.00 57.00 18.00 0.00 19.00 5.00 43.00 13.00 0.00 0.00 0.00
48 48.00 0.00 35.00 0.00 75.00 0.00 44.00 76.00 1.00 0.00 76.00 84.00 3.00 97.00 0.00 11.00 80.00 74.00 0.00 19.00 0.00 68.00 0.00 0.00 97.00 32.00 35.00 23.00 80.00 71.00 14.00 30.00 0.00 0.00 67.00 12.00 71.00 15.00 72.00 0.00 91.00 2.00 36.00 94.00 26.00 5.00 0.00 0.00 0.00 69.00
49 0.00 56.00 3.00 29.00 18.00 75.00 65.00 0.00 0.00 75.00 18.00 0.00 18.00 72.00 97.00 31.00 0.00 69.00 0.00 66.00 14.00 78.00 35.00 16.00 15.00 0.00 0.00 26.00 42.00 42.00 49.00 0.00 44.00 0.00 43.00 40.00 59.00 0.00 83.00 0.00 0.00 5.00 26.00 1.00 69.00 89.00 71.00 0.00 69.00 0.00
mcp_obj 33
mcp_gap 0
mcp_x 1 1 0 0 1 1 0 1 0 1 1 1 0 0 0 1 1 0 1 1 0 1 1 0 1 1 0 1 0 1 1 0 1 1 1 1 0 1 1 0 0 0 1 1 1 1 1 1 1 1
