NAME N50_rc_0.7_rGamma_1_dc_0.035_dGamma_0.0005_jeu_50_75_10.txt
NUM_ITEMS 50
SOURCE jeu_50_75_10
PARAMETERS
r_c 0.7
r_Gamma 1
d_c 0.035
d_Gamma 0.0005

BOUNDS
c_lb 0.00
c_ub 128.68
Gamma_lb 8
Gamma_ub 37
B_i_1_lb 0.00 0.00 0.00 0.00 0.00 0.00 0.00 0.00 0.00 0.00 0.00 0.00 0.00 0.00 0.00 0.00 0.00 0.00 0.00 0.00 0.00 0.00 0.00 0.00 0.00 0.00 0.00 0.00 0.00 0.00 0.00 0.00 0.00 0.00 0.00 0.00 0.00 0.00 0.00 0.00 0.00 0.00 0.00 0.00 0.00 0.00 0.00 0.00 0.00 0.00
B_i_1_ub 51.51 51.13 51.53 59.67 50.35 60.20 37.39 57.65 48.07 52.98 56.97 48.70 47.56 40.98 57.52 53.43 47.63 59.48 47.72 52.90 56.31 50.17 56.02 54.59 64.30 65.82 46.47 54.14 49.12 56.47 49.54 51.40 57.16 54.25 58.98 52.98 50.37 52.30 54.82 44.05 54.81 46.36 60.45 53.73 51.03 38.84 58.90 53.74 60.32 55.25
B_i_0_lb 0.00 0.00 0.00 0.00 0.00 0.00 0.00 0.00 0.00 0.00 0.00 0.00 0.00 0.00 0.00 0.00 0.00 0.00 0.00 0.00 0.00 0.00 0.00 0.00 0.00 0.00 0.00 0.00 0.00 0.00 0.00 0.00 0.00 0.00 0.00 0.00 0.00 0.00 0.00 0.00 0.00 0.00 0.00 0.00 0.00 0.00 0.00 0.00 0.00 0.00
B_i_0_ub 54.21 51.59 51.67 60.02 51.82 63.22 37.99 59.43 48.28 53.57 57.67 50.70 48.44 42.24 57.52 54.06 49.31 61.48 49.33 53.46 58.56 52.14 59.03 56.41 65.77 67.43 47.28 55.51 52.00 56.47 49.68 52.45 59.33 54.70 60.63 53.02 51.00 54.75 55.76 44.65 56.03 48.11 61.43 55.66 53.28 41.09 59.63 54.86 63.12 55.81
c_i_1_lb 0.00 16.10 21.70 0.00 17.50 42.00 46.90 0.00 69.30 0.00 68.60 20.30 0.00 67.20 36.40 65.10 25.90 67.20 37.80 0.00 44.10 0.00 0.00 51.10 21.70 4.90 0.00 36.40 60.90 7.00 19.60 0.00 22.40 0.00 0.00 0.00 44.10 9.80 0.00 18.90 60.90 0.00 47.60 0.70 0.00 0.00 19.60 43.40 0.00 42.00
c_i_1_ub 51.51 67.23 73.23 59.67 67.85 102.20 84.29 57.65 117.37 52.98 125.57 69.00 47.56 108.18 93.92 118.53 73.53 126.68 85.52 52.90 100.41 50.17 56.02 105.69 86.00 70.72 46.47 90.54 110.02 63.47 69.14 51.40 79.56 54.25 58.98 52.98 94.47 62.10 54.82 62.95 115.71 46.36 108.05 54.43 51.03 38.84 78.50 97.14 60.32 97.25
c_i_0_lb 0.00 16.10 21.70 0.00 17.50 42.00 46.90 0.00 69.30 0.00 68.60 20.30 0.00 67.20 36.40 65.10 25.90 67.20 37.80 0.00 44.10 0.00 0.00 51.10 21.70 4.90 0.00 36.40 60.90 7.00 19.60 0.00 22.40 0.00 0.00 0.00 44.10 9.80 0.00 18.90 60.90 0.00 47.60 0.70 0.00 0.00 19.60 43.40 0.00 42.00
c_i_0_ub 54.21 67.69 73.37 60.02 69.32 105.22 84.89 59.43 117.58 53.57 126.27 71.00 48.44 109.44 93.92 119.16 75.21 128.68 87.13 53.46 102.66 52.14 59.03 107.51 87.47 72.33 47.28 91.91 112.90 63.47 69.28 52.45 81.73 54.70 60.63 53.02 95.10 64.55 55.76 63.55 116.93 48.11 109.03 56.36 53.28 41.09 79.23 98.26 63.12 97.81
c_1_lb 0.00
c_1_ub 126.68
c_0_lb 0.00
c_0_ub 128.68

BOUND_TIMES
k_max_time 0.001055
Gamma_ub_time 0.000370
B_i_1_lb_time 0.002293
B_i_1_ub_time 0.009174
B_i_0_lb_time 0.002295
B_i_0_ub_time 0.008765

DDRO_PARAMETERS
a_0 8
b_0i 1 1 1 1 1 1 0 1 0 1 1 1 1 0 1 1 1 1 1 1 1 1 1 1 1 1 1 1 1 1 1 1 1 1 1 1 1 1 1 0 1 1 1 1 1 0 1 1 1 1
a_i 0.00 16.10 21.70 0.00 17.50 42.00 46.90 0.00 69.30 0.00 68.60 20.30 0.00 67.20 36.40 65.10 25.90 67.20 37.80 0.00 44.10 0.00 0.00 51.10 21.70 4.90 0.00 36.40 60.90 7.00 19.60 0.00 22.40 0.00 0.00 0.00 44.10 9.80 0.00 18.90 60.90 0.00 47.60 0.70 0.00 0.00 19.60 43.40 0.00 42.00
b_ij
0 0.00 3.19 1.68 3.29 1.54 0.00 1.12 0.00 0.00 2.66 0.00 0.77 0.00 1.96 2.63 0.00 0.00 3.22 1.58 0.00 1.44 2.42 3.15 1.89 2.94 0.00 2.45 1.37 1.61 0.00 0.00 1.26 0.67 0.00 3.19 0.00 0.84 3.43 0.46 1.33 0.07 0.25 3.15 0.00 0.00 2.70 0.00 2.98 0.88 2.73
1 3.19 0.00 1.89 0.00 3.33 2.98 0.00 1.47 3.36 0.28 0.53 3.26 2.87 1.09 0.00 0.88 2.14 3.50 0.77 1.37 0.00 1.96 0.00 1.79 1.79 3.33 0.21 1.30 0.00 1.37 1.51 0.56 0.32 0.00 0.00 0.00 0.74 0.70 2.14 0.21 3.15 0.00 0.00 2.00 0.00 1.37 2.28 3.36 3.15 0.00
2 1.68 1.89 0.00 2.59 0.81 1.44 0.46 0.07 3.40 3.01 0.98 0.00 1.02 0.91 0.00 0.14 1.23 0.49 2.00 0.00 0.77 0.00 0.00 0.00 3.22 2.49 3.47 1.61 0.00 0.42 0.00 2.21 0.49 3.40 0.00 0.00 2.24 0.84 0.00 2.17 0.18 1.44 0.00 3.08 1.12 0.00 2.31 0.00 3.01 3.19
3 3.29 0.00 2.59 0.00 0.60 2.52 0.77 2.94 1.30 2.91 1.65 1.75 1.19 0.00 0.00 3.47 0.88 1.30 1.58 2.56 3.40 0.00 0.00 2.73 1.37 2.38 0.53 0.00 0.00 0.42 0.42 2.03 0.88 3.47 1.93 3.26 2.24 1.65 2.70 1.96 0.00 3.33 2.91 0.00 0.00 0.00 2.10 2.31 0.00 0.95
4 1.54 3.33 0.81 0.60 0.00 1.37 1.12 1.47 0.00 2.07 2.59 3.05 2.28 0.25 1.79 3.33 0.00 0.00 0.00 0.63 0.28 2.24 0.11 0.95 2.73 0.00 1.26 2.84 0.00 1.12 0.00 1.61 2.10 0.00 2.10 0.00 2.73 0.11 1.44 1.68 0.91 0.00 1.68 0.18 2.80 1.30 0.00 1.75 0.81 1.93
5 0.00 2.98 1.44 2.52 1.37 0.00 0.88 0.74 1.33 2.00 0.18 0.00 1.93 0.00 0.07 0.00 1.89 0.00 1.51 2.63 0.46 1.96 2.59 0.00 0.00 0.56 1.72 2.73 3.01 3.43 0.00 3.33 2.84 2.49 3.50 1.86 0.98 2.98 2.84 0.00 2.03 1.33 3.40 2.14 2.94 0.00 0.84 2.35 3.29 2.66
6 1.12 0.00 0.46 0.77 1.12 0.88 0.00 0.70 2.17 0.00 0.00 0.49 0.67 2.31 0.77 0.00 1.37 2.91 1.82 0.00 2.91 1.89 0.00 0.00 1.05 2.21 0.00 0.00 0.00 0.00 0.07 2.07 2.24 0.00 0.21 1.09 2.24 1.61 0.74 0.00 2.21 0.00 0.00 0.84 0.00 0.00 0.00 1.96 0.28 3.26
7 0.00 1.47 0.07 2.94 1.47 0.74 0.70 0.00 1.65 3.33 0.00 1.96 1.23 0.00 0.00 2.31 0.18 1.33 1.75 2.35 0.04 0.00 0.00 3.12 2.52 0.00 3.33 1.58 3.29 2.59 0.21 3.01 1.51 2.07 1.79 3.19 1.79 0.00 1.89 1.23 1.02 0.77 2.63 0.60 1.72 0.00 1.75 1.26 0.77 2.42
8 0.00 3.36 3.40 1.30 0.00 1.33 2.17 1.65 0.00 1.09 0.00 0.00 0.56 0.00 1.02 2.42 0.00 1.93 0.67 0.00 0.00 0.00 2.70 0.07 1.16 0.18 0.00 0.00 1.09 1.40 2.98 1.51 0.84 0.00 3.43 0.04 0.07 0.32 1.26 1.72 2.63 1.79 0.00 0.00 0.63 0.00 3.50 0.81 0.00 2.28
9 2.66 0.28 3.01 2.91 2.07 2.00 0.00 3.33 1.09 0.00 2.10 0.35 0.25 0.00 2.94 2.42 0.00 2.17 2.87 2.31 2.73 0.00 1.40 0.00 1.26 0.46 1.54 2.14 2.03 0.70 1.40 0.00 2.77 0.00 0.49 2.14 0.56 2.91 1.86 0.42 1.75 1.51 2.98 0.00 0.00 0.32 1.30 0.28 1.89 0.18
10 0.00 0.53 0.98 1.65 2.59 0.18 0.00 0.00 0.00 2.10 0.00 2.66 2.17 0.00 0.00 3.50 1.40 2.91 1.16 3.50 2.14 0.63 3.40 1.68 2.52 0.35 2.35 3.12 1.58 3.08 1.51 0.11 3.12 3.43 0.07 2.24 2.91 0.00 0.00 0.70 0.00 0.11 0.00 0.28 2.35 1.23 1.05 0.00 0.00 0.00
11 0.77 3.26 0.00 1.75 3.05 0.00 0.49 1.96 0.00 0.35 2.66 0.00 1.75 0.77 0.00 0.00 2.17 0.46 1.19 0.00 0.28 0.00 0.74 1.79 1.65 0.14 0.39 2.49 0.00 3.22 1.19 0.95 0.56 0.00 1.05 2.63 2.28 0.21 0.25 0.00 0.67 0.25 2.31 0.21 2.98 2.91 1.75 2.38 0.00 2.98
12 0.00 2.87 1.02 1.19 2.28 1.93 0.67 1.23 0.56 0.25 2.17 1.75 0.00 0.00 2.03 0.84 1.44 0.00 0.00 2.38 0.81 1.40 0.56 2.38 2.21 1.86 0.00 3.19 0.07 0.00 0.98 0.00 2.24 0.60 2.94 2.98 0.49 2.07 0.91 1.23 2.56 0.00 0.98 2.14 2.28 1.44 0.00 1.58 0.56 1.75
13 1.96 1.09 0.91 0.00 0.25 0.00 2.31 0.00 0.00 0.00 0.00 0.77 0.00 0.00 1.12 0.00 1.54 1.54 0.00 0.00 0.56 0.00 2.77 0.67 2.17 2.21 2.24 1.37 2.49 1.79 0.00 1.16 2.59 2.00 2.77 2.10 0.00 2.21 0.39 0.63 1.44 0.18 2.14 0.88 0.63 2.21 2.07 0.28 2.03 0.00
14 2.63 0.00 0.00 0.00 1.79 0.07 0.77 0.00 1.02 2.94 0.00 0.00 2.03 1.12 0.00 3.22 3.12 0.00 0.00 3.01 2.70 2.14 2.07 0.00 1.65 3.40 2.91 2.03 2.63 2.21 0.77 0.28 1.30 3.15 2.87 0.00 2.10 1.12 3.29 0.04 1.33 2.45 3.15 2.35 1.02 0.88 0.49 0.00 2.94 3.26
15 0.00 0.88 0.14 3.47 3.33 0.00 0.00 2.31 2.42 2.42 3.50 0.00 0.84 0.00 3.22 0.00 3.22 1.82 1.02 0.00 0.14 2.70 0.00 0.00 2.59 2.31 0.77 2.45 2.35 2.77 0.81 0.70 1.51 0.63 0.81 0.00 1.19 0.00 0.60 0.00 0.00 2.63 3.15 0.42 3.05 0.00 0.00 2.21 0.00 0.00
16 0.00 2.14 1.23 0.88 0.00 1.89 1.37 0.18 0.00 0.00 1.40 2.17 1.44 1.54 3.12 3.22 0.00 0.21 1.68 0.00 0.88 0.00 2.94 2.07 0.28 1.61 0.00 0.00 0.00 0.60 3.29 1.26 0.00 1.75 2.24 0.53 0.56 0.00 1.05 2.10 1.44 2.91 0.00 2.17 1.86 0.11 3.12 0.00 3.01 0.00
17 3.22 3.50 0.49 1.30 0.00 0.00 2.91 1.33 1.93 2.17 2.91 0.46 0.00 1.54 0.00 1.82 0.21 0.00 0.25 1.82 3.01 3.12 2.14 1.02 1.86 0.32 1.12 1.86 1.19 0.98 1.96 2.17 2.17 1.93 2.17 0.00 1.93 0.00 1.54 0.04 2.52 0.84 3.47 2.63 2.10 0.63 3.50 3.50 0.00 0.00
18 1.58 0.77 2.00 1.58 0.00 1.51 1.82 1.75 0.67 2.87 1.16 1.19 0.00 0.00 0.00 1.02 1.68 0.25 0.00 0.00 2.63 2.07 0.00 1.02 1.93 0.70 3.15 0.00 3.33 1.37 0.04 2.42 2.07 0.63 3.29 1.40 2.52 2.38 2.10 1.05 1.12 0.00 0.00 1.96 0.53 2.59 0.39 3.29 0.00 0.84
19 0.00 1.37 0.00 2.56 0.63 2.63 0.00 2.35 0.00 2.31 3.50 0.00 2.38 0.00 3.01 0.00 0.00 1.82 0.00 0.00 0.00 3.29 2.35 1.51 0.00 2.17 1.51 0.00 0.49 0.53 0.91 0.00 2.94 0.00 0.00 1.72 0.56 1.89 1.93 2.98 2.31 3.19 1.54 3.43 2.42 1.40 0.00 0.00 3.26 2.80
20 1.44 0.00 0.77 3.40 0.28 0.46 2.91 0.04 0.00 2.73 2.14 0.28 0.81 0.56 2.70 0.14 0.88 3.01 2.63 0.00 0.00 1.12 0.00 0.56 0.53 1.40 1.44 3.15 2.94 2.84 1.19 0.63 0.00 0.00 3.26 2.07 1.72 0.00 1.54 0.39 1.79 1.75 2.52 1.16 3.29 0.00 2.91 1.93 3.15 1.58
21 2.42 1.96 0.00 0.00 2.24 1.96 1.89 0.00 0.00 0.00 0.63 0.00 1.40 0.00 2.14 2.70 0.00 3.12 2.07 3.29 1.12 0.00 1.51 2.28 2.94 1.30 1.16 1.61 3.43 0.67 0.00 0.00 2.00 1.89 0.00 1.09 3.50 1.79 0.00 0.60 0.00 0.00 0.56 0.00 0.00 0.00 2.42 1.23 3.15 3.15
22 3.15 0.00 0.00 0.00 0.11 2.59 0.00 0.00 2.70 1.40 3.40 0.74 0.56 2.77 2.07 0.00 2.94 2.14 0.00 2.35 0.00 1.51 0.00 0.81 2.73 1.93 0.67 0.00 0.00 2.77 1.96 3.47 0.84 2.38 3.29 1.23 0.81 3.43 0.00 1.61 2.31 3.12 2.42 3.50 2.07 1.93 0.00 1.09 3.22 0.00
23 1.89 1.79 0.00 2.73 0.95 0.00 0.00 3.12 0.07 0.00 1.68 1.79 2.38 0.67 0.00 0.00 2.07 1.02 1.02 1.51 0.56 2.28 0.81 0.00 2.84 0.00 0.74 0.00 0.00 3.43 0.46 0.00 3.01 1.93 3.33 1.82 0.07 1.96 3.08 0.00 3.29 2.80 2.17 0.39 3.40 3.05 0.18 1.54 3.47 2.49
24 2.94 1.79 3.22 1.37 2.73 0.00 1.05 2.52 1.16 1.26 2.52 1.65 2.21 2.17 1.65 2.59 0.28 1.86 1.93 0.00 0.53 2.94 2.73 2.84 0.00 2.21 0.00 0.00 0.77 1.02 2.80 2.70 0.81 2.14 3.15 2.73 2.70 3.08 2.84 2.00 1.79 0.00 3.19 0.98 2.03 0.56 0.63 0.95 1.30 3.19
25 0.00 3.33 2.49 2.38 0.00 0.56 2.21 0.00 0.18 0.46 0.35 0.14 1.86 2.21 3.40 2.31 1.61 0.32 0.70 2.17 1.40 1.30 1.93 0.00 2.21 0.00 0.00 1.26 1.79 2.66 2.35 0.00 0.00 3.33 2.94 1.75 0.00 0.00 3.12 2.35 1.58 2.10 3.15 3.40 2.77 1.75 3.05 3.40 0.63 0.91
26 2.45 0.21 3.47 0.53 1.26 1.72 0.00 3.33 0.00 1.54 2.35 0.39 0.00 2.24 2.91 0.77 0.00 1.12 3.15 1.51 1.44 1.16 0.67 0.74 0.00 0.00 0.00 1.82 1.30 0.00 0.00 3.22 0.00 1.30 1.82 1.16 1.79 0.56 1.26 1.86 0.81 0.42 0.00 2.84 0.07 2.45 1.23 0.00 0.53 0.07
27 1.37 1.30 1.61 0.00 2.84 2.73 0.00 1.58 0.00 2.14 3.12 2.49 3.19 1.37 2.03 2.45 0.00 1.86 0.00 0.00 3.15 1.61 0.00 0.00 0.00 1.26 1.82 0.00 0.53 2.31 1.51 0.95 0.25 2.45 3.40 0.70 1.19 0.00 2.28 0.88 0.00 1.68 2.77 3.40 0.91 0.00 0.00 2.45 0.39 0.11
28 1.61 0.00 0.00 0.00 0.00 3.01 0.00 3.29 1.09 2.03 1.58 0.00 0.07 2.49 2.63 2.35 0.00 1.19 3.33 0.49 2.94 3.43 0.00 0.00 0.77 1.79 1.30 0.53 0.00 2.49 2.42 2.80 0.00 0.00 3.50 2.45 0.32 2.42 1.93 0.00 0.42 1.96 0.77 0.00 2.28 0.00 0.04 0.00 2.94 1.09
29 0.00 1.37 0.42 0.42 1.12 3.43 0.00 2.59 1.40 0.70 3.08 3.22 0.00 1.79 2.21 2.77 0.60 0.98 1.37 0.53 2.84 0.67 2.77 3.43 1.02 2.66 0.00 2.31 2.49 0.00 3.43 0.00 2.94 2.14 0.56 1.16 0.00 0.21 2.10 2.49 3.01 0.00 2.84 0.00 2.17 0.00 2.70 1.47 3.12 0.00
30 0.00 1.51 0.00 0.42 0.00 0.00 0.07 0.21 2.98 1.40 1.51 1.19 0.98 0.00 0.77 0.81 3.29 1.96 0.04 0.91 1.19 0.00 1.96 0.46 2.80 2.35 0.00 1.51 2.42 3.43 0.00 0.00 2.49 0.00 1.30 2.87 2.94 1.96 0.00 1.33 1.37 1.44 2.31 0.00 0.00 0.67 1.37 3.36 1.72 0.70
31 1.26 0.56 2.21 2.03 1.61 3.33 2.07 3.01 1.51 0.00 0.11 0.95 0.00 1.16 0.28 0.70 1.26 2.17 2.42 0.00 0.63 0.00 3.47 0.00 2.70 0.00 3.22 0.95 2.80 0.00 0.00 0.00 1.33 0.95 2.31 1.68 2.52 2.38 2.00 2.45 0.00 0.21 0.00 2.42 0.95 0.00 0.00 2.49 2.59 3.15
32 0.67 0.32 0.49 0.88 2.10 2.84 2.24 1.51 0.84 2.77 3.12 0.56 2.24 2.59 1.30 1.51 0.00 2.17 2.07 2.94 0.00 2.00 0.84 3.01 0.81 0.00 0.00 0.25 0.00 2.94 2.49 1.33 0.00 1.86 2.73 0.98 1.75 2.77 2.28 2.31 0.00 1.44 1.51 0.00 2.49 0.00 1.12 2.42 0.00 1.86
33 0.00 0.00 3.40 3.47 0.00 2.49 0.00 2.07 0.00 0.00 3.43 0.00 0.60 2.00 3.15 0.63 1.75 1.93 0.63 0.00 0.00 1.89 2.38 1.93 2.14 3.33 1.30 2.45 0.00 2.14 0.00 0.95 1.86 0.00 0.00 3.40 1.30 2.24 1.79 0.49 0.00 1.12 0.00 3.12 2.38 0.00 2.31 0.91 0.00 2.94
34 3.19 0.00 0.00 1.93 2.10 3.50 0.21 1.79 3.43 0.49 0.07 1.05 2.94 2.77 2.87 0.81 2.24 2.17 3.29 0.00 3.26 0.00 3.29 3.33 3.15 2.94 1.82 3.40 3.50 0.56 1.30 2.31 2.73 0.00 0.00 2.80 0.07 0.00 0.00 0.28 2.73 0.00 2.56 0.00 0.21 2.45 2.73 0.00 2.63 2.84
35 0.00 0.00 0.00 3.26 0.00 1.86 1.09 3.19 0.04 2.14 2.24 2.63 2.98 2.10 0.00 0.00 0.53 0.00 1.40 1.72 2.07 1.09 1.23 1.82 2.73 1.75 1.16 0.70 2.45 1.16 2.87 1.68 0.98 3.40 2.80 0.00 0.00 0.00 0.00 0.60 2.28 0.00 1.05 3.05 3.05 1.96 2.59 0.00 0.74 0.49
36 0.84 0.74 2.24 2.24 2.73 0.98 2.24 1.79 0.07 0.56 2.91 2.28 0.49 0.00 2.10 1.19 0.56 1.93 2.52 0.56 1.72 3.50 0.81 0.07 2.70 0.00 1.79 1.19 0.32 0.00 2.94 2.52 1.75 1.30 0.07 0.00 0.00 0.00 1.12 0.70 0.67 3.50 0.28 0.63 1.86 0.11 2.66 0.00 3.29 0.42
37 3.43 0.70 0.84 1.65 0.11 2.98 1.61 0.00 0.32 2.91 0.00 0.21 2.07 2.21 1.12 0.00 0.00 0.00 2.38 1.89 0.00 1.79 3.43 1.96 3.08 0.00 0.56 0.00 2.42 0.21 1.96 2.38 2.77 2.24 0.00 0.00 0.00 0.00 0.00 1.12 1.58 0.39 1.26 2.77 1.61 1.44 3.36 3.19 1.51 2.35
38 0.46 2.14 0.00 2.70 1.44 2.84 0.74 1.89 1.26 1.86 0.00 0.25 0.91 0.39 3.29 0.60 1.05 1.54 2.10 1.93 1.54 0.00 0.00 3.08 2.84 3.12 1.26 2.28 1.93 2.10 0.00 2.00 2.28 1.79 0.00 0.00 1.12 0.00 0.00 0.00 3.22 2.03 3.47 0.00 0.67 0.00 2.21 3.19 1.02 0.77
39 1.33 0.21 2.17 1.96 1.68 0.00 0.00 1.23 1.72 0.42 0.70 0.00 1.23 0.63 0.04 0.00 2.10 0.04 1.05 2.98 0.39 0.60 1.61 0.00 2.00 2.35 1.86 0.88 0.00 2.49 1.33 2.45 2.31 0.49 0.28 0.60 0.70 1.12 0.00 0.00 2.94 0.56 2.14 2.80 0.81 0.00 0.00 0.49 0.00 2.00
40 0.07 3.15 0.18 0.00 0.91 2.03 2.21 1.02 2.63 1.75 0.00 0.67 2.56 1.44 1.33 0.00 1.44 2.52 1.12 2.31 1.79 0.00 2.31 3.29 1.79 1.58 0.81 0.00 0.42 3.01 1.37 0.00 0.00 0.00 2.73 2.28 0.67 1.58 3.22 2.94 0.00 1.86 1.65 1.93 0.35 0.00 3.26 1.89 1.44 0.00
41 0.25 0.00 1.44 3.33 0.00 1.33 0.00 0.77 1.79 1.51 0.11 0.25 0.00 0.18 2.45 2.63 2.91 0.84 0.00 3.19 1.75 0.00 3.12 2.80 0.00 2.10 0.42 1.68 1.96 0.00 1.44 0.21 1.44 1.12 0.00 0.00 3.50 0.39 2.03 0.56 1.86 0.00 0.00 0.00 1.05 0.39 0.39 0.00 2.52 1.54
42 3.15 0.00 0.00 2.91 1.68 3.40 0.00 2.63 0.00 2.98 0.00 2.31 0.98 2.14 3.15 3.15 0.00 3.47 0.00 1.54 2.52 0.56 2.42 2.17 3.19 3.15 0.00 2.77 0.77 2.84 2.31 0.00 1.51 0.00 2.56 1.05 0.28 1.26 3.47 2.14 1.65 0.00 0.00 1.23 2.42 0.91 3.47 0.25 3.05 0.00
43 0.00 2.00 3.08 0.00 0.18 2.14 0.84 0.60 0.00 0.00 0.28 0.21 2.14 0.88 2.35 0.42 2.17 2.63 1.96 3.43 1.16 0.00 3.50 0.39 0.98 3.40 2.84 3.40 0.00 0.00 0.00 2.42 0.00 3.12 0.00 3.05 0.63 2.77 0.00 2.80 1.93 0.00 1.23 0.00 2.14 0.00 1.23 0.21 0.00 0.81
44 0.00 0.00 1.12 0.00 2.80 2.94 0.00 1.72 0.63 0.00 2.35 2.98 2.28 0.63 1.02 3.05 1.86 2.10 0.53 2.42 3.29 0.00 2.07 3.40 2.03 2.77 0.07 0.91 2.28 2.17 0.00 0.95 2.49 2.38 0.21 3.05 1.86 1.61 0.67 0.81 0.35 1.05 2.42 2.14 0.00 2.63 0.70 1.93 2.70 1.58
45 2.70 1.37 0.00 0.00 1.30 0.00 0.00 0.00 0.00 0.32 1.23 2.91 1.44 2.21 0.88 0.00 0.11 0.63 2.59 1.40 0.00 0.00 1.93 3.05 0.56 1.75 2.45 0.00 0.00 0.00 0.67 0.00 0.00 0.00 2.45 1.96 0.11 1.44 0.00 0.00 0.00 0.39 0.91 0.00 2.63 0.00 1.02 3.19 0.25 2.03
46 0.00 2.28 2.31 2.10 0.00 0.84 0.00 1.75 3.50 1.30 1.05 1.75 0.00 2.07 0.49 0.00 3.12 3.50 0.39 0.00 2.91 2.42 0.00 0.18 0.63 3.05 1.23 0.00 0.04 2.70 1.37 0.00 1.12 2.31 2.73 2.59 2.66 3.36 2.21 0.00 3.26 0.39 3.47 1.23 0.70 1.02 0.00 1.12 2.14 0.56
47 2.98 3.36 0.00 2.31 1.75 2.35 1.96 1.26 0.81 0.28 0.00 2.38 1.58 0.28 0.00 2.21 0.00 3.50 3.29 0.00 1.93 1.23 1.09 1.54 0.95 3.40 0.00 2.45 0.00 1.47 3.36 2.49 2.42 0.91 0.00 0.00 0.00 3.19 3.19 0.49 1.89 0.00 0.25 0.21 1.93 3.19 1.12 0.00 0.74 2.66
48 0.88 3.15 3.01 0.00 0.81 3.29 0.28 0.77 0.00 1.89 0.00 0.00 0.56 2.03 2.94 0.00 3.01 0.00 0.00 3.26 3.15 3.15 3.22 3.47 1.30 0.63 0.53 0.39 2.94 3.12 1.72 2.59 0.00 0.00 2.63 0.74 3.29 1.51 1.02 0.00 1.44 2.52 3.05 0.00 2.70 0.25 2.14 0.74 0.00 3.36
49 2.73 0.00 3.19 0.95 1.93 2.66 3.26 2.42 2.28 0.18 0.00 2.98 1.75 0.00 3.26 0.00 0.00 0.00 0.84 2.80 1.58 3.15 0.00 2.49 3.19 0.91 0.07 0.11 1.09 0.00 0.70 3.15 1.86 2.94 2.84 0.49 0.42 2.35 0.77 2.00 0.00 1.54 0.00 0.81 1.58 2.03 0.56 2.66 3.36 0.00

ITEMS
nominal_profits 0.00 23.00 31.00 0.00 25.00 60.00 67.00 0.00 99.00 0.00 98.00 29.00 0.00 96.00 52.00 93.00 37.00 96.00 54.00 0.00 63.00 0.00 0.00 73.00 31.00 7.00 0.00 52.00 87.00 10.00 28.00 0.00 32.00 0.00 0.00 0.00 63.00 14.00 0.00 27.00 87.00 0.00 68.00 1.00 0.00 0.00 28.00 62.00 0.00 60.00
weights 47 3 2 4 36 48 12 33 11 10 19 43 18 30 5 5 34 32 31 8 45 41 41 37 21 35 26 29 50 1 3 19 36 8 22 2 12 42 22 19 27 47 17 33 38 47 11 23 44 14
capacity 484
k_max 31

COMMENTS
original_pairwise_profits
0 0.00 91.00 48.00 94.00 44.00 0.00 32.00 0.00 0.00 76.00 0.00 22.00 0.00 56.00 75.00 0.00 0.00 92.00 45.00 0.00 41.00 69.00 90.00 54.00 84.00 0.00 70.00 39.00 46.00 0.00 0.00 36.00 19.00 0.00 91.00 0.00 24.00 98.00 13.00 38.00 2.00 7.00 90.00 0.00 0.00 77.00 0.00 85.00 25.00 78.00
1 91.00 0.00 54.00 0.00 95.00 85.00 0.00 42.00 96.00 8.00 15.00 93.00 82.00 31.00 0.00 25.00 61.00 100.00 22.00 39.00 0.00 56.00 0.00 51.00 51.00 95.00 6.00 37.00 0.00 39.00 43.00 16.00 9.00 0.00 0.00 0.00 21.00 20.00 61.00 6.00 90.00 0.00 0.00 57.00 0.00 39.00 65.00 96.00 90.00 0.00
2 48.00 54.00 0.00 74.00 23.00 41.00 13.00 2.00 97.00 86.00 28.00 0.00 29.00 26.00 0.00 4.00 35.00 14.00 57.00 0.00 22.00 0.00 0.00 0.00 92.00 71.00 99.00 46.00 0.00 12.00 0.00 63.00 14.00 97.00 0.00 0.00 64.00 24.00 0.00 62.00 5.00 41.00 0.00 88.00 32.00 0.00 66.00 0.00 86.00 91.00
3 94.00 0.00 74.00 0.00 17.00 72.00 22.00 84.00 37.00 83.00 47.00 50.00 34.00 0.00 0.00 99.00 25.00 37.00 45.00 73.00 97.00 0.00 0.00 78.00 39.00 68.00 15.00 0.00 0.00 12.00 12.00 58.00 25.00 99.00 55.00 93.00 64.00 47.00 77.00 56.00 0.00 95.00 83.00 0.00 0.00 0.00 60.00 66.00 0.00 27.00
4 44.00 95.00 23.00 17.00 0.00 39.00 32.00 42.00 0.00 59.00 74.00 87.00 65.00 7.00 51.00 95.00 0.00 0.00 0.00 18.00 8.00 64.00 3.00 27.00 78.00 0.00 36.00 81.00 0.00 32.00 0.00 46.00 60.00 0.00 60.00 0.00 78.00 3.00 41.00 48.00 26.00 0.00 48.00 5.00 80.00 37.00 0.00 50.00 23.00 55.00
5 0.00 85.00 41.00 72.00 39.00 0.00 25.00 21.00 38.00 57.00 5.00 0.00 55.00 0.00 2.00 0.00 54.00 0.00 43.00 75.00 13.00 56.00 74.00 0.00 0.00 16.00 49.00 78.00 86.00 98.00 0.00 95.00 81.00 71.00 100.00 53.00 28.00 85.00 81.00 0.00 58.00 38.00 97.00 61.00 84.00 0.00 24.00 67.00 94.00 76.00
6 32.00 0.00 13.00 22.00 32.00 25.00 0.00 20.00 62.00 0.00 0.00 14.00 19.00 66.00 22.00 0.00 39.00 83.00 52.00 0.00 83.00 54.00 0.00 0.00 30.00 63.00 0.00 0.00 0.00 0.00 2.00 59.00 64.00 0.00 6.00 31.00 64.00 46.00 21.00 0.00 63.00 0.00 0.00 24.00 0.00 0.00 0.00 56.00 8.00 93.00
7 0.00 42.00 2.00 84.00 42.00 21.00 20.00 0.00 47.00 95.00 0.00 56.00 35.00 0.00 0.00 66.00 5.00 38.00 50.00 67.00 1.00 0.00 0.00 89.00 72.00 0.00 95.00 45.00 94.00 74.00 6.00 86.00 43.00 59.00 51.00 91.00 51.00 0.00 54.00 35.00 29.00 22.00 75.00 17.00 49.00 0.00 50.00 36.00 22.00 69.00
8 0.00 96.00 97.00 37.00 0.00 38.00 62.00 47.00 0.00 31.00 0.00 0.00 16.00 0.00 29.00 69.00 0.00 55.00 19.00 0.00 0.00 0.00 77.00 2.00 33.00 5.00 0.00 0.00 31.00 40.00 85.00 43.00 24.00 0.00 98.00 1.00 2.00 9.00 36.00 49.00 75.00 51.00 0.00 0.00 18.00 0.00 100.00 23.00 0.00 65.00
9 76.00 8.00 86.00 83.00 59.00 57.00 0.00 95.00 31.00 0.00 60.00 10.00 7.00 0.00 84.00 69.00 0.00 62.00 82.00 66.00 78.00 0.00 40.00 0.00 36.00 13.00 44.00 61.00 58.00 20.00 40.00 0.00 79.00 0.00 14.00 61.00 16.00 83.00 53.00 12.00 50.00 43.00 85.00 0.00 0.00 9.00 37.00 8.00 54.00 5.00
10 0.00 15.00 28.00 47.00 74.00 5.00 0.00 0.00 0.00 60.00 0.00 76.00 62.00 0.00 0.00 100.00 40.00 83.00 33.00 100.00 61.00 18.00 97.00 48.00 72.00 10.00 67.00 89.00 45.00 88.00 43.00 3.00 89.00 98.00 2.00 64.00 83.00 0.00 0.00 20.00 0.00 3.00 0.00 8.00 67.00 35.00 30.00 0.00 0.00 0.00
11 22.00 93.00 0.00 50.00 87.00 0.00 14.00 56.00 0.00 10.00 76.00 0.00 50.00 22.00 0.00 0.00 62.00 13.00 34.00 0.00 8.00 0.00 21.00 51.00 47.00 4.00 11.00 71.00 0.00 92.00 34.00 27.00 16.00 0.00 30.00 75.00 65.00 6.00 7.00 0.00 19.00 7.00 66.00 6.00 85.00 83.00 50.00 68.00 0.00 85.00
12 0.00 82.00 29.00 34.00 65.00 55.00 19.00 35.00 16.00 7.00 62.00 50.00 0.00 0.00 58.00 24.00 41.00 0.00 0.00 68.00 23.00 40.00 16.00 68.00 63.00 53.00 0.00 91.00 2.00 0.00 28.00 0.00 64.00 17.00 84.00 85.00 14.00 59.00 26.00 35.00 73.00 0.00 28.00 61.00 65.00 41.00 0.00 45.00 16.00 50.00
13 56.00 31.00 26.00 0.00 7.00 0.00 66.00 0.00 0.00 0.00 0.00 22.00 0.00 0.00 32.00 0.00 44.00 44.00 0.00 0.00 16.00 0.00 79.00 19.00 62.00 63.00 64.00 39.00 71.00 51.00 0.00 33.00 74.00 57.00 79.00 60.00 0.00 63.00 11.00 18.00 41.00 5.00 61.00 25.00 18.00 63.00 59.00 8.00 58.00 0.00
14 75.00 0.00 0.00 0.00 51.00 2.00 22.00 0.00 29.00 84.00 0.00 0.00 58.00 32.00 0.00 92.00 89.00 0.00 0.00 86.00 77.00 61.00 59.00 0.00 47.00 97.00 83.00 58.00 75.00 63.00 22.00 8.00 37.00 90.00 82.00 0.00 60.00 32.00 94.00 1.00 38.00 70.00 90.00 67.00 29.00 25.00 14.00 0.00 84.00 93.00
15 0.00 25.00 4.00 99.00 95.00 0.00 0.00 66.00 69.00 69.00 100.00 0.00 24.00 0.00 92.00 0.00 92.00 52.00 29.00 0.00 4.00 77.00 0.00 0.00 74.00 66.00 22.00 70.00 67.00 79.00 23.00 20.00 43.00 18.00 23.00 0.00 34.00 0.00 17.00 0.00 0.00 75.00 90.00 12.00 87.00 0.00 0.00 63.00 0.00 0.00
16 0.00 61.00 35.00 25.00 0.00 54.00 39.00 5.00 0.00 0.00 40.00 62.00 41.00 44.00 89.00 92.00 0.00 6.00 48.00 0.00 25.00 0.00 84.00 59.00 8.00 46.00 0.00 0.00 0.00 17.00 94.00 36.00 0.00 50.00 64.00 15.00 16.00 0.00 30.00 60.00 41.00 83.00 0.00 62.00 53.00 3.00 89.00 0.00 86.00 0.00
17 92.00 100.00 14.00 37.00 0.00 0.00 83.00 38.00 55.00 62.00 83.00 13.00 0.00 44.00 0.00 52.00 6.00 0.00 7.00 52.00 86.00 89.00 61.00 29.00 53.00 9.00 32.00 53.00 34.00 28.00 56.00 62.00 62.00 55.00 62.00 0.00 55.00 0.00 44.00 1.00 72.00 24.00 99.00 75.00 60.00 18.00 100.00 100.00 0.00 0.00
18 45.00 22.00 57.00 45.00 0.00 43.00 52.00 50.00 19.00 82.00 33.00 34.00 0.00 0.00 0.00 29.00 48.00 7.00 0.00 0.00 75.00 59.00 0.00 29.00 55.00 20.00 90.00 0.00 95.00 39.00 1.00 69.00 59.00 18.00 94.00 40.00 72.00 68.00 60.00 30.00 32.00 0.00 0.00 56.00 15.00 74.00 11.00 94.00 0.00 24.00
19 0.00 39.00 0.00 73.00 18.00 75.00 0.00 67.00 0.00 66.00 100.00 0.00 68.00 0.00 86.00 0.00 0.00 52.00 0.00 0.00 0.00 94.00 67.00 43.00 0.00 62.00 43.00 0.00 14.00 15.00 26.00 0.00 84.00 0.00 0.00 49.00 16.00 54.00 55.00 85.00 66.00 91.00 44.00 98.00 69.00 40.00 0.00 0.00 93.00 80.00
20 41.00 0.00 22.00 97.00 8.00 13.00 83.00 1.00 0.00 78.00 61.00 8.00 23.00 16.00 77.00 4.00 25.00 86.00 75.00 0.00 0.00 32.00 0.00 16.00 15.00 40.00 41.00 90.00 84.00 81.00 34.00 18.00 0.00 0.00 93.00 59.00 49.00 0.00 44.00 11.00 51.00 50.00 72.00 33.00 94.00 0.00 83.00 55.00 90.00 45.00
21 69.00 56.00 0.00 0.00 64.00 56.00 54.00 0.00 0.00 0.00 18.00 0.00 40.00 0.00 61.00 77.00 0.00 89.00 59.00 94.00 32.00 0.00 43.00 65.00 84.00 37.00 33.00 46.00 98.00 19.00 0.00 0.00 57.00 54.00 0.00 31.00 100.00 51.00 0.00 17.00 0.00 0.00 16.00 0.00 0.00 0.00 69.00 35.00 90.00 90.00
22 90.00 0.00 0.00 0.00 3.00 74.00 0.00 0.00 77.00 40.00 97.00 21.00 16.00 79.00 59.00 0.00 84.00 61.00 0.00 67.00 0.00 43.00 0.00 23.00 78.00 55.00 19.00 0.00 0.00 79.00 56.00 99.00 24.00 68.00 94.00 35.00 23.00 98.00 0.00 46.00 66.00 89.00 69.00 100.00 59.00 55.00 0.00 31.00 92.00 0.00
23 54.00 51.00 0.00 78.00 27.00 0.00 0.00 89.00 2.00 0.00 48.00 51.00 68.00 19.00 0.00 0.00 59.00 29.00 29.00 43.00 16.00 65.00 23.00 0.00 81.00 0.00 21.00 0.00 0.00 98.00 13.00 0.00 86.00 55.00 95.00 52.00 2.00 56.00 88.00 0.00 94.00 80.00 62.00 11.00 97.00 87.00 5.00 44.00 99.00 71.00
24 84.00 51.00 92.00 39.00 78.00 0.00 30.00 72.00 33.00 36.00 72.00 47.00 63.00 62.00 47.00 74.00 8.00 53.00 55.00 0.00 15.00 84.00 78.00 81.00 0.00 63.00 0.00 0.00 22.00 29.00 80.00 77.00 23.00 61.00 90.00 78.00 77.00 88.00 81.00 57.00 51.00 0.00 91.00 28.00 58.00 16.00 18.00 27.00 37.00 91.00
25 0.00 95.00 71.00 68.00 0.00 16.00 63.00 0.00 5.00 13.00 10.00 4.00 53.00 63.00 97.00 66.00 46.00 9.00 20.00 62.00 40.00 37.00 55.00 0.00 63.00 0.00 0.00 36.00 51.00 76.00 67.00 0.00 0.00 95.00 84.00 50.00 0.00 0.00 89.00 67.00 45.00 60.00 90.00 97.00 79.00 50.00 87.00 97.00 18.00 26.00
26 70.00 6.00 99.00 15.00 36.00 49.00 0.00 95.00 0.00 44.00 67.00 11.00 0.00 64.00 83.00 22.00 0.00 32.00 90.00 43.00 41.00 33.00 19.00 21.00 0.00 0.00 0.00 52.00 37.00 0.00 0.00 92.00 0.00 37.00 52.00 33.00 51.00 16.00 36.00 53.00 23.00 12.00 0.00 81.00 2.00 70.00 35.00 0.00 15.00 2.00
27 39.00 37.00 46.00 0.00 81.00 78.00 0.00 45.00 0.00 61.00 89.00 71.00 91.00 39.00 58.00 70.00 0.00 53.00 0.00 0.00 90.00 46.00 0.00 0.00 0.00 36.00 52.00 0.00 15.00 66.00 43.00 27.00 7.00 70.00 97.00 20.00 34.00 0.00 65.00 25.00 0.00 48.00 79.00 97.00 26.00 0.00 0.00 70.00 11.00 3.00
28 46.00 0.00 0.00 0.00 0.00 86.00 0.00 94.00 31.00 58.00 45.00 0.00 2.00 71.00 75.00 67.00 0.00 34.00 95.00 14.00 84.00 98.00 0.00 0.00 22.00 51.00 37.00 15.00 0.00 71.00 69.00 80.00 0.00 0.00 100.00 70.00 9.00 69.00 55.00 0.00 12.00 56.00 22.00 0.00 65.00 0.00 1.00 0.00 84.00 31.00
29 0.00 39.00 12.00 12.00 32.00 98.00 0.00 74.00 40.00 20.00 88.00 92.00 0.00 51.00 63.00 79.00 17.00 28.00 39.00 15.00 81.00 19.00 79.00 98.00 29.00 76.00 0.00 66.00 71.00 0.00 98.00 0.00 84.00 61.00 16.00 33.00 0.00 6.00 60.00 71.00 86.00 0.00 81.00 0.00 62.00 0.00 77.00 42.00 89.00 0.00
30 0.00 43.00 0.00 12.00 0.00 0.00 2.00 6.00 85.00 40.00 43.00 34.00 28.00 0.00 22.00 23.00 94.00 56.00 1.00 26.00 34.00 0.00 56.00 13.00 80.00 67.00 0.00 43.00 69.00 98.00 0.00 0.00 71.00 0.00 37.00 82.00 84.00 56.00 0.00 38.00 39.00 41.00 66.00 0.00 0.00 19.00 39.00 96.00 49.00 20.00
31 36.00 16.00 63.00 58.00 46.00 95.00 59.00 86.00 43.00 0.00 3.00 27.00 0.00 33.00 8.00 20.00 36.00 62.00 69.00 0.00 18.00 0.00 99.00 0.00 77.00 0.00 92.00 27.00 80.00 0.00 0.00 0.00 38.00 27.00 66.00 48.00 72.00 68.00 57.00 70.00 0.00 6.00 0.00 69.00 27.00 0.00 0.00 71.00 74.00 90.00
32 19.00 9.00 14.00 25.00 60.00 81.00 64.00 43.00 24.00 79.00 89.00 16.00 64.00 74.00 37.00 43.00 0.00 62.00 59.00 84.00 0.00 57.00 24.00 86.00 23.00 0.00 0.00 7.00 0.00 84.00 71.00 38.00 0.00 53.00 78.00 28.00 50.00 79.00 65.00 66.00 0.00 41.00 43.00 0.00 71.00 0.00 32.00 69.00 0.00 53.00
33 0.00 0.00 97.00 99.00 0.00 71.00 0.00 59.00 0.00 0.00 98.00 0.00 17.00 57.00 90.00 18.00 50.00 55.00 18.00 0.00 0.00 54.00 68.00 55.00 61.00 95.00 37.00 70.00 0.00 61.00 0.00 27.00 53.00 0.00 0.00 97.00 37.00 64.00 51.00 14.00 0.00 32.00 0.00 89.00 68.00 0.00 66.00 26.00 0.00 84.00
34 91.00 0.00 0.00 55.00 60.00 100.00 6.00 51.00 98.00 14.00 2.00 30.00 84.00 79.00 82.00 23.00 64.00 62.00 94.00 0.00 93.00 0.00 94.00 95.00 90.00 84.00 52.00 97.00 100.00 16.00 37.00 66.00 78.00 0.00 0.00 80.00 2.00 0.00 0.00 8.00 78.00 0.00 73.00 0.00 6.00 70.00 78.00 0.00 75.00 81.00
35 0.00 0.00 0.00 93.00 0.00 53.00 31.00 91.00 1.00 61.00 64.00 75.00 85.00 60.00 0.00 0.00 15.00 0.00 40.00 49.00 59.00 31.00 35.00 52.00 78.00 50.00 33.00 20.00 70.00 33.00 82.00 48.00 28.00 97.00 80.00 0.00 0.00 0.00 0.00 17.00 65.00 0.00 30.00 87.00 87.00 56.00 74.00 0.00 21.00 14.00
36 24.00 21.00 64.00 64.00 78.00 28.00 64.00 51.00 2.00 16.00 83.00 65.00 14.00 0.00 60.00 34.00 16.00 55.00 72.00 16.00 49.00 100.00 23.00 2.00 77.00 0.00 51.00 34.00 9.00 0.00 84.00 72.00 50.00 37.00 2.00 0.00 0.00 0.00 32.00 20.00 19.00 100.00 8.00 18.00 53.00 3.00 76.00 0.00 94.00 12.00
37 98.00 20.00 24.00 47.00 3.00 85.00 46.00 0.00 9.00 83.00 0.00 6.00 59.00 63.00 32.00 0.00 0.00 0.00 68.00 54.00 0.00 51.00 98.00 56.00 88.00 0.00 16.00 0.00 69.00 6.00 56.00 68.00 79.00 64.00 0.00 0.00 0.00 0.00 0.00 32.00 45.00 11.00 36.00 79.00 46.00 41.00 96.00 91.00 43.00 67.00
38 13.00 61.00 0.00 77.00 41.00 81.00 21.00 54.00 36.00 53.00 0.00 7.00 26.00 11.00 94.00 17.00 30.00 44.00 60.00 55.00 44.00 0.00 0.00 88.00 81.00 89.00 36.00 65.00 55.00 60.00 0.00 57.00 65.00 51.00 0.00 0.00 32.00 0.00 0.00 0.00 92.00 58.00 99.00 0.00 19.00 0.00 63.00 91.00 29.00 22.00
39 38.00 6.00 62.00 56.00 48.00 0.00 0.00 35.00 49.00 12.00 20.00 0.00 35.00 18.00 1.00 0.00 60.00 1.00 30.00 85.00 11.00 17.00 46.00 0.00 57.00 67.00 53.00 25.00 0.00 71.00 38.00 70.00 66.00 14.00 8.00 17.00 20.00 32.00 0.00 0.00 84.00 16.00 61.00 80.00 23.00 0.00 0.00 14.00 0.00 57.00
40 2.00 90.00 5.00 0.00 26.00 58.00 63.00 29.00 75.00 50.00 0.00 19.00 73.00 41.00 38.00 0.00 41.00 72.00 32.00 66.00 51.00 0.00 66.00 94.00 51.00 45.00 23.00 0.00 12.00 86.00 39.00 0.00 0.00 0.00 78.00 65.00 19.00 45.00 92.00 84.00 0.00 53.00 47.00 55.00 10.00 0.00 93.00 54.00 41.00 0.00
41 7.00 0.00 41.00 95.00 0.00 38.00 0.00 22.00 51.00 43.00 3.00 7.00 0.00 5.00 70.00 75.00 83.00 24.00 0.00 91.00 50.00 0.00 89.00 80.00 0.00 60.00 12.00 48.00 56.00 0.00 41.00 6.00 41.00 32.00 0.00 0.00 100.00 11.00 58.00 16.00 53.00 0.00 0.00 0.00 30.00 11.00 11.00 0.00 72.00 44.00
42 90.00 0.00 0.00 83.00 48.00 97.00 0.00 75.00 0.00 85.00 0.00 66.00 28.00 61.00 90.00 90.00 0.00 99.00 0.00 44.00 72.00 16.00 69.00 62.00 91.00 90.00 0.00 79.00 22.00 81.00 66.00 0.00 43.00 0.00 73.00 30.00 8.00 36.00 99.00 61.00 47.00 0.00 0.00 35.00 69.00 26.00 99.00 7.00 87.00 0.00
43 0.00 57.00 88.00 0.00 5.00 61.00 24.00 17.00 0.00 0.00 8.00 6.00 61.00 25.00 67.00 12.00 62.00 75.00 56.00 98.00 33.00 0.00 100.00 11.00 28.00 97.00 81.00 97.00 0.00 0.00 0.00 69.00 0.00 89.00 0.00 87.00 18.00 79.00 0.00 80.00 55.00 0.00 35.00 0.00 61.00 0.00 35.00 6.00 0.00 23.00
44 0.00 0.00 32.00 0.00 80.00 84.00 0.00 49.00 18.00 0.00 67.00 85.00 65.00 18.00 29.00 87.00 53.00 60.00 15.00 69.00 94.00 0.00 59.00 97.00 58.00 79.00 2.00 26.00 65.00 62.00 0.00 27.00 71.00 68.00 6.00 87.00 53.00 46.00 19.00 23.00 10.00 30.00 69.00 61.00 0.00 75.00 20.00 55.00 77.00 45.00
45 77.00 39.00 0.00 0.00 37.00 0.00 0.00 0.00 0.00 9.00 35.00 83.00 41.00 63.00 25.00 0.00 3.00 18.00 74.00 40.00 0.00 0.00 55.00 87.00 16.00 50.00 70.00 0.00 0.00 0.00 19.00 0.00 0.00 0.00 70.00 56.00 3.00 41.00 0.00 0.00 0.00 11.00 26.00 0.00 75.00 0.00 29.00 91.00 7.00 58.00
46 0.00 65.00 66.00 60.00 0.00 24.00 0.00 50.00 100.00 37.00 30.00 50.00 0.00 59.00 14.00 0.00 89.00 100.00 11.00 0.00 83.00 69.00 0.00 5.00 18.00 87.00 35.00 0.00 1.00 77.00 39.00 0.00 32.00 66.00 78.00 74.00 76.00 96.00 63.00 0.00 93.00 11.00 99.00 35.00 20.00 29.00 0.00 32.00 61.00 16.00
47 85.00 96.00 0.00 66.00 50.00 67.00 56.00 36.00 23.00 8.00 0.00 68.00 45.00 8.00 0.00 63.00 0.00 100.00 94.00 0.00 55.00 35.00 31.00 44.00 27.00 97.00 0.00 70.00 0.00 42.00 96.00 71.00 69.00 26.00 0.00 0.00 0.00 91.00 91.00 14.00 54.00 0.00 7.00 6.00 55.00 91.00 32.00 0.00 21.00 76.00
48 25.00 90.00 86.00 0.00 23.00 94.00 8.00 22.00 0.00 54.00 0.00 0.00 16.00 58.00 84.00 0.00 86.00 0.00 0.00 93.00 90.00 90.00 92.00 99.00 37.00 18.00 15.00 11.00 84.00 89.00 49.00 74.00 0.00 0.00 75.00 21.00 94.00 43.00 29.00 0.00 41.00 72.00 87.00 0.00 77.00 7.00 61.00 21.00 0.00 96.00
49 78.00 0.00 91.00 27.00 55.00 76.00 93.00 69.00 65.00 5.00 0.00 85.00 50.00 0.00 93.00 0.00 0.00 0.00 24.00 80.00 45.00 90.00 0.00 71.00 91.00 26.00 2.00 3.00 31.00 0.00 20.00 90.00 53.00 84.00 81.00 14.00 12.00 67.00 22.00 57.00 0.00 44.00 0.00 23.00 45.00 58.00 16.00 76.00 96.00 0.00
mcp_obj 31
mcp_gap 0
mcp_x 0 1 1 1 0 0 1 0 1 1 1 0 1 1 1 1 0 1 1 1 0 0 0 0 1 0 1 1 0 1 1 1 0 1 1 1 1 0 1 1 1 0 1 0 0 0 1 1 0 1
