NAME N50_rc_0.7_rGamma_1_dc_0.035_dGamma_0.0005_jeu_50_75_3.txt
NUM_ITEMS 50
SOURCE jeu_50_75_3
PARAMETERS
r_c 0.7
r_Gamma 1
d_c 0.035
d_Gamma 0.0005

BOUNDS
c_lb 0.00
c_ub 120.72
Gamma_lb 6
Gamma_ub 30
B_i_1_lb 0.00 0.00 0.00 0.00 0.00 0.00 0.00 0.00 0.00 0.00 0.00 0.00 0.00 0.00 0.00 0.00 0.00 0.00 0.00 0.00 0.00 0.00 0.00 0.00 0.00 0.00 0.00 0.00 0.00 0.00 0.00 0.00 0.00 0.00 0.00 0.00 0.00 0.00 0.00 0.00 0.00 0.00 0.00 0.00 0.00 0.00 0.00 0.00 0.00 0.00
B_i_1_ub 29.07 37.95 49.42 41.01 43.95 40.50 36.20 38.65 39.92 47.75 50.76 42.62 37.84 40.88 38.97 40.74 42.37 41.80 47.47 37.64 46.34 42.95 39.34 45.91 41.95 42.30 48.13 39.90 32.58 37.84 41.28 41.24 43.07 44.84 46.06 42.92 42.33 39.09 37.78 51.85 50.11 40.72 40.36 42.53 45.49 42.87 40.29 38.77 45.34 36.82
B_i_0_lb 0.00 0.00 0.00 0.00 0.00 0.00 0.00 0.00 0.00 0.00 0.00 0.00 0.00 0.00 0.00 0.00 0.00 0.00 0.00 0.00 0.00 0.00 0.00 0.00 0.00 0.00 0.00 0.00 0.00 0.00 0.00 0.00 0.00 0.00 0.00 0.00 0.00 0.00 0.00 0.00 0.00 0.00 0.00 0.00 0.00 0.00 0.00 0.00 0.00 0.00
B_i_0_ub 32.33 38.86 51.91 44.27 44.51 40.88 39.32 39.39 40.98 51.01 53.21 42.73 37.87 43.78 39.32 44.52 44.93 44.05 48.38 37.71 50.89 43.72 42.50 49.27 45.76 44.29 50.72 40.04 33.67 38.89 42.19 43.70 44.08 46.07 48.62 44.74 44.19 42.94 40.06 53.57 50.78 44.05 41.55 43.47 47.31 45.22 40.29 41.22 45.34 39.93
c_i_1_lb 66.50 32.20 32.90 28.70 16.10 0.00 65.80 52.50 14.70 15.40 0.00 4.20 67.20 0.00 0.00 0.00 56.00 60.90 26.60 32.90 21.00 5.60 0.00 8.40 54.60 8.40 70.00 0.00 51.80 2.80 10.50 56.70 0.00 42.00 0.00 0.00 35.70 0.00 39.20 7.00 37.10 63.00 53.90 23.10 37.10 0.00 37.80 26.60 70.00 17.50
c_i_1_ub 95.57 70.15 82.32 69.71 60.05 40.50 102.00 91.15 54.62 63.15 50.76 46.82 105.04 40.88 38.97 40.74 98.37 102.70 74.07 70.54 67.34 48.55 39.34 54.31 96.55 50.70 118.13 39.90 84.38 40.64 51.78 97.94 43.07 86.84 46.06 42.92 78.03 39.09 76.98 58.85 87.21 103.72 94.26 65.63 82.59 42.87 78.09 65.37 115.34 54.32
c_i_0_lb 66.50 32.20 32.90 28.70 16.10 0.00 65.80 52.50 14.70 15.40 0.00 4.20 67.20 0.00 0.00 0.00 56.00 60.90 26.60 32.90 21.00 5.60 0.00 8.40 54.60 8.40 70.00 0.00 51.80 2.80 10.50 56.70 0.00 42.00 0.00 0.00 35.70 0.00 39.20 7.00 37.10 63.00 53.90 23.10 37.10 0.00 37.80 26.60 70.00 17.50
c_i_0_ub 98.83 71.06 84.81 72.97 60.61 40.88 105.12 91.89 55.68 66.41 53.21 46.93 105.07 43.78 39.32 44.52 100.93 104.95 74.98 70.61 71.89 49.32 42.50 57.67 100.36 52.69 120.72 40.04 85.47 41.69 52.69 100.40 44.08 88.07 48.62 44.74 79.89 42.94 79.26 60.57 87.88 107.05 95.45 66.57 84.41 45.22 78.09 67.82 115.34 57.43
c_1_lb 0.00
c_1_ub 118.13
c_0_lb 0.00
c_0_ub 120.72

BOUND_TIMES
k_max_time 0.001185
Gamma_ub_time 0.000366
B_i_1_lb_time 0.002312
B_i_1_ub_time 0.008693
B_i_0_lb_time 0.002450
B_i_0_ub_time 0.008627

DDRO_PARAMETERS
a_0 6
b_0i 1 1 1 1 1 1 1 1 1 1 1 1 1 1 0 1 1 1 1 1 1 1 1 1 1 1 1 1 1 1 1 1 1 1 1 1 1 1 1 1 1 1 1 1 1 1 1 1 1 1
a_i 66.50 32.20 32.90 28.70 16.10 0.00 65.80 52.50 14.70 15.40 0.00 4.20 67.20 0.00 0.00 0.00 56.00 60.90 26.60 32.90 21.00 5.60 0.00 8.40 54.60 8.40 70.00 0.00 51.80 2.80 10.50 56.70 0.00 42.00 0.00 0.00 35.70 0.00 39.20 7.00 37.10 63.00 53.90 23.10 37.10 0.00 37.80 26.60 70.00 17.50
b_ij
0 0.00 0.00 0.00 2.70 1.61 0.56 0.00 1.75 0.00 0.00 2.35 0.00 0.00 2.45 0.74 1.58 1.93 0.00 0.21 1.61 2.17 1.23 3.05 0.00 0.49 0.84 2.52 0.00 0.00 0.00 0.00 2.38 2.63 1.89 0.84 0.25 2.24 2.84 2.94 2.10 2.24 1.61 0.56 1.12 1.68 2.00 0.46 0.74 0.84 0.00
1 0.00 0.00 3.15 3.36 0.00 1.65 1.44 2.03 0.00 2.80 0.60 0.53 3.08 0.14 0.00 1.23 2.59 0.00 1.16 1.47 3.01 0.00 0.00 3.47 1.58 1.19 0.67 0.00 0.00 0.00 2.07 2.35 1.82 0.00 0.49 2.38 0.00 0.00 1.86 3.12 1.44 2.98 0.91 1.89 2.07 2.31 0.00 0.28 2.35 2.03
2 0.00 3.15 0.00 3.50 3.43 0.74 0.00 3.01 3.43 0.60 0.74 0.84 0.00 0.00 0.04 0.14 0.28 0.88 1.33 1.33 3.19 1.12 3.47 2.21 0.49 3.29 1.72 0.14 0.00 3.19 2.94 1.89 0.35 1.96 3.22 0.00 0.00 2.28 0.39 3.15 2.35 1.82 1.93 2.14 2.49 2.84 2.56 2.14 3.29 0.00
3 2.70 3.36 3.50 0.00 0.39 2.59 0.39 2.17 2.31 2.10 0.00 0.00 0.00 0.00 0.25 0.07 1.37 2.49 1.93 2.66 1.86 1.05 0.98 3.26 1.89 0.00 2.00 0.77 0.04 0.00 2.31 0.00 3.47 0.00 2.59 0.81 2.17 2.21 0.28 1.05 1.96 0.00 0.18 0.00 0.00 0.00 2.21 2.73 2.28 0.14
4 1.61 0.00 3.43 0.39 0.00 3.12 0.60 0.98 0.67 1.58 2.91 0.00 2.45 2.80 1.09 2.66 0.21 1.54 1.30 2.84 1.26 1.30 0.21 0.95 0.32 0.28 2.28 1.40 0.21 1.82 0.07 0.18 0.35 1.93 1.96 0.49 1.40 0.32 1.02 0.00 3.08 1.61 1.79 3.01 2.14 1.93 2.91 0.95 2.77 0.25
5 0.56 1.65 0.74 2.59 3.12 0.00 3.36 0.00 0.00 3.12 0.84 0.00 0.00 0.00 0.00 2.80 0.11 2.70 0.00 1.89 1.26 0.00 0.84 1.40 2.24 1.23 3.01 0.63 0.00 2.07 0.00 0.00 3.01 3.08 1.02 2.59 1.54 2.73 2.28 2.45 2.49 2.28 3.26 2.52 1.61 2.91 1.54 1.26 0.46 2.66
6 0.00 1.44 0.00 0.39 0.60 3.36 0.00 0.00 0.11 1.40 3.15 1.44 0.74 0.56 0.70 0.00 1.72 3.22 0.00 0.00 0.00 2.66 0.00 0.00 0.35 2.87 2.77 1.23 0.70 2.91 2.10 2.07 1.79 0.00 1.82 0.00 0.25 2.49 2.24 0.00 2.14 0.53 0.00 0.95 0.00 0.81 0.00 0.98 2.73 2.21
7 1.75 2.03 3.01 2.17 0.98 0.00 0.00 0.00 2.00 2.77 2.70 3.33 0.00 2.87 3.36 2.49 3.40 2.91 2.10 0.00 0.00 0.84 2.45 0.00 1.96 0.70 3.22 0.60 0.32 0.00 3.47 0.11 0.95 0.00 3.05 1.58 0.60 1.09 1.86 0.00 0.00 1.23 0.00 0.00 1.82 0.00 0.14 3.12 1.72 0.14
8 0.00 0.00 3.43 2.31 0.67 0.00 0.11 2.00 0.00 0.00 0.00 3.15 0.00 2.98 2.45 3.40 0.00 0.18 3.01 0.49 1.93 0.00 0.28 0.00 2.49 0.00 0.11 0.00 1.26 0.00 0.00 3.29 0.00 0.91 2.52 0.21 3.50 2.49 0.70 2.03 2.84 1.02 1.96 2.59 0.00 0.60 2.00 0.00 0.32 2.91
9 0.00 2.80 0.60 2.10 1.58 3.12 1.40 2.77 0.00 0.00 0.42 2.66 0.81 2.49 2.94 0.00 0.84 0.00 0.00 1.26 3.26 2.56 3.26 1.86 2.17 3.15 0.39 2.80 2.21 0.00 2.87 2.10 2.87 0.74 3.47 0.00 0.14 0.74 3.36 0.00 1.51 0.00 0.00 0.00 0.00 1.19 1.54 1.33 0.21 0.00
10 2.35 0.60 0.74 0.00 2.91 0.84 3.15 2.70 0.00 0.42 0.00 0.00 2.14 0.00 2.38 1.72 1.54 1.19 3.50 0.95 3.05 2.59 0.04 1.82 3.01 1.89 0.00 3.50 3.12 1.61 0.00 0.42 3.15 2.63 2.45 2.31 1.68 2.21 1.37 1.72 0.25 2.14 3.36 2.42 1.26 2.45 2.10 0.00 2.42 2.38
11 0.00 0.53 0.84 0.00 0.00 0.00 1.44 3.33 3.15 2.66 0.00 0.00 1.44 1.19 1.96 0.56 2.52 0.00 2.80 0.49 3.43 2.66 1.40 1.09 3.43 0.04 0.00 0.11 0.63 0.56 2.10 1.16 1.65 0.60 2.17 2.94 3.26 2.07 2.21 2.73 0.81 0.00 1.93 2.10 1.12 2.80 0.07 1.68 1.68 0.91
12 0.00 3.08 0.00 0.00 2.45 0.00 0.74 0.00 0.00 0.81 2.14 1.44 0.00 1.68 0.00 0.46 2.66 2.73 3.43 0.67 2.94 1.61 0.04 1.44 0.00 1.82 0.00 0.84 0.35 0.00 0.00 1.26 3.19 0.00 1.12 2.14 1.09 2.24 0.07 1.93 2.84 1.30 2.38 0.81 2.14 0.00 1.68 0.74 0.70 0.00
13 2.45 0.14 0.00 0.00 2.80 0.00 0.56 2.87 2.98 2.49 0.00 1.19 1.68 0.00 0.00 0.00 2.35 2.45 0.39 0.84 1.79 0.98 0.63 0.00 0.00 2.17 3.50 1.51 0.42 0.70 1.51 1.51 3.29 1.16 0.77 2.77 2.73 0.95 0.00 0.14 0.00 2.10 3.33 0.00 1.61 0.91 3.36 0.04 0.00 3.19
14 0.74 0.00 0.04 0.25 1.09 0.00 0.70 3.36 2.45 2.94 2.38 1.96 0.00 0.00 0.00 0.00 0.11 0.00 1.40 1.58 0.91 0.00 0.00 3.47 1.09 1.47 1.61 0.00 0.00 0.00 1.89 0.00 2.73 1.16 2.66 1.89 0.00 0.95 0.00 1.40 3.01 0.49 0.00 2.03 1.23 3.43 0.00 0.00 2.59 0.88
15 1.58 1.23 0.14 0.07 2.66 2.80 0.00 2.49 3.40 0.00 1.72 0.56 0.46 0.00 0.00 0.00 3.47 3.22 0.42 0.00 0.67 0.49 0.46 3.43 2.38 2.63 0.84 0.00 2.38 0.95 0.84 0.00 2.52 3.08 0.00 0.21 0.53 1.33 0.00 1.54 2.24 0.74 0.00 0.32 0.95 2.24 3.36 3.12 1.86 3.36
16 1.93 2.59 0.28 1.37 0.21 0.11 1.72 3.40 0.00 0.84 1.54 2.52 2.66 2.35 0.11 3.47 0.00 3.43 1.37 2.49 1.12 1.68 0.00 2.80 1.58 3.29 2.03 0.00 2.28 3.47 0.88 3.47 0.00 1.44 0.04 0.00 0.00 0.04 2.35 2.77 0.28 0.00 0.00 0.00 2.07 2.35 2.59 1.51 1.02 0.53
17 0.00 0.00 0.88 2.49 1.54 2.70 3.22 2.91 0.18 0.00 1.19 0.00 2.73 2.45 0.00 3.22 3.43 0.00 0.11 0.00 1.37 2.56 0.77 3.12 3.43 0.67 3.22 1.51 0.00 0.00 3.26 0.25 0.25 2.56 3.22 1.58 1.93 2.84 1.47 2.42 2.28 2.84 0.32 2.35 1.05 0.00 0.00 0.67 1.68 1.68
18 0.21 1.16 1.33 1.93 1.30 0.00 0.00 2.10 3.01 0.00 3.50 2.80 3.43 0.39 1.40 0.42 1.37 0.11 0.00 1.72 0.00 0.00 1.82 2.56 3.22 2.70 0.70 3.29 1.72 1.68 1.05 0.00 0.60 0.63 3.43 0.14 0.46 0.18 0.00 3.19 2.21 0.00 0.56 2.56 2.31 0.28 2.91 1.19 0.00 0.00
19 1.61 1.47 1.33 2.66 2.84 1.89 0.00 0.00 0.49 1.26 0.95 0.49 0.67 0.84 1.58 0.00 2.49 0.00 1.72 0.00 0.07 0.00 1.19 0.42 1.75 3.50 0.11 1.37 0.00 0.00 0.00 0.00 2.28 2.38 0.98 0.84 0.35 0.74 1.65 2.94 2.56 0.21 0.00 2.66 0.74 1.72 1.65 1.68 0.00 2.28
20 2.17 3.01 3.19 1.86 1.26 1.26 0.00 0.00 1.93 3.26 3.05 3.43 2.94 1.79 0.91 0.67 1.12 1.37 0.00 0.07 0.00 3.47 0.00 3.50 1.86 2.91 3.47 2.31 2.49 2.66 2.52 0.00 0.95 0.00 3.22 0.00 0.25 0.00 0.00 1.68 2.98 2.42 0.00 1.05 0.00 0.35 2.38 3.50 0.70 0.00
21 1.23 0.00 1.12 1.05 1.30 0.00 2.66 0.84 0.00 2.56 2.59 2.66 1.61 0.98 0.00 0.49 1.68 2.56 0.00 0.00 3.47 0.00 1.44 2.98 1.12 3.40 2.98 0.42 1.51 2.94 1.96 2.28 0.14 2.21 0.11 0.00 3.15 2.49 0.00 1.96 0.00 2.00 2.07 1.65 3.43 0.00 2.94 0.32 3.22 3.12
22 3.05 0.00 3.47 0.98 0.21 0.84 0.00 2.45 0.28 3.26 0.04 1.40 0.04 0.63 0.00 0.46 0.00 0.77 1.82 1.19 0.00 1.44 0.00 1.47 0.00 3.47 0.00 1.86 2.87 1.02 0.49 0.63 0.25 0.56 2.73 2.14 3.50 0.00 3.36 0.00 3.05 1.79 0.35 0.00 2.21 2.49 0.74 0.00 2.80 3.22
23 0.00 3.47 2.21 3.26 0.95 1.40 0.00 0.00 0.00 1.86 1.82 1.09 1.44 0.00 3.47 3.43 2.80 3.12 2.56 0.42 3.50 2.98 1.47 0.00 1.16 0.00 1.47 3.19 1.44 1.82 0.00 0.56 1.89 3.22 0.00 2.31 0.46 1.61 2.17 0.00 2.98 0.00 3.22 1.65 2.52 0.00 0.28 0.00 2.59 1.86
24 0.49 1.58 0.49 1.89 0.32 2.24 0.35 1.96 2.49 2.17 3.01 3.43 0.00 0.00 1.09 2.38 1.58 3.43 3.22 1.75 1.86 1.12 0.00 1.16 0.00 0.67 3.26 3.33 2.42 0.25 0.00 3.40 2.49 0.00 1.23 1.89 1.89 1.68 0.67 0.11 0.42 0.60 2.84 0.28 2.70 1.75 0.00 2.24 0.00 0.00
25 0.84 1.19 3.29 0.00 0.28 1.23 2.87 0.70 0.00 3.15 1.89 0.04 1.82 2.17 1.47 2.63 3.29 0.67 2.70 3.50 2.91 3.40 3.47 0.00 0.67 0.00 0.00 0.60 1.37 0.56 0.00 0.00 2.77 2.17 2.56 0.14 0.00 0.28 2.00 3.40 0.28 3.29 0.00 0.00 2.49 0.18 0.00 0.00 2.70 3.36
26 2.52 0.67 1.72 2.00 2.28 3.01 2.77 3.22 0.11 0.39 0.00 0.00 0.00 3.50 1.61 0.84 2.03 3.22 0.70 0.11 3.47 2.98 0.00 1.47 3.26 0.00 0.00 0.77 3.26 1.61 2.77 1.93 0.25 2.77 3.01 0.00 2.38 0.00 1.96 2.35 3.47 0.00 3.29 1.72 0.00 0.00 3.50 1.51 0.63 1.65
27 0.00 0.00 0.14 0.77 1.40 0.63 1.23 0.60 0.00 2.80 3.50 0.11 0.84 1.51 0.00 0.00 0.00 1.51 3.29 1.37 2.31 0.42 1.86 3.19 3.33 0.60 0.77 0.00 2.66 3.05 0.00 3.05 0.21 3.19 2.07 0.77 2.66 2.21 0.00 1.58 0.00 0.00 2.73 1.26 0.39 0.00 0.00 0.49 3.29 0.00
28 0.00 0.00 0.00 0.04 0.21 0.00 0.70 0.32 1.26 2.21 3.12 0.63 0.35 0.42 0.00 2.38 2.28 0.00 1.72 0.00 2.49 1.51 2.87 1.44 2.42 1.37 3.26 2.66 0.00 2.03 0.00 1.51 0.00 0.00 0.00 0.14 1.47 0.00 0.00 3.47 3.15 0.00 1.96 0.00 2.28 2.94 0.25 2.56 0.00 0.00
29 0.00 0.00 3.19 0.00 1.82 2.07 2.91 0.00 0.00 0.00 1.61 0.56 0.00 0.70 0.00 0.95 3.47 0.00 1.68 0.00 2.66 2.94 1.02 1.82 0.25 0.56 1.61 3.05 2.03 0.00 1.51 2.59 0.00 2.73 0.00 2.98 0.74 0.00 2.03 0.32 0.63 1.89 0.00 1.02 1.16 1.40 0.70 0.60 3.47 1.82
30 0.00 2.07 2.94 2.31 0.07 0.00 2.10 3.47 0.00 2.87 0.00 2.10 0.00 1.51 1.89 0.84 0.88 3.26 1.05 0.00 2.52 1.96 0.49 0.00 0.00 0.00 2.77 0.00 0.00 1.51 0.00 0.00 2.35 3.01 1.37 3.47 1.96 2.49 0.00 2.42 2.80 3.40 2.35 0.00 1.33 2.56 1.09 0.00 1.23 1.23
31 2.38 2.35 1.89 0.00 0.18 0.00 2.07 0.11 3.29 2.10 0.42 1.16 1.26 1.51 0.00 0.00 3.47 0.25 0.00 0.00 0.00 2.28 0.63 0.56 3.40 0.00 1.93 3.05 1.51 2.59 0.00 0.00 0.00 2.14 2.03 2.28 3.05 1.44 2.21 0.00 3.43 0.00 2.73 2.35 1.16 3.50 1.61 0.70 1.47 0.00
32 2.63 1.82 0.35 3.47 0.35 3.01 1.79 0.95 0.00 2.87 3.15 1.65 3.19 3.29 2.73 2.52 0.00 0.25 0.60 2.28 0.95 0.14 0.25 1.89 2.49 2.77 0.25 0.21 0.00 0.00 2.35 0.00 0.00 3.33 1.26 0.49 0.00 1.02 0.00 1.75 3.26 1.05 1.51 1.26 2.24 0.18 0.70 1.09 0.32 0.98
33 1.89 0.00 1.96 0.00 1.93 3.08 0.00 0.00 0.91 0.74 2.63 0.60 0.00 1.16 1.16 3.08 1.44 2.56 0.63 2.38 0.00 2.21 0.56 3.22 0.00 2.17 2.77 3.19 0.00 2.73 3.01 2.14 3.33 0.00 0.00 0.91 1.51 1.68 3.08 0.63 0.00 0.00 1.86 0.42 3.29 3.43 0.00 1.40 2.59 1.68
34 0.84 0.49 3.22 2.59 1.96 1.02 1.82 3.05 2.52 3.47 2.45 2.17 1.12 0.77 2.66 0.00 0.04 3.22 3.43 0.98 3.22 0.11 2.73 0.00 1.23 2.56 3.01 2.07 0.00 0.00 1.37 2.03 1.26 0.00 0.00 1.33 3.01 0.00 1.19 1.68 2.31 1.33 0.00 1.68 0.00 1.23 3.12 2.07 0.95 0.91
35 0.25 2.38 0.00 0.81 0.49 2.59 0.00 1.58 0.21 0.00 2.31 2.94 2.14 2.77 1.89 0.21 0.00 1.58 0.14 0.84 0.00 0.00 2.14 2.31 1.89 0.14 0.00 0.77 0.14 2.98 3.47 2.28 0.49 0.91 1.33 0.00 0.39 0.25 3.12 3.19 0.00 0.98 0.00 0.67 0.00 3.15 3.15 2.28 1.72 3.08
36 2.24 0.00 0.00 2.17 1.40 1.54 0.25 0.60 3.50 0.14 1.68 3.26 1.09 2.73 0.00 0.53 0.00 1.93 0.46 0.35 0.25 3.15 3.50 0.46 1.89 0.00 2.38 2.66 1.47 0.74 1.96 3.05 0.00 1.51 3.01 0.39 0.00 2.10 3.22 0.53 0.00 3.01 1.19 1.89 3.22 1.75 0.00 3.43 2.49 0.00
37 2.84 0.00 2.28 2.21 0.32 2.73 2.49 1.09 2.49 0.74 2.21 2.07 2.24 0.95 0.95 1.33 0.04 2.84 0.18 0.74 0.00 2.49 0.00 1.61 1.68 0.28 0.00 2.21 0.00 0.00 2.49 1.44 1.02 1.68 0.00 0.25 2.10 0.00 3.47 0.00 0.00 2.59 2.24 3.36 0.00 0.35 0.91 3.47 0.07 1.05
38 2.94 1.86 0.39 0.28 1.02 2.28 2.24 1.86 0.70 3.36 1.37 2.21 0.07 0.00 0.00 0.00 2.35 1.47 0.00 1.65 0.00 0.00 3.36 2.17 0.67 2.00 1.96 0.00 0.00 2.03 0.00 2.21 0.00 3.08 1.19 3.12 3.22 3.47 0.00 1.93 0.00 2.73 0.28 0.00 0.00 1.61 2.98 1.54 1.75 0.14
39 2.10 3.12 3.15 1.05 0.00 2.45 0.00 0.00 2.03 0.00 1.72 2.73 1.93 0.14 1.40 1.54 2.77 2.42 3.19 2.94 1.68 1.96 0.00 0.00 0.11 3.40 2.35 1.58 3.47 0.32 2.42 0.00 1.75 0.63 1.68 3.19 0.53 0.00 1.93 0.00 0.91 0.63 1.44 0.70 0.49 0.84 2.31 3.33 2.73 1.16
40 2.24 1.44 2.35 1.96 3.08 2.49 2.14 0.00 2.84 1.51 0.25 0.81 2.84 0.00 3.01 2.24 0.28 2.28 2.21 2.56 2.98 0.00 3.05 2.98 0.42 0.28 3.47 0.00 3.15 0.63 2.80 3.43 3.26 0.00 2.31 0.00 0.00 0.00 0.00 0.91 0.00 2.73 0.11 2.84 1.40 0.00 2.17 0.74 0.00 1.54
41 1.61 2.98 1.82 0.00 1.61 2.28 0.53 1.23 1.02 0.00 2.14 0.00 1.30 2.10 0.49 0.74 0.00 2.84 0.00 0.21 2.42 2.00 1.79 0.00 0.60 3.29 0.00 0.00 0.00 1.89 3.40 0.00 1.05 0.00 1.33 0.98 3.01 2.59 2.73 0.63 2.73 0.00 0.91 1.58 1.19 0.00 1.93 3.40 3.19 1.58
42 0.56 0.91 1.93 0.18 1.79 3.26 0.00 0.00 1.96 0.00 3.36 1.93 2.38 3.33 0.00 0.00 0.00 0.32 0.56 0.00 0.00 2.07 0.35 3.22 2.84 0.00 3.29 2.73 1.96 0.00 2.35 2.73 1.51 1.86 0.00 0.00 1.19 2.24 0.28 1.44 0.11 0.91 0.00 0.04 0.00 2.52 1.82 0.70 0.00 2.91
43 1.12 1.89 2.14 0.00 3.01 2.52 0.95 0.00 2.59 0.00 2.42 2.10 0.81 0.00 2.03 0.32 0.00 2.35 2.56 2.66 1.05 1.65 0.00 1.65 0.28 0.00 1.72 1.26 0.00 1.02 0.00 2.35 1.26 0.42 1.68 0.67 1.89 3.36 0.00 0.70 2.84 1.58 0.04 0.00 2.56 0.32 1.02 2.52 2.80 0.00
44 1.68 2.07 2.49 0.00 2.14 1.61 0.00 1.82 0.00 0.00 1.26 1.12 2.14 1.61 1.23 0.95 2.07 1.05 2.31 0.74 0.00 3.43 2.21 2.52 2.70 2.49 0.00 0.39 2.28 1.16 1.33 1.16 2.24 3.29 0.00 0.00 3.22 0.00 0.00 0.49 1.40 1.19 0.00 2.56 0.00 1.19 1.96 1.23 2.07 1.19
45 2.00 2.31 2.84 0.00 1.93 2.91 0.81 0.00 0.60 1.19 2.45 2.80 0.00 0.91 3.43 2.24 2.35 0.00 0.28 1.72 0.35 0.00 2.49 0.00 1.75 0.18 0.00 0.00 2.94 1.40 2.56 3.50 0.18 3.43 1.23 3.15 1.75 0.35 1.61 0.84 0.00 0.00 2.52 0.32 1.19 0.00 0.00 0.77 1.89 0.32
46 0.46 0.00 2.56 2.21 2.91 1.54 0.00 0.14 2.00 1.54 2.10 0.07 1.68 3.36 0.00 3.36 2.59 0.00 2.91 1.65 2.38 2.94 0.74 0.28 0.00 0.00 3.50 0.00 0.25 0.70 1.09 1.61 0.70 0.00 3.12 3.15 0.00 0.91 2.98 2.31 2.17 1.93 1.82 1.02 1.96 0.00 0.00 2.49 0.00 0.70
47 0.74 0.28 2.14 2.73 0.95 1.26 0.98 3.12 0.00 1.33 0.00 1.68 0.74 0.04 0.00 3.12 1.51 0.67 1.19 1.68 3.50 0.32 0.00 0.00 2.24 0.00 1.51 0.49 2.56 0.60 0.00 0.70 1.09 1.40 2.07 2.28 3.43 3.47 1.54 3.33 0.74 3.40 0.70 2.52 1.23 0.77 2.49 0.00 2.35 0.60
48 0.84 2.35 3.29 2.28 2.77 0.46 2.73 1.72 0.32 0.21 2.42 1.68 0.70 0.00 2.59 1.86 1.02 1.68 0.00 0.00 0.70 3.22 2.80 2.59 0.00 2.70 0.63 3.29 0.00 3.47 1.23 1.47 0.32 2.59 0.95 1.72 2.49 0.07 1.75 2.73 0.00 3.19 0.00 2.80 2.07 1.89 0.00 2.35 0.00 1.26
49 0.00 2.03 0.00 0.14 0.25 2.66 2.21 0.14 2.91 0.00 2.38 0.91 0.00 3.19 0.88 3.36 0.53 1.68 0.00 2.28 0.00 3.12 3.22 1.86 0.00 3.36 1.65 0.00 0.00 1.82 1.23 0.00 0.98 1.68 0.91 3.08 0.00 1.05 0.14 1.16 1.54 1.58 2.91 0.00 1.19 0.32 0.70 0.60 1.26 0.00

ITEMS
nominal_profits 95.00 46.00 47.00 41.00 23.00 0.00 94.00 75.00 21.00 22.00 0.00 6.00 96.00 0.00 0.00 0.00 80.00 87.00 38.00 47.00 30.00 8.00 0.00 12.00 78.00 12.00 100.00 0.00 74.00 4.00 15.00 81.00 0.00 60.00 0.00 0.00 51.00 0.00 56.00 10.00 53.00 90.00 77.00 33.00 53.00 0.00 54.00 38.00 100.00 25.00
weights 49 15 30 41 9 1 49 10 20 40 36 7 1 43 5 47 38 37 13 3 49 17 37 41 43 25 30 5 12 19 7 37 11 20 30 28 23 50 33 19 16 42 13 13 28 35 4 36 5 41
capacity 303
k_max 25

COMMENTS
original_pairwise_profits
0 0.00 0.00 0.00 77.00 46.00 16.00 0.00 50.00 0.00 0.00 67.00 0.00 0.00 70.00 21.00 45.00 55.00 0.00 6.00 46.00 62.00 35.00 87.00 0.00 14.00 24.00 72.00 0.00 0.00 0.00 0.00 68.00 75.00 54.00 24.00 7.00 64.00 81.00 84.00 60.00 64.00 46.00 16.00 32.00 48.00 57.00 13.00 21.00 24.00 0.00
1 0.00 0.00 90.00 96.00 0.00 47.00 41.00 58.00 0.00 80.00 17.00 15.00 88.00 4.00 0.00 35.00 74.00 0.00 33.00 42.00 86.00 0.00 0.00 99.00 45.00 34.00 19.00 0.00 0.00 0.00 59.00 67.00 52.00 0.00 14.00 68.00 0.00 0.00 53.00 89.00 41.00 85.00 26.00 54.00 59.00 66.00 0.00 8.00 67.00 58.00
2 0.00 90.00 0.00 100.00 98.00 21.00 0.00 86.00 98.00 17.00 21.00 24.00 0.00 0.00 1.00 4.00 8.00 25.00 38.00 38.00 91.00 32.00 99.00 63.00 14.00 94.00 49.00 4.00 0.00 91.00 84.00 54.00 10.00 56.00 92.00 0.00 0.00 65.00 11.00 90.00 67.00 52.00 55.00 61.00 71.00 81.00 73.00 61.00 94.00 0.00
3 77.00 96.00 100.00 0.00 11.00 74.00 11.00 62.00 66.00 60.00 0.00 0.00 0.00 0.00 7.00 2.00 39.00 71.00 55.00 76.00 53.00 30.00 28.00 93.00 54.00 0.00 57.00 22.00 1.00 0.00 66.00 0.00 99.00 0.00 74.00 23.00 62.00 63.00 8.00 30.00 56.00 0.00 5.00 0.00 0.00 0.00 63.00 78.00 65.00 4.00
4 46.00 0.00 98.00 11.00 0.00 89.00 17.00 28.00 19.00 45.00 83.00 0.00 70.00 80.00 31.00 76.00 6.00 44.00 37.00 81.00 36.00 37.00 6.00 27.00 9.00 8.00 65.00 40.00 6.00 52.00 2.00 5.00 10.00 55.00 56.00 14.00 40.00 9.00 29.00 0.00 88.00 46.00 51.00 86.00 61.00 55.00 83.00 27.00 79.00 7.00
5 16.00 47.00 21.00 74.00 89.00 0.00 96.00 0.00 0.00 89.00 24.00 0.00 0.00 0.00 0.00 80.00 3.00 77.00 0.00 54.00 36.00 0.00 24.00 40.00 64.00 35.00 86.00 18.00 0.00 59.00 0.00 0.00 86.00 88.00 29.00 74.00 44.00 78.00 65.00 70.00 71.00 65.00 93.00 72.00 46.00 83.00 44.00 36.00 13.00 76.00
6 0.00 41.00 0.00 11.00 17.00 96.00 0.00 0.00 3.00 40.00 90.00 41.00 21.00 16.00 20.00 0.00 49.00 92.00 0.00 0.00 0.00 76.00 0.00 0.00 10.00 82.00 79.00 35.00 20.00 83.00 60.00 59.00 51.00 0.00 52.00 0.00 7.00 71.00 64.00 0.00 61.00 15.00 0.00 27.00 0.00 23.00 0.00 28.00 78.00 63.00
7 50.00 58.00 86.00 62.00 28.00 0.00 0.00 0.00 57.00 79.00 77.00 95.00 0.00 82.00 96.00 71.00 97.00 83.00 60.00 0.00 0.00 24.00 70.00 0.00 56.00 20.00 92.00 17.00 9.00 0.00 99.00 3.00 27.00 0.00 87.00 45.00 17.00 31.00 53.00 0.00 0.00 35.00 0.00 0.00 52.00 0.00 4.00 89.00 49.00 4.00
8 0.00 0.00 98.00 66.00 19.00 0.00 3.00 57.00 0.00 0.00 0.00 90.00 0.00 85.00 70.00 97.00 0.00 5.00 86.00 14.00 55.00 0.00 8.00 0.00 71.00 0.00 3.00 0.00 36.00 0.00 0.00 94.00 0.00 26.00 72.00 6.00 100.00 71.00 20.00 58.00 81.00 29.00 56.00 74.00 0.00 17.00 57.00 0.00 9.00 83.00
9 0.00 80.00 17.00 60.00 45.00 89.00 40.00 79.00 0.00 0.00 12.00 76.00 23.00 71.00 84.00 0.00 24.00 0.00 0.00 36.00 93.00 73.00 93.00 53.00 62.00 90.00 11.00 80.00 63.00 0.00 82.00 60.00 82.00 21.00 99.00 0.00 4.00 21.00 96.00 0.00 43.00 0.00 0.00 0.00 0.00 34.00 44.00 38.00 6.00 0.00
10 67.00 17.00 21.00 0.00 83.00 24.00 90.00 77.00 0.00 12.00 0.00 0.00 61.00 0.00 68.00 49.00 44.00 34.00 100.00 27.00 87.00 74.00 1.00 52.00 86.00 54.00 0.00 100.00 89.00 46.00 0.00 12.00 90.00 75.00 70.00 66.00 48.00 63.00 39.00 49.00 7.00 61.00 96.00 69.00 36.00 70.00 60.00 0.00 69.00 68.00
11 0.00 15.00 24.00 0.00 0.00 0.00 41.00 95.00 90.00 76.00 0.00 0.00 41.00 34.00 56.00 16.00 72.00 0.00 80.00 14.00 98.00 76.00 40.00 31.00 98.00 1.00 0.00 3.00 18.00 16.00 60.00 33.00 47.00 17.00 62.00 84.00 93.00 59.00 63.00 78.00 23.00 0.00 55.00 60.00 32.00 80.00 2.00 48.00 48.00 26.00
12 0.00 88.00 0.00 0.00 70.00 0.00 21.00 0.00 0.00 23.00 61.00 41.00 0.00 48.00 0.00 13.00 76.00 78.00 98.00 19.00 84.00 46.00 1.00 41.00 0.00 52.00 0.00 24.00 10.00 0.00 0.00 36.00 91.00 0.00 32.00 61.00 31.00 64.00 2.00 55.00 81.00 37.00 68.00 23.00 61.00 0.00 48.00 21.00 20.00 0.00
13 70.00 4.00 0.00 0.00 80.00 0.00 16.00 82.00 85.00 71.00 0.00 34.00 48.00 0.00 0.00 0.00 67.00 70.00 11.00 24.00 51.00 28.00 18.00 0.00 0.00 62.00 100.00 43.00 12.00 20.00 43.00 43.00 94.00 33.00 22.00 79.00 78.00 27.00 0.00 4.00 0.00 60.00 95.00 0.00 46.00 26.00 96.00 1.00 0.00 91.00
14 21.00 0.00 1.00 7.00 31.00 0.00 20.00 96.00 70.00 84.00 68.00 56.00 0.00 0.00 0.00 0.00 3.00 0.00 40.00 45.00 26.00 0.00 0.00 99.00 31.00 42.00 46.00 0.00 0.00 0.00 54.00 0.00 78.00 33.00 76.00 54.00 0.00 27.00 0.00 40.00 86.00 14.00 0.00 58.00 35.00 98.00 0.00 0.00 74.00 25.00
15 45.00 35.00 4.00 2.00 76.00 80.00 0.00 71.00 97.00 0.00 49.00 16.00 13.00 0.00 0.00 0.00 99.00 92.00 12.00 0.00 19.00 14.00 13.00 98.00 68.00 75.00 24.00 0.00 68.00 27.00 24.00 0.00 72.00 88.00 0.00 6.00 15.00 38.00 0.00 44.00 64.00 21.00 0.00 9.00 27.00 64.00 96.00 89.00 53.00 96.00
16 55.00 74.00 8.00 39.00 6.00 3.00 49.00 97.00 0.00 24.00 44.00 72.00 76.00 67.00 3.00 99.00 0.00 98.00 39.00 71.00 32.00 48.00 0.00 80.00 45.00 94.00 58.00 0.00 65.00 99.00 25.00 99.00 0.00 41.00 1.00 0.00 0.00 1.00 67.00 79.00 8.00 0.00 0.00 0.00 59.00 67.00 74.00 43.00 29.00 15.00
17 0.00 0.00 25.00 71.00 44.00 77.00 92.00 83.00 5.00 0.00 34.00 0.00 78.00 70.00 0.00 92.00 98.00 0.00 3.00 0.00 39.00 73.00 22.00 89.00 98.00 19.00 92.00 43.00 0.00 0.00 93.00 7.00 7.00 73.00 92.00 45.00 55.00 81.00 42.00 69.00 65.00 81.00 9.00 67.00 30.00 0.00 0.00 19.00 48.00 48.00
18 6.00 33.00 38.00 55.00 37.00 0.00 0.00 60.00 86.00 0.00 100.00 80.00 98.00 11.00 40.00 12.00 39.00 3.00 0.00 49.00 0.00 0.00 52.00 73.00 92.00 77.00 20.00 94.00 49.00 48.00 30.00 0.00 17.00 18.00 98.00 4.00 13.00 5.00 0.00 91.00 63.00 0.00 16.00 73.00 66.00 8.00 83.00 34.00 0.00 0.00
19 46.00 42.00 38.00 76.00 81.00 54.00 0.00 0.00 14.00 36.00 27.00 14.00 19.00 24.00 45.00 0.00 71.00 0.00 49.00 0.00 2.00 0.00 34.00 12.00 50.00 100.00 3.00 39.00 0.00 0.00 0.00 0.00 65.00 68.00 28.00 24.00 10.00 21.00 47.00 84.00 73.00 6.00 0.00 76.00 21.00 49.00 47.00 48.00 0.00 65.00
20 62.00 86.00 91.00 53.00 36.00 36.00 0.00 0.00 55.00 93.00 87.00 98.00 84.00 51.00 26.00 19.00 32.00 39.00 0.00 2.00 0.00 99.00 0.00 100.00 53.00 83.00 99.00 66.00 71.00 76.00 72.00 0.00 27.00 0.00 92.00 0.00 7.00 0.00 0.00 48.00 85.00 69.00 0.00 30.00 0.00 10.00 68.00 100.00 20.00 0.00
21 35.00 0.00 32.00 30.00 37.00 0.00 76.00 24.00 0.00 73.00 74.00 76.00 46.00 28.00 0.00 14.00 48.00 73.00 0.00 0.00 99.00 0.00 41.00 85.00 32.00 97.00 85.00 12.00 43.00 84.00 56.00 65.00 4.00 63.00 3.00 0.00 90.00 71.00 0.00 56.00 0.00 57.00 59.00 47.00 98.00 0.00 84.00 9.00 92.00 89.00
22 87.00 0.00 99.00 28.00 6.00 24.00 0.00 70.00 8.00 93.00 1.00 40.00 1.00 18.00 0.00 13.00 0.00 22.00 52.00 34.00 0.00 41.00 0.00 42.00 0.00 99.00 0.00 53.00 82.00 29.00 14.00 18.00 7.00 16.00 78.00 61.00 100.00 0.00 96.00 0.00 87.00 51.00 10.00 0.00 63.00 71.00 21.00 0.00 80.00 92.00
23 0.00 99.00 63.00 93.00 27.00 40.00 0.00 0.00 0.00 53.00 52.00 31.00 41.00 0.00 99.00 98.00 80.00 89.00 73.00 12.00 100.00 85.00 42.00 0.00 33.00 0.00 42.00 91.00 41.00 52.00 0.00 16.00 54.00 92.00 0.00 66.00 13.00 46.00 62.00 0.00 85.00 0.00 92.00 47.00 72.00 0.00 8.00 0.00 74.00 53.00
24 14.00 45.00 14.00 54.00 9.00 64.00 10.00 56.00 71.00 62.00 86.00 98.00 0.00 0.00 31.00 68.00 45.00 98.00 92.00 50.00 53.00 32.00 0.00 33.00 0.00 19.00 93.00 95.00 69.00 7.00 0.00 97.00 71.00 0.00 35.00 54.00 54.00 48.00 19.00 3.00 12.00 17.00 81.00 8.00 77.00 50.00 0.00 64.00 0.00 0.00
25 24.00 34.00 94.00 0.00 8.00 35.00 82.00 20.00 0.00 90.00 54.00 1.00 52.00 62.00 42.00 75.00 94.00 19.00 77.00 100.00 83.00 97.00 99.00 0.00 19.00 0.00 0.00 17.00 39.00 16.00 0.00 0.00 79.00 62.00 73.00 4.00 0.00 8.00 57.00 97.00 8.00 94.00 0.00 0.00 71.00 5.00 0.00 0.00 77.00 96.00
26 72.00 19.00 49.00 57.00 65.00 86.00 79.00 92.00 3.00 11.00 0.00 0.00 0.00 100.00 46.00 24.00 58.00 92.00 20.00 3.00 99.00 85.00 0.00 42.00 93.00 0.00 0.00 22.00 93.00 46.00 79.00 55.00 7.00 79.00 86.00 0.00 68.00 0.00 56.00 67.00 99.00 0.00 94.00 49.00 0.00 0.00 100.00 43.00 18.00 47.00
27 0.00 0.00 4.00 22.00 40.00 18.00 35.00 17.00 0.00 80.00 100.00 3.00 24.00 43.00 0.00 0.00 0.00 43.00 94.00 39.00 66.00 12.00 53.00 91.00 95.00 17.00 22.00 0.00 76.00 87.00 0.00 87.00 6.00 91.00 59.00 22.00 76.00 63.00 0.00 45.00 0.00 0.00 78.00 36.00 11.00 0.00 0.00 14.00 94.00 0.00
28 0.00 0.00 0.00 1.00 6.00 0.00 20.00 9.00 36.00 63.00 89.00 18.00 10.00 12.00 0.00 68.00 65.00 0.00 49.00 0.00 71.00 43.00 82.00 41.00 69.00 39.00 93.00 76.00 0.00 58.00 0.00 43.00 0.00 0.00 0.00 4.00 42.00 0.00 0.00 99.00 90.00 0.00 56.00 0.00 65.00 84.00 7.00 73.00 0.00 0.00
29 0.00 0.00 91.00 0.00 52.00 59.00 83.00 0.00 0.00 0.00 46.00 16.00 0.00 20.00 0.00 27.00 99.00 0.00 48.00 0.00 76.00 84.00 29.00 52.00 7.00 16.00 46.00 87.00 58.00 0.00 43.00 74.00 0.00 78.00 0.00 85.00 21.00 0.00 58.00 9.00 18.00 54.00 0.00 29.00 33.00 40.00 20.00 17.00 99.00 52.00
30 0.00 59.00 84.00 66.00 2.00 0.00 60.00 99.00 0.00 82.00 0.00 60.00 0.00 43.00 54.00 24.00 25.00 93.00 30.00 0.00 72.00 56.00 14.00 0.00 0.00 0.00 79.00 0.00 0.00 43.00 0.00 0.00 67.00 86.00 39.00 99.00 56.00 71.00 0.00 69.00 80.00 97.00 67.00 0.00 38.00 73.00 31.00 0.00 35.00 35.00
31 68.00 67.00 54.00 0.00 5.00 0.00 59.00 3.00 94.00 60.00 12.00 33.00 36.00 43.00 0.00 0.00 99.00 7.00 0.00 0.00 0.00 65.00 18.00 16.00 97.00 0.00 55.00 87.00 43.00 74.00 0.00 0.00 0.00 61.00 58.00 65.00 87.00 41.00 63.00 0.00 98.00 0.00 78.00 67.00 33.00 100.00 46.00 20.00 42.00 0.00
32 75.00 52.00 10.00 99.00 10.00 86.00 51.00 27.00 0.00 82.00 90.00 47.00 91.00 94.00 78.00 72.00 0.00 7.00 17.00 65.00 27.00 4.00 7.00 54.00 71.00 79.00 7.00 6.00 0.00 0.00 67.00 0.00 0.00 95.00 36.00 14.00 0.00 29.00 0.00 50.00 93.00 30.00 43.00 36.00 64.00 5.00 20.00 31.00 9.00 28.00
33 54.00 0.00 56.00 0.00 55.00 88.00 0.00 0.00 26.00 21.00 75.00 17.00 0.00 33.00 33.00 88.00 41.00 73.00 18.00 68.00 0.00 63.00 16.00 92.00 0.00 62.00 79.00 91.00 0.00 78.00 86.00 61.00 95.00 0.00 0.00 26.00 43.00 48.00 88.00 18.00 0.00 0.00 53.00 12.00 94.00 98.00 0.00 40.00 74.00 48.00
34 24.00 14.00 92.00 74.00 56.00 29.00 52.00 87.00 72.00 99.00 70.00 62.00 32.00 22.00 76.00 0.00 1.00 92.00 98.00 28.00 92.00 3.00 78.00 0.00 35.00 73.00 86.00 59.00 0.00 0.00 39.00 58.00 36.00 0.00 0.00 38.00 86.00 0.00 34.00 48.00 66.00 38.00 0.00 48.00 0.00 35.00 89.00 59.00 27.00 26.00
35 7.00 68.00 0.00 23.00 14.00 74.00 0.00 45.00 6.00 0.00 66.00 84.00 61.00 79.00 54.00 6.00 0.00 45.00 4.00 24.00 0.00 0.00 61.00 66.00 54.00 4.00 0.00 22.00 4.00 85.00 99.00 65.00 14.00 26.00 38.00 0.00 11.00 7.00 89.00 91.00 0.00 28.00 0.00 19.00 0.00 90.00 90.00 65.00 49.00 88.00
36 64.00 0.00 0.00 62.00 40.00 44.00 7.00 17.00 100.00 4.00 48.00 93.00 31.00 78.00 0.00 15.00 0.00 55.00 13.00 10.00 7.00 90.00 100.00 13.00 54.00 0.00 68.00 76.00 42.00 21.00 56.00 87.00 0.00 43.00 86.00 11.00 0.00 60.00 92.00 15.00 0.00 86.00 34.00 54.00 92.00 50.00 0.00 98.00 71.00 0.00
37 81.00 0.00 65.00 63.00 9.00 78.00 71.00 31.00 71.00 21.00 63.00 59.00 64.00 27.00 27.00 38.00 1.00 81.00 5.00 21.00 0.00 71.00 0.00 46.00 48.00 8.00 0.00 63.00 0.00 0.00 71.00 41.00 29.00 48.00 0.00 7.00 60.00 0.00 99.00 0.00 0.00 74.00 64.00 96.00 0.00 10.00 26.00 99.00 2.00 30.00
38 84.00 53.00 11.00 8.00 29.00 65.00 64.00 53.00 20.00 96.00 39.00 63.00 2.00 0.00 0.00 0.00 67.00 42.00 0.00 47.00 0.00 0.00 96.00 62.00 19.00 57.00 56.00 0.00 0.00 58.00 0.00 63.00 0.00 88.00 34.00 89.00 92.00 99.00 0.00 55.00 0.00 78.00 8.00 0.00 0.00 46.00 85.00 44.00 50.00 4.00
39 60.00 89.00 90.00 30.00 0.00 70.00 0.00 0.00 58.00 0.00 49.00 78.00 55.00 4.00 40.00 44.00 79.00 69.00 91.00 84.00 48.00 56.00 0.00 0.00 3.00 97.00 67.00 45.00 99.00 9.00 69.00 0.00 50.00 18.00 48.00 91.00 15.00 0.00 55.00 0.00 26.00 18.00 41.00 20.00 14.00 24.00 66.00 95.00 78.00 33.00
40 64.00 41.00 67.00 56.00 88.00 71.00 61.00 0.00 81.00 43.00 7.00 23.00 81.00 0.00 86.00 64.00 8.00 65.00 63.00 73.00 85.00 0.00 87.00 85.00 12.00 8.00 99.00 0.00 90.00 18.00 80.00 98.00 93.00 0.00 66.00 0.00 0.00 0.00 0.00 26.00 0.00 78.00 3.00 81.00 40.00 0.00 62.00 21.00 0.00 44.00
41 46.00 85.00 52.00 0.00 46.00 65.00 15.00 35.00 29.00 0.00 61.00 0.00 37.00 60.00 14.00 21.00 0.00 81.00 0.00 6.00 69.00 57.00 51.00 0.00 17.00 94.00 0.00 0.00 0.00 54.00 97.00 0.00 30.00 0.00 38.00 28.00 86.00 74.00 78.00 18.00 78.00 0.00 26.00 45.00 34.00 0.00 55.00 97.00 91.00 45.00
42 16.00 26.00 55.00 5.00 51.00 93.00 0.00 0.00 56.00 0.00 96.00 55.00 68.00 95.00 0.00 0.00 0.00 9.00 16.00 0.00 0.00 59.00 10.00 92.00 81.00 0.00 94.00 78.00 56.00 0.00 67.00 78.00 43.00 53.00 0.00 0.00 34.00 64.00 8.00 41.00 3.00 26.00 0.00 1.00 0.00 72.00 52.00 20.00 0.00 83.00
43 32.00 54.00 61.00 0.00 86.00 72.00 27.00 0.00 74.00 0.00 69.00 60.00 23.00 0.00 58.00 9.00 0.00 67.00 73.00 76.00 30.00 47.00 0.00 47.00 8.00 0.00 49.00 36.00 0.00 29.00 0.00 67.00 36.00 12.00 48.00 19.00 54.00 96.00 0.00 20.00 81.00 45.00 1.00 0.00 73.00 9.00 29.00 72.00 80.00 0.00
44 48.00 59.00 71.00 0.00 61.00 46.00 0.00 52.00 0.00 0.00 36.00 32.00 61.00 46.00 35.00 27.00 59.00 30.00 66.00 21.00 0.00 98.00 63.00 72.00 77.00 71.00 0.00 11.00 65.00 33.00 38.00 33.00 64.00 94.00 0.00 0.00 92.00 0.00 0.00 14.00 40.00 34.00 0.00 73.00 0.00 34.00 56.00 35.00 59.00 34.00
45 57.00 66.00 81.00 0.00 55.00 83.00 23.00 0.00 17.00 34.00 70.00 80.00 0.00 26.00 98.00 64.00 67.00 0.00 8.00 49.00 10.00 0.00 71.00 0.00 50.00 5.00 0.00 0.00 84.00 40.00 73.00 100.00 5.00 98.00 35.00 90.00 50.00 10.00 46.00 24.00 0.00 0.00 72.00 9.00 34.00 0.00 0.00 22.00 54.00 9.00
46 13.00 0.00 73.00 63.00 83.00 44.00 0.00 4.00 57.00 44.00 60.00 2.00 48.00 96.00 0.00 96.00 74.00 0.00 83.00 47.00 68.00 84.00 21.00 8.00 0.00 0.00 100.00 0.00 7.00 20.00 31.00 46.00 20.00 0.00 89.00 90.00 0.00 26.00 85.00 66.00 62.00 55.00 52.00 29.00 56.00 0.00 0.00 71.00 0.00 20.00
47 21.00 8.00 61.00 78.00 27.00 36.00 28.00 89.00 0.00 38.00 0.00 48.00 21.00 1.00 0.00 89.00 43.00 19.00 34.00 48.00 100.00 9.00 0.00 0.00 64.00 0.00 43.00 14.00 73.00 17.00 0.00 20.00 31.00 40.00 59.00 65.00 98.00 99.00 44.00 95.00 21.00 97.00 20.00 72.00 35.00 22.00 71.00 0.00 67.00 17.00
48 24.00 67.00 94.00 65.00 79.00 13.00 78.00 49.00 9.00 6.00 69.00 48.00 20.00 0.00 74.00 53.00 29.00 48.00 0.00 0.00 20.00 92.00 80.00 74.00 0.00 77.00 18.00 94.00 0.00 99.00 35.00 42.00 9.00 74.00 27.00 49.00 71.00 2.00 50.00 78.00 0.00 91.00 0.00 80.00 59.00 54.00 0.00 67.00 0.00 36.00
49 0.00 58.00 0.00 4.00 7.00 76.00 63.00 4.00 83.00 0.00 68.00 26.00 0.00 91.00 25.00 96.00 15.00 48.00 0.00 65.00 0.00 89.00 92.00 53.00 0.00 96.00 47.00 0.00 0.00 52.00 35.00 0.00 28.00 48.00 26.00 88.00 0.00 30.00 4.00 33.00 44.00 45.00 83.00 0.00 34.00 9.00 20.00 17.00 36.00 0.00
mcp_obj 25
mcp_gap 0
mcp_x 0 1 0 0 1 1 0 1 1 0 0 1 1 0 1 0 0 0 1 1 0 1 0 0 0 1 0 1 1 1 1 0 1 1 0 0 1 0 0 1 1 0 1 1 0 0 1 0 1 0
