NAME N50_rc_0.7_rGamma_1_dc_0.035_dGamma_0.0005_jeu_50_50_1.txt
NUM_ITEMS 50
SOURCE jeu_50_50_1
PARAMETERS
r_c 0.7
r_Gamma 1
d_c 0.035
d_Gamma 0.0005

BOUNDS
c_lb 0.00
c_ub 114.05
Gamma_lb 8
Gamma_ub 13
B_i_1_lb 0.00 0.00 0.00 0.00 0.00 0.00 0.00 0.00 0.00 0.00 0.00 0.00 0.00 0.00 0.00 0.00 0.00 0.00 0.00 0.00 0.00 0.00 0.00 0.00 0.00 0.00 0.00 0.00 0.00 0.00 0.00 0.00 0.00 0.00 0.00 0.00 0.00 0.00 0.00 0.00 0.00 0.00 0.00 0.00 0.00 0.00 0.00 0.00 0.00 0.00
B_i_1_ub 41.98 33.51 55.30 39.02 43.15 41.43 46.63 41.99 37.37 35.62 41.81 33.86 30.44 25.15 35.86 35.60 36.74 48.14 30.52 30.99 52.17 40.25 45.35 44.01 38.57 44.17 43.05 39.63 39.67 46.74 42.51 43.00 33.83 46.38 43.58 37.77 40.02 33.04 39.04 49.07 39.31 44.86 46.67 39.36 37.64 48.58 35.51 39.53 38.29 30.39
B_i_0_lb 0.00 0.00 0.00 0.00 0.00 0.00 0.00 0.00 0.00 0.00 0.00 0.00 0.00 0.00 0.00 0.00 0.00 0.00 0.00 0.00 0.00 0.00 0.00 0.00 0.00 0.00 0.00 0.00 0.00 0.00 0.00 0.00 0.00 0.00 0.00 0.00 0.00 0.00 0.00 0.00 0.00 0.00 0.00 0.00 0.00 0.00 0.00 0.00 0.00 0.00
B_i_0_ub 42.72 33.69 57.54 39.93 43.25 42.38 47.23 41.99 37.79 36.25 41.85 34.00 30.44 25.15 36.98 35.92 36.99 48.63 30.56 31.52 54.52 40.74 46.16 44.26 38.74 44.77 43.33 40.79 39.99 46.74 44.26 43.00 34.43 48.06 45.16 37.95 42.05 33.04 40.23 50.60 39.70 45.95 48.25 39.74 38.24 49.85 35.93 39.53 38.67 30.71
c_i_1_lb 0.00 0.00 53.20 0.00 9.80 23.80 0.00 0.00 18.20 0.00 38.50 5.60 27.30 0.00 65.80 49.70 0.00 46.20 34.30 0.00 0.70 14.70 40.60 0.00 11.20 0.00 56.00 0.00 19.60 30.10 0.00 0.00 52.50 57.40 43.40 0.00 0.00 63.70 0.00 0.00 25.90 0.00 65.80 0.00 0.00 0.00 0.00 0.00 0.00 0.00
c_i_1_ub 41.98 33.51 108.50 39.02 52.95 65.23 46.63 41.99 55.57 35.62 80.31 39.46 57.74 25.15 101.66 85.30 36.74 94.34 64.82 30.99 52.87 54.95 85.95 44.01 49.77 44.17 99.05 39.63 59.27 76.84 42.51 43.00 86.33 103.78 86.98 37.77 40.02 96.74 39.04 49.07 65.21 44.86 112.47 39.36 37.64 48.58 35.51 39.53 38.29 30.39
c_i_0_lb 0.00 0.00 53.20 0.00 9.80 23.80 0.00 0.00 18.20 0.00 38.50 5.60 27.30 0.00 65.80 49.70 0.00 46.20 34.30 0.00 0.70 14.70 40.60 0.00 11.20 0.00 56.00 0.00 19.60 30.10 0.00 0.00 52.50 57.40 43.40 0.00 0.00 63.70 0.00 0.00 25.90 0.00 65.80 0.00 0.00 0.00 0.00 0.00 0.00 0.00
c_i_0_ub 42.72 33.69 110.74 39.93 53.05 66.18 47.23 41.99 55.99 36.25 80.35 39.60 57.74 25.15 102.78 85.62 36.99 94.83 64.86 31.52 55.22 55.44 86.76 44.26 49.94 44.77 99.33 40.79 59.59 76.84 44.26 43.00 86.93 105.46 88.56 37.95 42.05 96.74 40.23 50.60 65.60 45.95 114.05 39.74 38.24 49.85 35.93 39.53 38.67 30.71
c_1_lb 0.00
c_1_ub 112.47
c_0_lb 0.00
c_0_ub 114.05

BOUND_TIMES
k_max_time 0.002254
Gamma_ub_time 0.000082
B_i_1_lb_time 0.002455
B_i_1_ub_time 0.009422
B_i_0_lb_time 0.002653
B_i_0_ub_time 0.008870

DDRO_PARAMETERS
a_0 8
b_0i 0 0 1 0 0 0 0 0 0 0 0 0 0 0 0 0 0 0 0 0 1 0 1 0 0 0 0 0 0 0 0 0 0 0 0 0 0 0 0 1 0 0 1 0 0 0 0 0 0 0
a_i 0.00 0.00 53.20 0.00 9.80 23.80 0.00 0.00 18.20 0.00 38.50 5.60 27.30 0.00 65.80 49.70 0.00 46.20 34.30 0.00 0.70 14.70 40.60 0.00 11.20 0.00 56.00 0.00 19.60 30.10 0.00 0.00 52.50 57.40 43.40 0.00 0.00 63.70 0.00 0.00 25.90 0.00 65.80 0.00 0.00 0.00 0.00 0.00 0.00 0.00
b_ij
0 0.00 0.14 1.61 0.95 3.19 0.00 0.00 2.14 1.86 0.00 1.19 1.75 2.49 0.00 0.00 0.00 2.63 0.00 0.00 1.61 3.08 0.00 0.74 3.43 0.00 0.00 3.29 0.00 2.35 0.00 0.00 1.58 2.80 1.89 0.00 0.77 0.88 0.00 1.72 1.44 0.00 0.00 0.00 0.00 0.00 0.00 1.16 0.00 0.00 0.00
1 0.14 0.00 0.00 0.00 0.00 1.33 0.00 0.56 0.00 0.00 3.36 2.35 0.00 3.33 0.00 0.00 1.33 2.42 0.00 0.00 0.00 1.44 0.00 0.00 0.00 0.32 0.07 0.00 0.84 1.37 0.00 0.00 2.49 0.49 0.00 0.88 0.00 0.00 1.19 3.40 0.00 1.68 0.00 3.05 0.00 0.00 0.00 0.00 0.00 1.86
2 1.61 0.00 0.00 0.00 1.02 0.00 0.25 0.00 0.00 1.12 3.15 0.07 0.00 0.00 2.59 1.51 2.73 0.00 0.00 0.91 0.21 3.08 2.73 1.89 0.49 2.24 0.00 1.82 2.49 2.77 1.93 0.00 0.00 0.00 2.35 1.26 0.21 2.66 2.80 2.31 0.00 1.23 3.22 0.00 2.17 2.52 1.75 3.50 0.00 3.47
3 0.95 0.00 0.00 0.00 0.00 0.00 0.00 2.31 2.59 0.00 0.00 1.26 0.11 0.00 0.00 2.38 3.08 1.09 0.00 0.00 1.79 0.00 2.03 0.00 0.00 0.91 0.00 0.28 0.28 0.00 0.00 3.29 0.91 3.01 2.35 1.68 0.00 0.14 0.00 0.00 0.00 0.95 0.00 0.00 0.00 3.36 0.98 2.45 1.82 1.23
4 3.19 0.00 1.02 0.00 0.00 2.59 3.08 2.07 1.93 0.00 2.98 0.00 1.72 1.02 1.12 2.70 0.00 2.17 0.00 1.44 3.36 0.00 0.00 0.00 0.00 3.47 0.56 0.00 0.00 2.31 0.00 2.28 0.00 0.11 0.00 0.00 0.00 3.36 0.00 0.00 0.00 0.00 1.44 0.00 0.00 0.00 0.00 0.46 0.00 0.00
5 0.00 1.33 0.00 0.00 2.59 0.00 2.91 0.00 0.00 2.24 1.09 0.00 0.00 0.00 0.00 0.25 0.11 1.89 0.00 0.00 2.80 2.56 0.00 0.00 0.00 0.00 2.00 0.46 1.72 0.00 1.02 0.00 2.14 0.00 1.58 0.00 2.45 0.63 1.68 0.70 3.43 2.91 0.00 0.00 0.00 0.00 0.18 2.45 1.72 0.00
6 0.00 0.00 0.25 0.00 3.08 2.91 0.00 1.19 0.00 0.00 0.00 0.00 0.63 0.00 2.07 0.00 0.60 2.70 0.00 2.66 0.00 0.00 1.33 3.19 2.77 0.00 1.82 1.33 0.00 0.98 0.00 0.28 0.00 2.17 0.00 2.66 0.00 1.19 0.00 3.05 1.61 2.49 0.00 0.00 3.19 2.03 0.00 2.21 0.00 0.00
7 2.14 0.56 0.00 2.31 2.07 0.00 1.19 0.00 0.00 0.00 3.50 0.25 0.00 0.00 1.79 0.00 0.00 0.00 1.96 0.98 0.18 3.29 1.02 0.00 1.40 0.95 2.14 0.00 0.11 1.26 0.95 0.00 0.00 0.00 0.00 1.65 0.00 3.08 0.00 1.82 0.95 2.63 2.77 0.00 0.00 0.46 1.47 0.00 0.00 0.00
8 1.86 0.00 0.00 2.59 1.93 0.00 0.00 0.00 0.00 0.00 2.31 0.70 1.86 0.00 1.93 0.00 3.19 1.86 0.00 0.00 2.14 0.00 1.09 0.00 0.00 0.81 0.28 3.08 0.00 1.93 0.00 0.00 0.74 0.00 1.16 0.00 0.46 0.00 0.00 2.17 0.00 2.35 1.75 0.00 0.00 2.94 0.42 0.00 1.65 0.00
9 0.00 0.00 1.12 0.00 0.00 2.24 0.00 0.00 0.00 0.00 2.35 1.89 2.07 0.00 2.14 2.14 0.00 0.00 0.00 0.00 1.96 0.00 1.37 0.00 0.00 2.70 1.96 1.72 0.00 0.00 1.33 1.89 0.00 0.00 0.00 0.00 1.93 0.00 1.58 0.00 0.39 0.00 2.49 2.84 0.00 0.00 2.14 2.77 0.00 0.00
10 1.19 3.36 3.15 0.00 2.98 1.09 0.00 3.50 2.31 2.35 0.00 1.75 0.00 0.00 2.10 0.39 0.74 0.49 0.00 0.14 0.00 0.00 0.00 0.00 1.58 0.00 2.77 3.05 0.00 1.16 0.11 0.00 0.00 2.17 2.35 0.04 0.00 0.00 0.00 0.00 0.00 0.00 1.72 0.00 0.00 1.72 0.00 0.00 1.86 0.00
11 1.75 2.35 0.07 1.26 0.00 0.00 0.00 0.25 0.70 1.89 1.75 0.00 0.00 0.00 0.25 2.66 3.15 0.00 0.00 0.00 1.23 0.07 2.56 0.00 0.00 0.00 3.33 2.42 0.42 0.00 0.00 0.00 0.49 2.14 0.00 0.00 0.00 0.00 2.07 0.00 2.94 0.00 0.00 0.00 0.11 0.00 0.00 0.00 0.32 0.00
12 2.49 0.00 0.00 0.11 1.72 0.00 0.63 0.00 1.86 2.07 0.00 0.00 0.00 0.70 0.00 1.61 0.00 0.00 0.00 0.00 0.00 0.39 0.00 0.00 0.81 0.60 0.00 0.00 3.01 0.00 0.00 0.00 0.00 0.00 2.87 1.19 0.00 0.00 1.79 2.28 0.00 0.00 0.00 0.00 0.00 1.02 3.15 0.67 1.47 0.00
13 0.00 3.33 0.00 0.00 1.02 0.00 0.00 0.00 0.00 0.00 0.00 0.00 0.70 0.00 0.70 0.98 0.00 0.00 0.00 0.00 0.00 0.00 0.00 0.00 1.86 1.51 0.00 0.00 0.00 0.14 0.00 0.00 0.60 1.44 0.00 0.00 3.05 0.00 0.00 0.00 0.00 0.00 2.28 0.00 2.21 0.32 2.00 0.00 3.01 0.00
14 0.00 0.00 2.59 0.00 1.12 0.00 2.07 1.79 1.93 2.14 2.10 0.25 0.00 0.70 0.00 0.70 0.00 0.00 0.77 1.75 0.00 2.63 0.42 0.00 0.18 0.00 0.00 0.00 1.89 0.00 2.28 1.86 0.00 0.00 1.51 0.00 0.95 0.00 3.40 0.00 0.00 0.00 2.38 0.70 0.00 0.00 1.30 0.00 0.00 0.77
15 0.00 0.00 1.51 2.38 2.70 0.25 0.00 0.00 0.00 2.14 0.39 2.66 1.61 0.98 0.70 0.00 0.35 0.00 1.26 0.00 0.11 1.89 0.00 2.17 0.00 3.08 0.00 3.43 2.77 1.09 0.00 1.82 0.00 0.00 0.18 0.00 0.81 0.81 1.54 0.00 0.00 0.32 0.00 0.00 0.00 0.00 0.00 0.21 0.00 0.32
16 2.63 1.33 2.73 3.08 0.00 0.11 0.60 0.00 3.19 0.00 0.74 3.15 0.00 0.00 0.00 0.35 0.00 2.17 0.00 0.25 0.00 0.00 2.03 3.33 0.00 0.00 0.00 0.49 0.00 0.00 1.58 0.74 0.00 0.46 0.00 0.00 1.44 0.00 0.00 2.07 0.00 0.00 0.00 0.00 2.70 1.93 0.95 0.00 0.00 0.00
17 0.00 2.42 0.00 1.09 2.17 1.89 2.70 0.00 1.86 0.00 0.49 0.00 0.00 0.00 0.00 0.00 2.17 0.00 0.04 0.00 0.00 0.00 0.00 0.00 0.25 3.12 3.12 3.08 0.00 0.00 3.36 1.54 3.01 0.00 0.00 1.96 0.00 0.00 0.42 2.73 3.36 3.33 0.00 0.00 0.00 2.73 1.37 0.00 0.00 0.88
18 0.00 0.00 0.00 0.00 0.00 0.00 0.00 1.96 0.00 0.00 0.00 0.00 0.00 0.00 0.77 1.26 0.00 0.04 0.00 1.30 2.42 0.00 0.00 1.33 0.00 1.75 0.00 0.42 1.40 2.38 0.39 0.00 3.26 2.17 0.11 2.42 1.12 0.00 0.00 3.36 0.00 1.02 1.51 0.42 0.00 1.86 0.00 0.00 0.00 0.00
19 1.61 0.00 0.91 0.00 1.44 0.00 2.66 0.98 0.00 0.00 0.14 0.00 0.00 0.00 1.75 0.00 0.25 0.00 1.30 0.00 3.29 0.49 0.00 0.00 0.00 1.72 0.46 0.39 1.12 0.00 2.00 0.00 0.49 0.00 0.00 0.00 0.00 0.91 0.00 0.53 0.00 1.72 2.42 0.18 0.00 2.63 3.33 0.00 0.00 0.00
20 3.08 0.00 0.21 1.79 3.36 2.80 0.00 0.18 2.14 1.96 0.00 1.23 0.00 0.00 0.00 0.11 0.00 0.00 2.42 3.29 0.00 0.00 0.00 2.80 2.52 1.30 1.82 0.00 2.98 0.00 2.70 0.00 0.00 0.00 0.00 3.26 3.40 0.00 0.00 2.59 2.77 0.00 2.38 0.00 2.70 0.00 1.23 0.00 0.00 0.00
21 0.00 1.44 3.08 0.00 0.00 2.56 0.00 3.29 0.00 0.00 0.00 0.07 0.39 0.00 2.63 1.89 0.00 0.00 0.00 0.49 0.00 0.00 0.00 0.00 1.51 0.00 0.00 0.00 0.35 2.49 0.91 0.07 0.91 3.29 0.00 1.89 0.00 0.00 0.00 0.77 0.00 2.28 3.29 0.00 0.00 0.00 1.82 2.31 2.84 0.70
22 0.74 0.00 2.73 2.03 0.00 0.00 1.33 1.02 1.09 1.37 0.00 2.56 0.00 0.00 0.42 0.00 2.03 0.00 0.00 0.00 0.00 0.00 0.00 1.61 3.05 2.77 0.00 2.77 0.67 0.00 0.00 0.00 0.00 2.94 2.84 0.81 2.80 0.00 0.42 3.33 2.21 3.15 2.87 1.68 0.00 1.47 1.16 0.00 1.02 1.82
23 3.43 0.00 1.89 0.00 0.00 0.00 3.19 0.00 0.00 0.00 0.00 0.00 0.00 0.00 0.00 2.17 3.33 0.00 1.33 0.00 2.80 0.00 1.61 0.00 1.72 0.00 3.33 0.00 1.51 0.00 2.35 0.00 0.00 0.91 3.05 0.00 1.16 0.00 0.00 0.46 0.42 0.98 0.00 3.43 3.29 0.21 0.25 0.00 2.56 0.00
24 0.00 0.00 0.49 0.00 0.00 0.00 2.77 1.40 0.00 0.00 1.58 0.00 0.81 1.86 0.18 0.00 0.00 0.25 0.00 0.00 2.52 1.51 3.05 1.72 0.00 0.00 0.21 0.00 2.38 0.49 2.98 0.00 3.26 0.28 0.18 0.00 0.00 1.93 2.84 0.60 0.00 2.38 1.61 0.04 0.28 0.35 0.00 0.00 2.35 0.00
25 0.00 0.32 2.24 0.91 3.47 0.00 0.00 0.95 0.81 2.70 0.00 0.00 0.60 1.51 0.00 3.08 0.00 3.12 1.75 1.72 1.30 0.00 2.77 0.00 0.00 0.00 1.96 0.00 0.00 3.12 0.00 0.00 0.00 1.37 2.35 0.00 0.00 0.00 0.00 2.35 0.00 0.00 0.00 0.00 2.94 0.81 0.00 2.63 2.42 0.00
26 3.29 0.07 0.00 0.00 0.56 2.00 1.82 2.14 0.28 1.96 2.77 3.33 0.00 0.00 0.00 0.00 0.00 3.12 0.00 0.46 1.82 0.00 0.00 3.33 0.21 1.96 0.00 0.00 0.00 3.36 0.00 2.10 0.00 2.66 0.00 0.00 0.00 0.00 0.00 0.00 1.47 2.28 0.00 0.77 0.00 0.00 0.00 0.28 0.00 1.82
27 0.00 0.00 1.82 0.28 0.00 0.46 1.33 0.00 3.08 1.72 3.05 2.42 0.00 0.00 0.00 3.43 0.49 3.08 0.42 0.39 0.00 0.00 2.77 0.00 0.00 0.00 0.00 0.00 0.74 0.00 0.00 0.00 1.79 0.88 2.10 0.00 2.07 0.32 1.82 1.40 0.00 1.82 0.35 0.00 0.07 3.12 0.00 2.07 0.00 0.35
28 2.35 0.84 2.49 0.28 0.00 1.72 0.00 0.11 0.00 0.00 0.00 0.42 3.01 0.00 1.89 2.77 0.00 0.00 1.40 1.12 2.98 0.35 0.67 1.51 2.38 0.00 0.00 0.74 0.00 1.68 0.46 2.91 0.00 0.00 0.00 1.93 0.00 0.00 0.00 3.40 0.00 0.00 3.01 2.03 0.00 0.63 0.32 0.00 0.00 0.74
29 0.00 1.37 2.77 0.00 2.31 0.00 0.98 1.26 1.93 0.00 1.16 0.00 0.00 0.14 0.00 1.09 0.00 0.00 2.38 0.00 0.00 2.49 0.00 0.00 0.49 3.12 3.36 0.00 1.68 0.00 0.25 0.00 0.18 0.00 2.45 0.28 0.00 0.63 2.77 2.91 3.29 2.73 0.00 3.43 1.86 0.00 0.00 0.00 0.00 0.00
30 0.00 0.00 1.93 0.00 0.00 1.02 0.00 0.95 0.00 1.33 0.11 0.00 0.00 0.00 2.28 0.00 1.58 3.36 0.39 2.00 2.70 0.91 0.00 2.35 2.98 0.00 0.00 0.00 0.46 0.25 0.00 0.00 0.42 2.03 0.00 2.38 2.10 0.00 1.82 2.77 1.44 0.56 3.01 2.59 0.00 2.31 1.30 0.98 3.01 0.00
31 1.58 0.00 0.00 3.29 2.28 0.00 0.28 0.00 0.00 1.89 0.00 0.00 0.00 0.00 1.86 1.82 0.74 1.54 0.00 0.00 0.00 0.07 0.00 0.00 0.00 0.00 2.10 0.00 2.91 0.00 0.00 0.00 0.00 3.15 1.86 0.00 0.14 0.00 3.05 0.00 0.00 0.00 1.89 0.00 3.43 2.91 0.00 2.00 2.91 1.44
32 2.80 2.49 0.00 0.91 0.00 2.14 0.00 0.00 0.74 0.00 0.00 0.49 0.00 0.60 0.00 0.00 0.00 3.01 3.26 0.49 0.00 0.91 0.00 0.00 3.26 0.00 0.00 1.79 0.00 0.18 0.42 0.00 0.00 0.00 1.09 0.00 0.00 1.79 0.25 0.00 0.00 0.70 1.02 1.05 2.87 0.00 1.58 0.00 0.00 1.75
33 1.89 0.49 0.00 3.01 0.11 0.00 2.17 0.00 0.00 0.00 2.17 2.14 0.00 1.44 0.00 0.00 0.46 0.00 2.17 0.00 0.00 3.29 2.94 0.91 0.28 1.37 2.66 0.88 0.00 0.00 2.03 3.15 0.00 0.00 2.00 0.00 3.33 1.79 0.00 3.29 0.00 0.00 2.52 2.77 0.00 0.00 0.35 1.30 0.00 0.00
34 0.00 0.00 2.35 2.35 0.00 1.58 0.00 0.00 1.16 0.00 2.35 0.00 2.87 0.00 1.51 0.18 0.00 0.00 0.11 0.00 0.00 0.00 2.84 3.05 0.18 2.35 0.00 2.10 0.00 2.45 0.00 1.86 1.09 2.00 0.00 1.23 0.00 0.00 0.00 3.12 1.93 0.00 2.49 0.00 2.14 0.00 0.00 2.38 2.38 0.00
35 0.77 0.88 1.26 1.68 0.00 0.00 2.66 1.65 0.00 0.00 0.04 0.00 1.19 0.00 0.00 0.00 0.00 1.96 2.42 0.00 3.26 1.89 0.81 0.00 0.00 0.00 0.00 0.00 1.93 0.28 2.38 0.00 0.00 0.00 1.23 0.00 3.08 2.73 0.00 0.00 0.56 0.00 0.00 1.19 1.61 0.00 0.00 2.70 0.42 1.30
36 0.88 0.00 0.21 0.00 0.00 2.45 0.00 0.00 0.46 1.93 0.00 0.00 0.00 3.05 0.95 0.81 1.44 0.00 1.12 0.00 3.40 0.00 2.80 1.16 0.00 0.00 0.00 2.07 0.00 0.00 2.10 0.14 0.00 3.33 0.00 3.08 0.00 0.00 0.00 1.37 0.07 2.52 0.00 0.42 0.00 2.03 2.94 0.00 1.51 2.94
37 0.00 0.00 2.66 0.14 3.36 0.63 1.19 3.08 0.00 0.00 0.00 0.00 0.00 0.00 0.00 0.81 0.00 0.00 0.00 0.91 0.00 0.00 0.00 0.00 1.93 0.00 0.00 0.32 0.00 0.63 0.00 0.00 1.79 1.79 0.00 2.73 0.00 0.00 0.98 0.21 3.50 0.00 0.00 1.37 0.00 2.80 0.00 1.96 0.39 0.00
38 1.72 1.19 2.80 0.00 0.00 1.68 0.00 0.00 0.00 1.58 0.00 2.07 1.79 0.00 3.40 1.54 0.00 0.42 0.00 0.00 0.00 0.00 0.42 0.00 2.84 0.00 0.00 1.82 0.00 2.77 1.82 3.05 0.25 0.00 0.00 0.00 0.00 0.98 0.00 0.00 0.00 2.73 2.77 0.60 0.74 1.02 1.51 0.00 0.00 2.17
39 1.44 3.40 2.31 0.00 0.00 0.70 3.05 1.82 2.17 0.00 0.00 0.00 2.28 0.00 0.00 0.00 2.07 2.73 3.36 0.53 2.59 0.77 3.33 0.46 0.60 2.35 0.00 1.40 3.40 2.91 2.77 0.00 0.00 3.29 3.12 0.00 1.37 0.21 0.00 0.00 0.07 0.00 0.00 0.32 1.30 0.00 0.00 0.00 0.84 0.60
40 0.00 0.00 0.00 0.00 0.00 3.43 1.61 0.95 0.00 0.39 0.00 2.94 0.00 0.00 0.00 0.00 0.00 3.36 0.00 0.00 2.77 0.00 2.21 0.42 0.00 0.00 1.47 0.00 0.00 3.29 1.44 0.00 0.00 0.00 1.93 0.56 0.07 3.50 0.00 0.07 0.00 1.30 0.00 0.39 0.00 1.82 2.73 3.08 0.00 0.11
41 0.00 1.68 1.23 0.95 0.00 2.91 2.49 2.63 2.35 0.00 0.00 0.00 0.00 0.00 0.00 0.32 0.00 3.33 1.02 1.72 0.00 2.28 3.15 0.98 2.38 0.00 2.28 1.82 0.00 2.73 0.56 0.00 0.70 0.00 0.00 0.00 2.52 0.00 2.73 0.00 1.30 0.00 0.00 0.28 1.09 1.75 0.00 1.86 0.00 0.00
42 0.00 0.00 3.22 0.00 1.44 0.00 0.00 2.77 1.75 2.49 1.72 0.00 0.00 2.28 2.38 0.00 0.00 0.00 1.51 2.42 2.38 3.29 2.87 0.00 1.61 0.00 0.00 0.35 3.01 0.00 3.01 1.89 1.02 2.52 2.49 0.00 0.00 0.00 2.77 0.00 0.00 0.00 0.00 1.58 1.75 0.00 0.00 0.00 1.86 0.00
43 0.00 3.05 0.00 0.00 0.00 0.00 0.00 0.00 0.00 2.84 0.00 0.00 0.00 0.00 0.70 0.00 0.00 0.00 0.42 0.18 0.00 0.00 1.68 3.43 0.04 0.00 0.77 0.00 2.03 3.43 2.59 0.00 1.05 2.77 0.00 1.19 0.42 1.37 0.60 0.32 0.39 0.28 1.58 0.00 0.00 0.91 3.29 0.53 2.77 2.31
44 0.00 0.00 2.17 0.00 0.00 0.00 3.19 0.00 0.00 0.00 0.00 0.11 0.00 2.21 0.00 0.00 2.70 0.00 0.00 0.00 2.70 0.00 0.00 3.29 0.28 2.94 0.00 0.07 0.00 1.86 0.00 3.43 2.87 0.00 2.14 1.61 0.00 0.00 0.74 1.30 0.00 1.09 1.75 0.00 0.00 0.00 0.60 0.00 1.37 0.00
45 0.00 0.00 2.52 3.36 0.00 0.00 2.03 0.46 2.94 0.00 1.72 0.00 1.02 0.32 0.00 0.00 1.93 2.73 1.86 2.63 0.00 0.00 1.47 0.21 0.35 0.81 0.00 3.12 0.63 0.00 2.31 2.91 0.00 0.00 0.00 0.00 2.03 2.80 1.02 0.00 1.82 1.75 0.00 0.91 0.00 0.00 2.84 1.68 0.00 2.94
46 1.16 0.00 1.75 0.98 0.00 0.18 0.00 1.47 0.42 2.14 0.00 0.00 3.15 2.00 1.30 0.00 0.95 1.37 0.00 3.33 1.23 1.82 1.16 0.25 0.00 0.00 0.00 0.00 0.32 0.00 1.30 0.00 1.58 0.35 0.00 0.00 2.94 0.00 1.51 0.00 2.73 0.00 0.00 3.29 0.60 2.84 0.00 0.00 0.00 0.28
47 0.00 0.00 3.50 2.45 0.46 2.45 2.21 0.00 0.00 2.77 0.00 0.00 0.67 0.00 0.00 0.21 0.00 0.00 0.00 0.00 0.00 2.31 0.00 0.00 0.00 2.63 0.28 2.07 0.00 0.00 0.98 2.00 0.00 1.30 2.38 2.70 0.00 1.96 0.00 0.00 3.08 1.86 0.00 0.53 0.00 1.68 0.00 0.00 0.00 1.37
48 0.00 0.00 0.00 1.82 0.00 1.72 0.00 0.00 1.65 0.00 1.86 0.32 1.47 3.01 0.00 0.00 0.00 0.00 0.00 0.00 0.00 2.84 1.02 2.56 2.35 2.42 0.00 0.00 0.00 0.00 3.01 2.91 0.00 0.00 2.38 0.42 1.51 0.39 0.00 0.84 0.00 0.00 1.86 2.77 1.37 0.00 0.00 0.00 0.00 0.00
49 0.00 1.86 3.47 1.23 0.00 0.00 0.00 0.00 0.00 0.00 0.00 0.00 0.00 0.00 0.77 0.32 0.00 0.88 0.00 0.00 0.00 0.70 1.82 0.00 0.00 0.00 1.82 0.35 0.74 0.00 0.00 1.44 1.75 0.00 0.00 1.30 2.94 0.00 2.17 0.60 0.11 0.00 0.00 2.31 0.00 2.94 0.28 1.37 0.00 0.00

ITEMS
nominal_profits 0.00 0.00 76.00 0.00 14.00 34.00 0.00 0.00 26.00 0.00 55.00 8.00 39.00 0.00 94.00 71.00 0.00 66.00 49.00 0.00 1.00 21.00 58.00 0.00 16.00 0.00 80.00 0.00 28.00 43.00 0.00 0.00 75.00 82.00 62.00 0.00 0.00 91.00 0.00 0.00 37.00 0.00 94.00 0.00 0.00 0.00 0.00 0.00 0.00 0.00
weights 19 23 39 25 5 41 14 22 13 17 14 33 37 36 49 15 10 19 23 26 50 9 15 12 2 38 13 34 4 13 33 21 31 45 42 12 45 5 36 27 15 30 31 35 28 48 11 2 8 13
capacity 480
k_max 31

COMMENTS
original_pairwise_profits
0 0.00 4.00 46.00 27.00 91.00 0.00 0.00 61.00 53.00 0.00 34.00 50.00 71.00 0.00 0.00 0.00 75.00 0.00 0.00 46.00 88.00 0.00 21.00 98.00 0.00 0.00 94.00 0.00 67.00 0.00 0.00 45.00 80.00 54.00 0.00 22.00 25.00 0.00 49.00 41.00 0.00 0.00 0.00 0.00 0.00 0.00 33.00 0.00 0.00 0.00
1 4.00 0.00 0.00 0.00 0.00 38.00 0.00 16.00 0.00 0.00 96.00 67.00 0.00 95.00 0.00 0.00 38.00 69.00 0.00 0.00 0.00 41.00 0.00 0.00 0.00 9.00 2.00 0.00 24.00 39.00 0.00 0.00 71.00 14.00 0.00 25.00 0.00 0.00 34.00 97.00 0.00 48.00 0.00 87.00 0.00 0.00 0.00 0.00 0.00 53.00
2 46.00 0.00 0.00 0.00 29.00 0.00 7.00 0.00 0.00 32.00 90.00 2.00 0.00 0.00 74.00 43.00 78.00 0.00 0.00 26.00 6.00 88.00 78.00 54.00 14.00 64.00 0.00 52.00 71.00 79.00 55.00 0.00 0.00 0.00 67.00 36.00 6.00 76.00 80.00 66.00 0.00 35.00 92.00 0.00 62.00 72.00 50.00 100.00 0.00 99.00
3 27.00 0.00 0.00 0.00 0.00 0.00 0.00 66.00 74.00 0.00 0.00 36.00 3.00 0.00 0.00 68.00 88.00 31.00 0.00 0.00 51.00 0.00 58.00 0.00 0.00 26.00 0.00 8.00 8.00 0.00 0.00 94.00 26.00 86.00 67.00 48.00 0.00 4.00 0.00 0.00 0.00 27.00 0.00 0.00 0.00 96.00 28.00 70.00 52.00 35.00
4 91.00 0.00 29.00 0.00 0.00 74.00 88.00 59.00 55.00 0.00 85.00 0.00 49.00 29.00 32.00 77.00 0.00 62.00 0.00 41.00 96.00 0.00 0.00 0.00 0.00 99.00 16.00 0.00 0.00 66.00 0.00 65.00 0.00 3.00 0.00 0.00 0.00 96.00 0.00 0.00 0.00 0.00 41.00 0.00 0.00 0.00 0.00 13.00 0.00 0.00
5 0.00 38.00 0.00 0.00 74.00 0.00 83.00 0.00 0.00 64.00 31.00 0.00 0.00 0.00 0.00 7.00 3.00 54.00 0.00 0.00 80.00 73.00 0.00 0.00 0.00 0.00 57.00 13.00 49.00 0.00 29.00 0.00 61.00 0.00 45.00 0.00 70.00 18.00 48.00 20.00 98.00 83.00 0.00 0.00 0.00 0.00 5.00 70.00 49.00 0.00
6 0.00 0.00 7.00 0.00 88.00 83.00 0.00 34.00 0.00 0.00 0.00 0.00 18.00 0.00 59.00 0.00 17.00 77.00 0.00 76.00 0.00 0.00 38.00 91.00 79.00 0.00 52.00 38.00 0.00 28.00 0.00 8.00 0.00 62.00 0.00 76.00 0.00 34.00 0.00 87.00 46.00 71.00 0.00 0.00 91.00 58.00 0.00 63.00 0.00 0.00
7 61.00 16.00 0.00 66.00 59.00 0.00 34.00 0.00 0.00 0.00 100.00 7.00 0.00 0.00 51.00 0.00 0.00 0.00 56.00 28.00 5.00 94.00 29.00 0.00 40.00 27.00 61.00 0.00 3.00 36.00 27.00 0.00 0.00 0.00 0.00 47.00 0.00 88.00 0.00 52.00 27.00 75.00 79.00 0.00 0.00 13.00 42.00 0.00 0.00 0.00
8 53.00 0.00 0.00 74.00 55.00 0.00 0.00 0.00 0.00 0.00 66.00 20.00 53.00 0.00 55.00 0.00 91.00 53.00 0.00 0.00 61.00 0.00 31.00 0.00 0.00 23.00 8.00 88.00 0.00 55.00 0.00 0.00 21.00 0.00 33.00 0.00 13.00 0.00 0.00 62.00 0.00 67.00 50.00 0.00 0.00 84.00 12.00 0.00 47.00 0.00
9 0.00 0.00 32.00 0.00 0.00 64.00 0.00 0.00 0.00 0.00 67.00 54.00 59.00 0.00 61.00 61.00 0.00 0.00 0.00 0.00 56.00 0.00 39.00 0.00 0.00 77.00 56.00 49.00 0.00 0.00 38.00 54.00 0.00 0.00 0.00 0.00 55.00 0.00 45.00 0.00 11.00 0.00 71.00 81.00 0.00 0.00 61.00 79.00 0.00 0.00
10 34.00 96.00 90.00 0.00 85.00 31.00 0.00 100.00 66.00 67.00 0.00 50.00 0.00 0.00 60.00 11.00 21.00 14.00 0.00 4.00 0.00 0.00 0.00 0.00 45.00 0.00 79.00 87.00 0.00 33.00 3.00 0.00 0.00 62.00 67.00 1.00 0.00 0.00 0.00 0.00 0.00 0.00 49.00 0.00 0.00 49.00 0.00 0.00 53.00 0.00
11 50.00 67.00 2.00 36.00 0.00 0.00 0.00 7.00 20.00 54.00 50.00 0.00 0.00 0.00 7.00 76.00 90.00 0.00 0.00 0.00 35.00 2.00 73.00 0.00 0.00 0.00 95.00 69.00 12.00 0.00 0.00 0.00 14.00 61.00 0.00 0.00 0.00 0.00 59.00 0.00 84.00 0.00 0.00 0.00 3.00 0.00 0.00 0.00 9.00 0.00
12 71.00 0.00 0.00 3.00 49.00 0.00 18.00 0.00 53.00 59.00 0.00 0.00 0.00 20.00 0.00 46.00 0.00 0.00 0.00 0.00 0.00 11.00 0.00 0.00 23.00 17.00 0.00 0.00 86.00 0.00 0.00 0.00 0.00 0.00 82.00 34.00 0.00 0.00 51.00 65.00 0.00 0.00 0.00 0.00 0.00 29.00 90.00 19.00 42.00 0.00
13 0.00 95.00 0.00 0.00 29.00 0.00 0.00 0.00 0.00 0.00 0.00 0.00 20.00 0.00 20.00 28.00 0.00 0.00 0.00 0.00 0.00 0.00 0.00 0.00 53.00 43.00 0.00 0.00 0.00 4.00 0.00 0.00 17.00 41.00 0.00 0.00 87.00 0.00 0.00 0.00 0.00 0.00 65.00 0.00 63.00 9.00 57.00 0.00 86.00 0.00
14 0.00 0.00 74.00 0.00 32.00 0.00 59.00 51.00 55.00 61.00 60.00 7.00 0.00 20.00 0.00 20.00 0.00 0.00 22.00 50.00 0.00 75.00 12.00 0.00 5.00 0.00 0.00 0.00 54.00 0.00 65.00 53.00 0.00 0.00 43.00 0.00 27.00 0.00 97.00 0.00 0.00 0.00 68.00 20.00 0.00 0.00 37.00 0.00 0.00 22.00
15 0.00 0.00 43.00 68.00 77.00 7.00 0.00 0.00 0.00 61.00 11.00 76.00 46.00 28.00 20.00 0.00 10.00 0.00 36.00 0.00 3.00 54.00 0.00 62.00 0.00 88.00 0.00 98.00 79.00 31.00 0.00 52.00 0.00 0.00 5.00 0.00 23.00 23.00 44.00 0.00 0.00 9.00 0.00 0.00 0.00 0.00 0.00 6.00 0.00 9.00
16 75.00 38.00 78.00 88.00 0.00 3.00 17.00 0.00 91.00 0.00 21.00 90.00 0.00 0.00 0.00 10.00 0.00 62.00 0.00 7.00 0.00 0.00 58.00 95.00 0.00 0.00 0.00 14.00 0.00 0.00 45.00 21.00 0.00 13.00 0.00 0.00 41.00 0.00 0.00 59.00 0.00 0.00 0.00 0.00 77.00 55.00 27.00 0.00 0.00 0.00
17 0.00 69.00 0.00 31.00 62.00 54.00 77.00 0.00 53.00 0.00 14.00 0.00 0.00 0.00 0.00 0.00 62.00 0.00 1.00 0.00 0.00 0.00 0.00 0.00 7.00 89.00 89.00 88.00 0.00 0.00 96.00 44.00 86.00 0.00 0.00 56.00 0.00 0.00 12.00 78.00 96.00 95.00 0.00 0.00 0.00 78.00 39.00 0.00 0.00 25.00
18 0.00 0.00 0.00 0.00 0.00 0.00 0.00 56.00 0.00 0.00 0.00 0.00 0.00 0.00 22.00 36.00 0.00 1.00 0.00 37.00 69.00 0.00 0.00 38.00 0.00 50.00 0.00 12.00 40.00 68.00 11.00 0.00 93.00 62.00 3.00 69.00 32.00 0.00 0.00 96.00 0.00 29.00 43.00 12.00 0.00 53.00 0.00 0.00 0.00 0.00
19 46.00 0.00 26.00 0.00 41.00 0.00 76.00 28.00 0.00 0.00 4.00 0.00 0.00 0.00 50.00 0.00 7.00 0.00 37.00 0.00 94.00 14.00 0.00 0.00 0.00 49.00 13.00 11.00 32.00 0.00 57.00 0.00 14.00 0.00 0.00 0.00 0.00 26.00 0.00 15.00 0.00 49.00 69.00 5.00 0.00 75.00 95.00 0.00 0.00 0.00
20 88.00 0.00 6.00 51.00 96.00 80.00 0.00 5.00 61.00 56.00 0.00 35.00 0.00 0.00 0.00 3.00 0.00 0.00 69.00 94.00 0.00 0.00 0.00 80.00 72.00 37.00 52.00 0.00 85.00 0.00 77.00 0.00 0.00 0.00 0.00 93.00 97.00 0.00 0.00 74.00 79.00 0.00 68.00 0.00 77.00 0.00 35.00 0.00 0.00 0.00
21 0.00 41.00 88.00 0.00 0.00 73.00 0.00 94.00 0.00 0.00 0.00 2.00 11.00 0.00 75.00 54.00 0.00 0.00 0.00 14.00 0.00 0.00 0.00 0.00 43.00 0.00 0.00 0.00 10.00 71.00 26.00 2.00 26.00 94.00 0.00 54.00 0.00 0.00 0.00 22.00 0.00 65.00 94.00 0.00 0.00 0.00 52.00 66.00 81.00 20.00
22 21.00 0.00 78.00 58.00 0.00 0.00 38.00 29.00 31.00 39.00 0.00 73.00 0.00 0.00 12.00 0.00 58.00 0.00 0.00 0.00 0.00 0.00 0.00 46.00 87.00 79.00 0.00 79.00 19.00 0.00 0.00 0.00 0.00 84.00 81.00 23.00 80.00 0.00 12.00 95.00 63.00 90.00 82.00 48.00 0.00 42.00 33.00 0.00 29.00 52.00
23 98.00 0.00 54.00 0.00 0.00 0.00 91.00 0.00 0.00 0.00 0.00 0.00 0.00 0.00 0.00 62.00 95.00 0.00 38.00 0.00 80.00 0.00 46.00 0.00 49.00 0.00 95.00 0.00 43.00 0.00 67.00 0.00 0.00 26.00 87.00 0.00 33.00 0.00 0.00 13.00 12.00 28.00 0.00 98.00 94.00 6.00 7.00 0.00 73.00 0.00
24 0.00 0.00 14.00 0.00 0.00 0.00 79.00 40.00 0.00 0.00 45.00 0.00 23.00 53.00 5.00 0.00 0.00 7.00 0.00 0.00 72.00 43.00 87.00 49.00 0.00 0.00 6.00 0.00 68.00 14.00 85.00 0.00 93.00 8.00 5.00 0.00 0.00 55.00 81.00 17.00 0.00 68.00 46.00 1.00 8.00 10.00 0.00 0.00 67.00 0.00
25 0.00 9.00 64.00 26.00 99.00 0.00 0.00 27.00 23.00 77.00 0.00 0.00 17.00 43.00 0.00 88.00 0.00 89.00 50.00 49.00 37.00 0.00 79.00 0.00 0.00 0.00 56.00 0.00 0.00 89.00 0.00 0.00 0.00 39.00 67.00 0.00 0.00 0.00 0.00 67.00 0.00 0.00 0.00 0.00 84.00 23.00 0.00 75.00 69.00 0.00
26 94.00 2.00 0.00 0.00 16.00 57.00 52.00 61.00 8.00 56.00 79.00 95.00 0.00 0.00 0.00 0.00 0.00 89.00 0.00 13.00 52.00 0.00 0.00 95.00 6.00 56.00 0.00 0.00 0.00 96.00 0.00 60.00 0.00 76.00 0.00 0.00 0.00 0.00 0.00 0.00 42.00 65.00 0.00 22.00 0.00 0.00 0.00 8.00 0.00 52.00
27 0.00 0.00 52.00 8.00 0.00 13.00 38.00 0.00 88.00 49.00 87.00 69.00 0.00 0.00 0.00 98.00 14.00 88.00 12.00 11.00 0.00 0.00 79.00 0.00 0.00 0.00 0.00 0.00 21.00 0.00 0.00 0.00 51.00 25.00 60.00 0.00 59.00 9.00 52.00 40.00 0.00 52.00 10.00 0.00 2.00 89.00 0.00 59.00 0.00 10.00
28 67.00 24.00 71.00 8.00 0.00 49.00 0.00 3.00 0.00 0.00 0.00 12.00 86.00 0.00 54.00 79.00 0.00 0.00 40.00 32.00 85.00 10.00 19.00 43.00 68.00 0.00 0.00 21.00 0.00 48.00 13.00 83.00 0.00 0.00 0.00 55.00 0.00 0.00 0.00 97.00 0.00 0.00 86.00 58.00 0.00 18.00 9.00 0.00 0.00 21.00
29 0.00 39.00 79.00 0.00 66.00 0.00 28.00 36.00 55.00 0.00 33.00 0.00 0.00 4.00 0.00 31.00 0.00 0.00 68.00 0.00 0.00 71.00 0.00 0.00 14.00 89.00 96.00 0.00 48.00 0.00 7.00 0.00 5.00 0.00 70.00 8.00 0.00 18.00 79.00 83.00 94.00 78.00 0.00 98.00 53.00 0.00 0.00 0.00 0.00 0.00
30 0.00 0.00 55.00 0.00 0.00 29.00 0.00 27.00 0.00 38.00 3.00 0.00 0.00 0.00 65.00 0.00 45.00 96.00 11.00 57.00 77.00 26.00 0.00 67.00 85.00 0.00 0.00 0.00 13.00 7.00 0.00 0.00 12.00 58.00 0.00 68.00 60.00 0.00 52.00 79.00 41.00 16.00 86.00 74.00 0.00 66.00 37.00 28.00 86.00 0.00
31 45.00 0.00 0.00 94.00 65.00 0.00 8.00 0.00 0.00 54.00 0.00 0.00 0.00 0.00 53.00 52.00 21.00 44.00 0.00 0.00 0.00 2.00 0.00 0.00 0.00 0.00 60.00 0.00 83.00 0.00 0.00 0.00 0.00 90.00 53.00 0.00 4.00 0.00 87.00 0.00 0.00 0.00 54.00 0.00 98.00 83.00 0.00 57.00 83.00 41.00
32 80.00 71.00 0.00 26.00 0.00 61.00 0.00 0.00 21.00 0.00 0.00 14.00 0.00 17.00 0.00 0.00 0.00 86.00 93.00 14.00 0.00 26.00 0.00 0.00 93.00 0.00 0.00 51.00 0.00 5.00 12.00 0.00 0.00 0.00 31.00 0.00 0.00 51.00 7.00 0.00 0.00 20.00 29.00 30.00 82.00 0.00 45.00 0.00 0.00 50.00
33 54.00 14.00 0.00 86.00 3.00 0.00 62.00 0.00 0.00 0.00 62.00 61.00 0.00 41.00 0.00 0.00 13.00 0.00 62.00 0.00 0.00 94.00 84.00 26.00 8.00 39.00 76.00 25.00 0.00 0.00 58.00 90.00 0.00 0.00 57.00 0.00 95.00 51.00 0.00 94.00 0.00 0.00 72.00 79.00 0.00 0.00 10.00 37.00 0.00 0.00
34 0.00 0.00 67.00 67.00 0.00 45.00 0.00 0.00 33.00 0.00 67.00 0.00 82.00 0.00 43.00 5.00 0.00 0.00 3.00 0.00 0.00 0.00 81.00 87.00 5.00 67.00 0.00 60.00 0.00 70.00 0.00 53.00 31.00 57.00 0.00 35.00 0.00 0.00 0.00 89.00 55.00 0.00 71.00 0.00 61.00 0.00 0.00 68.00 68.00 0.00
35 22.00 25.00 36.00 48.00 0.00 0.00 76.00 47.00 0.00 0.00 1.00 0.00 34.00 0.00 0.00 0.00 0.00 56.00 69.00 0.00 93.00 54.00 23.00 0.00 0.00 0.00 0.00 0.00 55.00 8.00 68.00 0.00 0.00 0.00 35.00 0.00 88.00 78.00 0.00 0.00 16.00 0.00 0.00 34.00 46.00 0.00 0.00 77.00 12.00 37.00
36 25.00 0.00 6.00 0.00 0.00 70.00 0.00 0.00 13.00 55.00 0.00 0.00 0.00 87.00 27.00 23.00 41.00 0.00 32.00 0.00 97.00 0.00 80.00 33.00 0.00 0.00 0.00 59.00 0.00 0.00 60.00 4.00 0.00 95.00 0.00 88.00 0.00 0.00 0.00 39.00 2.00 72.00 0.00 12.00 0.00 58.00 84.00 0.00 43.00 84.00
37 0.00 0.00 76.00 4.00 96.00 18.00 34.00 88.00 0.00 0.00 0.00 0.00 0.00 0.00 0.00 23.00 0.00 0.00 0.00 26.00 0.00 0.00 0.00 0.00 55.00 0.00 0.00 9.00 0.00 18.00 0.00 0.00 51.00 51.00 0.00 78.00 0.00 0.00 28.00 6.00 100.00 0.00 0.00 39.00 0.00 80.00 0.00 56.00 11.00 0.00
38 49.00 34.00 80.00 0.00 0.00 48.00 0.00 0.00 0.00 45.00 0.00 59.00 51.00 0.00 97.00 44.00 0.00 12.00 0.00 0.00 0.00 0.00 12.00 0.00 81.00 0.00 0.00 52.00 0.00 79.00 52.00 87.00 7.00 0.00 0.00 0.00 0.00 28.00 0.00 0.00 0.00 78.00 79.00 17.00 21.00 29.00 43.00 0.00 0.00 62.00
39 41.00 97.00 66.00 0.00 0.00 20.00 87.00 52.00 62.00 0.00 0.00 0.00 65.00 0.00 0.00 0.00 59.00 78.00 96.00 15.00 74.00 22.00 95.00 13.00 17.00 67.00 0.00 40.00 97.00 83.00 79.00 0.00 0.00 94.00 89.00 0.00 39.00 6.00 0.00 0.00 2.00 0.00 0.00 9.00 37.00 0.00 0.00 0.00 24.00 17.00
40 0.00 0.00 0.00 0.00 0.00 98.00 46.00 27.00 0.00 11.00 0.00 84.00 0.00 0.00 0.00 0.00 0.00 96.00 0.00 0.00 79.00 0.00 63.00 12.00 0.00 0.00 42.00 0.00 0.00 94.00 41.00 0.00 0.00 0.00 55.00 16.00 2.00 100.00 0.00 2.00 0.00 37.00 0.00 11.00 0.00 52.00 78.00 88.00 0.00 3.00
41 0.00 48.00 35.00 27.00 0.00 83.00 71.00 75.00 67.00 0.00 0.00 0.00 0.00 0.00 0.00 9.00 0.00 95.00 29.00 49.00 0.00 65.00 90.00 28.00 68.00 0.00 65.00 52.00 0.00 78.00 16.00 0.00 20.00 0.00 0.00 0.00 72.00 0.00 78.00 0.00 37.00 0.00 0.00 8.00 31.00 50.00 0.00 53.00 0.00 0.00
42 0.00 0.00 92.00 0.00 41.00 0.00 0.00 79.00 50.00 71.00 49.00 0.00 0.00 65.00 68.00 0.00 0.00 0.00 43.00 69.00 68.00 94.00 82.00 0.00 46.00 0.00 0.00 10.00 86.00 0.00 86.00 54.00 29.00 72.00 71.00 0.00 0.00 0.00 79.00 0.00 0.00 0.00 0.00 45.00 50.00 0.00 0.00 0.00 53.00 0.00
43 0.00 87.00 0.00 0.00 0.00 0.00 0.00 0.00 0.00 81.00 0.00 0.00 0.00 0.00 20.00 0.00 0.00 0.00 12.00 5.00 0.00 0.00 48.00 98.00 1.00 0.00 22.00 0.00 58.00 98.00 74.00 0.00 30.00 79.00 0.00 34.00 12.00 39.00 17.00 9.00 11.00 8.00 45.00 0.00 0.00 26.00 94.00 15.00 79.00 66.00
44 0.00 0.00 62.00 0.00 0.00 0.00 91.00 0.00 0.00 0.00 0.00 3.00 0.00 63.00 0.00 0.00 77.00 0.00 0.00 0.00 77.00 0.00 0.00 94.00 8.00 84.00 0.00 2.00 0.00 53.00 0.00 98.00 82.00 0.00 61.00 46.00 0.00 0.00 21.00 37.00 0.00 31.00 50.00 0.00 0.00 0.00 17.00 0.00 39.00 0.00
45 0.00 0.00 72.00 96.00 0.00 0.00 58.00 13.00 84.00 0.00 49.00 0.00 29.00 9.00 0.00 0.00 55.00 78.00 53.00 75.00 0.00 0.00 42.00 6.00 10.00 23.00 0.00 89.00 18.00 0.00 66.00 83.00 0.00 0.00 0.00 0.00 58.00 80.00 29.00 0.00 52.00 50.00 0.00 26.00 0.00 0.00 81.00 48.00 0.00 84.00
46 33.00 0.00 50.00 28.00 0.00 5.00 0.00 42.00 12.00 61.00 0.00 0.00 90.00 57.00 37.00 0.00 27.00 39.00 0.00 95.00 35.00 52.00 33.00 7.00 0.00 0.00 0.00 0.00 9.00 0.00 37.00 0.00 45.00 10.00 0.00 0.00 84.00 0.00 43.00 0.00 78.00 0.00 0.00 94.00 17.00 81.00 0.00 0.00 0.00 8.00
47 0.00 0.00 100.00 70.00 13.00 70.00 63.00 0.00 0.00 79.00 0.00 0.00 19.00 0.00 0.00 6.00 0.00 0.00 0.00 0.00 0.00 66.00 0.00 0.00 0.00 75.00 8.00 59.00 0.00 0.00 28.00 57.00 0.00 37.00 68.00 77.00 0.00 56.00 0.00 0.00 88.00 53.00 0.00 15.00 0.00 48.00 0.00 0.00 0.00 39.00
48 0.00 0.00 0.00 52.00 0.00 49.00 0.00 0.00 47.00 0.00 53.00 9.00 42.00 86.00 0.00 0.00 0.00 0.00 0.00 0.00 0.00 81.00 29.00 73.00 67.00 69.00 0.00 0.00 0.00 0.00 86.00 83.00 0.00 0.00 68.00 12.00 43.00 11.00 0.00 24.00 0.00 0.00 53.00 79.00 39.00 0.00 0.00 0.00 0.00 0.00
49 0.00 53.00 99.00 35.00 0.00 0.00 0.00 0.00 0.00 0.00 0.00 0.00 0.00 0.00 22.00 9.00 0.00 25.00 0.00 0.00 0.00 20.00 52.00 0.00 0.00 0.00 52.00 10.00 21.00 0.00 0.00 41.00 50.00 0.00 0.00 37.00 84.00 0.00 62.00 17.00 3.00 0.00 0.00 66.00 0.00 84.00 8.00 39.00 0.00 0.00
mcp_obj 31
mcp_gap 0
mcp_x 1 1 0 1 1 0 1 1 1 1 1 0 0 0 0 1 1 1 1 1 0 1 1 1 1 0 1 0 1 1 0 1 0 0 0 1 0 1 0 1 1 0 0 0 1 0 1 1 1 1
