NAME N50_rc_0.7_rGamma_1_dc_0.035_dGamma_0.0005_jeu_50_75_1.txt
NUM_ITEMS 50
SOURCE jeu_50_75_1
PARAMETERS
r_c 0.7
r_Gamma 1
d_c 0.035
d_Gamma 0.0005

BOUNDS
c_lb 0.00
c_ub 86.33
Gamma_lb 3
Gamma_ub 11
B_i_1_lb 0.00 0.00 0.00 0.00 0.00 0.00 0.00 0.00 0.00 0.00 0.00 0.00 0.00 0.00 0.00 0.00 0.00 0.00 0.00 0.00 0.00 0.00 0.00 0.00 0.00 0.00 0.00 0.00 0.00 0.00 0.00 0.00 0.00 0.00 0.00 0.00 0.00 0.00 0.00 0.00 0.00 0.00 0.00 0.00 0.00 0.00 0.00 0.00 0.00 0.00
B_i_1_ub 16.37 19.59 15.53 17.94 12.37 9.04 12.75 12.44 15.62 12.54 9.63 13.23 7.85 14.92 15.31 14.12 11.64 14.57 10.55 15.73 13.24 13.57 9.71 15.21 13.55 13.43 14.06 11.71 18.47 14.90 15.30 10.13 10.47 15.17 17.73 15.80 12.13 19.24 11.63 13.70 12.37 13.02 12.55 16.54 15.27 18.86 16.71 9.07 15.10 15.42
B_i_0_lb 0.00 0.00 0.00 0.00 0.00 0.00 0.00 0.00 0.00 0.00 0.00 0.00 0.00 0.00 0.00 0.00 0.00 0.00 0.00 0.00 0.00 0.00 0.00 0.00 0.00 0.00 0.00 0.00 0.00 0.00 0.00 0.00 0.00 0.00 0.00 0.00 0.00 0.00 0.00 0.00 0.00 0.00 0.00 0.00 0.00 0.00 0.00 0.00 0.00 0.00
B_i_0_ub 19.27 19.59 17.00 20.71 18.19 15.35 18.57 14.33 18.85 13.94 16.29 19.99 11.35 20.84 17.73 19.51 13.46 14.61 16.27 15.73 17.79 18.44 16.26 22.49 15.03 19.07 16.12 15.39 24.73 17.87 22.13 13.22 15.09 16.78 22.71 19.58 15.03 20.54 18.05 18.23 17.07 14.98 15.66 16.55 17.65 20.40 18.32 14.82 21.79 24.08
c_i_1_lb 19.60 25.20 0.00 4.20 7.00 0.00 53.90 0.00 25.20 39.90 30.10 48.30 16.80 43.40 68.60 7.70 44.10 0.00 0.00 29.40 0.00 11.90 0.00 14.00 0.00 33.60 47.60 47.60 11.90 63.70 60.90 42.00 14.70 69.30 0.00 0.00 0.00 37.10 0.00 18.90 0.00 46.90 19.60 0.00 9.80 2.80 60.90 41.30 0.00 41.30
c_i_1_ub 35.97 44.79 15.53 22.14 19.37 9.04 66.65 12.44 40.82 52.44 39.73 61.53 24.65 58.32 83.91 21.82 55.74 14.57 10.55 45.13 13.24 25.47 9.71 29.21 13.55 47.03 61.66 59.31 30.37 78.60 76.20 52.13 25.17 84.47 17.73 15.80 12.13 56.34 11.63 32.60 12.37 59.92 32.15 16.54 25.07 21.66 77.61 50.37 15.10 56.72
c_i_0_lb 19.60 25.20 0.00 4.20 7.00 0.00 53.90 0.00 25.20 39.90 30.10 48.30 16.80 43.40 68.60 7.70 44.10 0.00 0.00 29.40 0.00 11.90 0.00 14.00 0.00 33.60 47.60 47.60 11.90 63.70 60.90 42.00 14.70 69.30 0.00 0.00 0.00 37.10 0.00 18.90 0.00 46.90 19.60 0.00 9.80 2.80 60.90 41.30 0.00 41.30
c_i_0_ub 38.87 44.79 17.00 24.91 25.19 15.35 72.47 14.33 44.05 53.84 46.39 68.29 28.15 64.24 86.33 27.21 57.56 14.61 16.27 45.13 17.79 30.34 16.26 36.49 15.03 52.67 63.72 62.99 36.63 81.57 83.03 55.22 29.79 86.08 22.71 19.58 15.03 57.64 18.05 37.13 17.07 61.88 35.26 16.55 27.45 23.20 79.22 56.12 21.79 65.38
c_1_lb 0.00
c_1_ub 84.47
c_0_lb 0.00
c_0_ub 86.33

BOUND_TIMES
k_max_time 0.000928
Gamma_ub_time 0.000305
B_i_1_lb_time 0.002206
B_i_1_ub_time 0.009835
B_i_0_lb_time 0.002365
B_i_0_ub_time 0.007977

DDRO_PARAMETERS
a_0 3
b_0i 1 0 1 1 1 1 1 1 1 1 1 1 1 1 1 1 0 1 1 0 1 1 1 1 1 1 1 0 1 1 1 1 1 1 1 1 0 1 1 1 1 1 1 1 1 0 1 1 1 1
a_i 19.60 25.20 0.00 4.20 7.00 0.00 53.90 0.00 25.20 39.90 30.10 48.30 16.80 43.40 68.60 7.70 44.10 0.00 0.00 29.40 0.00 11.90 0.00 14.00 0.00 33.60 47.60 47.60 11.90 63.70 60.90 42.00 14.70 69.30 0.00 0.00 0.00 37.10 0.00 18.90 0.00 46.90 19.60 0.00 9.80 2.80 60.90 41.30 0.00 41.30
b_ij
0 0.00 3.19 0.28 3.01 2.56 0.00 1.02 0.32 0.00 0.70 2.98 0.67 0.00 0.53 0.00 1.58 0.04 0.88 0.70 1.58 0.00 0.63 0.00 3.36 2.45 1.61 0.91 0.00 0.39 2.35 0.00 0.00 0.35 0.00 1.58 1.75 3.08 2.00 1.30 0.00 2.84 1.96 0.53 0.00 2.98 2.45 2.73 3.26 3.36 0.00
1 3.19 0.00 2.07 1.44 0.00 0.88 0.00 0.14 0.00 2.24 0.00 0.00 0.14 1.09 3.26 1.96 0.00 2.31 0.00 2.91 0.00 2.28 1.09 0.04 0.00 0.28 1.47 1.23 2.70 0.04 0.00 0.00 0.00 0.42 2.77 2.56 0.00 0.00 0.00 2.84 1.37 0.35 0.00 1.44 0.91 2.77 2.66 0.00 0.00 2.63
2 0.28 2.07 0.00 0.42 0.00 1.05 1.79 0.00 2.28 1.05 2.87 2.24 0.00 2.66 2.98 0.53 2.00 1.47 1.86 1.12 1.47 0.00 0.00 0.00 0.00 2.98 0.84 0.00 1.82 1.96 2.00 2.24 1.23 0.42 1.61 0.21 0.00 3.40 1.51 0.00 0.00 2.59 0.00 0.00 1.58 2.49 0.28 2.14 2.70 1.44
3 3.01 1.44 0.42 0.00 2.98 0.81 3.43 0.88 2.98 0.46 0.88 2.45 2.70 2.84 3.33 0.00 0.00 0.00 1.16 2.38 0.28 0.00 0.25 0.00 1.33 2.56 2.77 0.00 0.00 1.54 0.00 1.37 0.00 1.61 3.15 0.95 0.35 3.19 1.40 2.21 2.80 0.91 2.38 1.79 3.08 0.00 3.05 1.37 0.00 2.42
4 2.56 0.00 0.00 2.98 0.00 0.53 2.07 2.28 0.00 1.47 2.80 2.42 2.42 1.37 2.73 2.59 0.42 1.47 0.00 0.39 3.05 0.00 0.00 0.00 0.00 2.21 0.00 1.05 0.00 3.12 2.21 3.22 2.80 2.63 1.68 3.40 2.28 3.15 0.00 0.00 2.70 2.77 0.00 1.26 0.00 0.00 3.12 2.31 0.00 0.00
5 0.00 0.88 1.05 0.81 0.53 0.00 0.35 1.23 0.00 1.61 0.81 0.49 2.98 0.00 2.94 1.54 2.03 1.02 1.61 1.19 0.00 2.10 1.61 1.02 2.42 0.00 1.16 3.43 2.31 2.63 2.35 2.94 0.00 2.28 1.23 0.00 1.93 2.17 2.70 2.35 1.93 1.96 0.14 1.23 0.91 2.10 0.18 0.00 0.07 3.36
6 1.02 0.00 1.79 3.43 2.07 0.35 0.00 0.00 2.63 2.70 2.31 0.63 3.08 1.89 1.93 2.17 0.00 1.79 0.00 0.81 0.00 0.00 2.66 0.98 0.00 0.00 0.00 2.24 0.21 3.08 1.65 2.66 0.98 3.22 2.38 1.82 0.00 0.00 3.47 0.00 0.25 1.93 3.22 0.04 0.00 0.00 3.40 0.35 1.02 0.91
7 0.32 0.14 0.00 0.88 2.28 1.23 0.00 0.00 1.05 0.60 0.18 0.88 1.51 0.98 0.60 2.73 0.00 0.25 1.37 0.00 0.00 0.00 3.12 3.05 1.19 3.33 2.63 2.31 2.59 0.00 0.00 0.00 0.42 2.87 1.79 0.00 2.14 0.42 0.00 0.60 1.30 1.96 2.38 2.42 0.84 0.00 2.31 2.17 1.26 1.86
8 0.00 0.00 2.28 2.98 0.00 0.00 2.63 1.05 0.00 2.59 0.88 2.00 0.42 0.28 0.07 0.14 0.84 1.47 0.00 3.15 1.51 3.26 0.81 2.00 3.15 2.21 2.28 0.84 1.75 0.00 0.00 2.91 1.79 1.02 2.35 0.00 1.54 0.00 0.25 0.60 2.14 0.00 0.18 0.95 0.28 1.61 0.25 0.00 3.36 2.70
9 0.70 2.24 1.05 0.46 1.47 1.61 2.70 0.60 2.59 0.00 1.61 0.42 0.00 0.14 0.00 1.23 0.00 0.49 2.91 0.35 3.15 3.33 1.58 2.24 2.91 0.00 1.44 0.28 2.84 0.21 0.32 0.56 1.30 1.58 2.70 1.23 1.47 2.38 1.72 3.47 2.91 1.02 0.11 0.18 1.23 1.54 1.40 0.00 0.00 0.04
10 2.98 0.00 2.87 0.88 2.80 0.81 2.31 0.18 0.88 1.61 0.00 2.28 2.80 3.12 0.63 1.93 0.00 0.84 0.53 0.74 1.47 3.12 0.00 1.72 2.73 0.21 0.00 2.42 0.00 2.70 1.16 2.56 0.00 0.95 3.26 0.14 0.00 0.00 0.00 0.49 2.91 0.00 0.60 0.21 3.36 0.00 2.56 1.68 2.45 2.98
11 0.67 0.00 2.24 2.45 2.42 0.49 0.63 0.88 2.00 0.42 2.28 0.00 0.91 2.03 0.81 0.00 1.79 2.94 0.00 0.00 3.43 0.07 0.88 0.00 0.00 0.00 2.52 3.12 2.59 1.86 3.12 0.95 3.12 2.87 0.00 0.46 0.00 0.18 2.03 3.01 2.03 1.72 2.45 2.52 2.07 0.00 2.66 2.49 2.77 0.00
12 0.00 0.14 0.00 2.70 2.42 2.98 3.08 1.51 0.42 0.00 2.80 0.91 0.00 0.21 0.00 3.19 2.00 0.00 0.56 0.84 2.31 0.95 3.50 2.66 0.53 0.00 0.84 1.44 2.10 1.23 1.02 0.00 0.11 2.17 0.70 1.72 1.33 0.00 0.88 3.15 2.87 0.84 0.00 0.00 0.18 0.00 0.00 2.45 0.00 3.08
13 0.53 1.09 2.66 2.84 1.37 0.00 1.89 0.98 0.28 0.14 3.12 2.03 0.21 0.00 0.00 2.98 3.43 0.04 0.39 1.68 1.58 2.84 0.00 1.23 0.00 0.00 1.58 0.74 1.96 1.33 1.89 0.00 1.86 0.67 0.53 2.70 2.56 0.53 0.91 0.00 0.81 2.73 0.39 1.33 3.43 1.33 2.98 0.00 2.14 0.00
14 0.00 3.26 2.98 3.33 2.73 2.94 1.93 0.60 0.07 0.00 0.63 0.81 0.00 0.00 0.00 0.56 0.00 0.00 1.02 1.82 0.00 1.89 2.84 0.00 0.74 0.14 0.00 0.00 1.44 1.61 1.09 2.28 0.00 0.21 1.26 3.47 0.00 1.26 0.95 3.15 3.33 2.66 1.33 0.21 1.40 0.00 0.00 2.00 1.72 0.11
15 1.58 1.96 0.53 0.00 2.59 1.54 2.17 2.73 0.14 1.23 1.93 0.00 3.19 2.98 0.56 0.00 0.00 2.07 0.81 2.70 0.00 2.03 1.89 0.04 2.80 0.77 0.00 1.33 0.00 0.00 0.00 0.53 0.00 0.56 2.17 0.00 0.00 1.68 0.39 3.26 0.98 0.46 2.66 2.91 1.19 0.00 0.00 1.19 2.91 0.00
16 0.04 0.00 2.00 0.00 0.42 2.03 0.00 0.00 0.84 0.00 0.00 1.79 2.00 3.43 0.00 0.00 0.00 0.00 0.88 0.04 3.19 0.00 1.26 2.00 0.00 0.00 1.19 0.14 2.94 2.38 0.00 1.72 0.11 2.84 2.49 0.35 0.00 0.00 0.00 1.26 0.25 1.47 1.23 2.70 0.00 0.67 0.00 1.47 3.26 2.63
17 0.88 2.31 1.47 0.00 1.47 1.02 1.79 0.25 1.47 0.49 0.84 2.94 0.00 0.04 0.00 2.07 0.00 0.00 0.28 1.51 0.14 2.98 0.63 2.73 1.89 1.93 0.49 2.56 2.91 0.95 1.79 0.00 0.00 1.12 2.42 2.94 0.00 0.88 2.91 2.24 2.21 3.29 2.00 0.00 0.00 2.63 0.00 1.19 0.18 2.94
18 0.70 0.00 1.86 1.16 0.00 1.61 0.00 1.37 0.00 2.91 0.53 0.00 0.56 0.39 1.02 0.81 0.88 0.28 0.00 1.19 0.00 0.98 1.05 1.23 2.35 1.40 2.21 0.00 3.47 3.12 0.04 1.02 2.49 2.77 1.86 2.49 2.70 2.31 2.59 0.00 1.68 0.91 0.39 1.37 0.00 0.00 1.51 3.50 3.26 0.25
19 1.58 2.91 1.12 2.38 0.39 1.19 0.81 0.00 3.15 0.35 0.74 0.00 0.84 1.68 1.82 2.70 0.04 1.51 1.19 0.00 0.00 1.54 0.00 2.98 0.28 0.00 1.96 0.98 1.09 0.88 2.10 0.00 0.98 0.00 2.28 0.07 1.72 1.02 1.68 0.00 0.00 0.00 0.07 0.00 3.01 2.77 0.28 0.84 0.14 2.91
20 0.00 0.00 1.47 0.28 3.05 0.00 0.00 0.00 1.51 3.15 1.47 3.43 2.31 1.58 0.00 0.00 3.19 0.14 0.00 0.00 0.00 2.00 2.98 0.81 0.98 0.98 1.61 0.00 0.00 1.61 2.24 3.15 3.47 2.45 0.67 0.00 1.86 1.40 0.00 0.70 3.26 0.49 1.65 3.05 1.96 0.00 2.38 1.05 0.00 0.00
21 0.63 2.28 0.00 0.00 0.00 2.10 0.00 0.00 3.26 3.33 3.12 0.07 0.95 2.84 1.89 2.03 0.00 2.98 0.98 1.54 2.00 0.00 1.68 2.00 2.77 2.21 2.28 2.80 1.68 0.07 2.31 1.89 2.17 1.12 0.00 1.30 1.61 0.67 0.00 2.77 1.02 0.00 2.31 0.00 0.32 0.42 0.00 2.42 0.81 2.14
22 0.00 1.09 0.00 0.25 0.00 1.61 2.66 3.12 0.81 1.58 0.00 0.88 3.50 0.00 2.84 1.89 1.26 0.63 1.05 0.00 2.98 1.68 0.00 3.08 0.28 2.38 0.00 2.49 0.95 1.86 1.37 0.00 1.30 2.17 1.54 1.09 0.00 0.84 0.91 0.32 0.32 2.00 0.00 1.23 2.87 2.52 2.63 0.60 1.05 1.02
23 3.36 0.04 0.00 0.00 0.00 1.02 0.98 3.05 2.00 2.24 1.72 0.00 2.66 1.23 0.00 0.04 2.00 2.73 1.23 2.98 0.81 2.00 3.08 0.00 1.96 0.35 2.87 2.94 0.77 3.22 2.14 3.40 1.26 2.35 1.16 2.52 2.03 0.00 1.26 2.73 0.04 3.22 1.16 2.87 3.29 0.56 2.28 2.45 1.68 0.00
24 2.45 0.00 0.00 1.33 0.00 2.42 0.00 1.19 3.15 2.91 2.73 0.00 0.53 0.00 0.74 2.80 0.00 1.89 2.35 0.28 0.98 2.77 0.28 1.96 0.00 0.00 2.07 0.00 3.08 0.56 0.00 2.84 0.00 0.77 1.19 0.00 0.11 3.15 2.80 2.91 0.00 0.70 2.07 0.81 1.68 0.49 0.49 0.00 0.39 3.33
25 1.61 0.28 2.98 2.56 2.21 0.00 0.00 3.33 2.21 0.00 0.21 0.00 0.00 0.00 0.14 0.77 0.00 1.93 1.40 0.00 0.98 2.21 2.38 0.35 0.00 0.00 3.22 0.00 2.73 0.00 0.35 2.59 1.96 0.18 2.03 3.29 0.00 2.14 0.00 2.14 0.60 2.14 3.15 2.63 0.00 0.00 0.18 1.33 3.05 3.19
26 0.91 1.47 0.84 2.77 0.00 1.16 0.00 2.63 2.28 1.44 0.00 2.52 0.84 1.58 0.00 0.00 1.19 0.49 2.21 1.96 1.61 2.28 0.00 2.87 2.07 3.22 0.00 1.79 1.82 0.84 3.40 0.46 3.29 2.84 2.49 2.56 0.07 0.91 0.00 1.75 2.17 1.72 1.37 0.32 2.38 0.70 0.00 2.03 2.10 0.00
27 0.00 1.23 0.00 0.00 1.05 3.43 2.24 2.31 0.84 0.28 2.42 3.12 1.44 0.74 0.00 1.33 0.14 2.56 0.00 0.98 0.00 2.80 2.49 2.94 0.00 0.00 1.79 0.00 1.02 1.33 0.46 3.26 0.00 0.39 1.40 0.00 0.39 2.00 2.56 0.00 0.00 0.00 0.00 1.26 0.25 0.00 1.37 1.44 1.12 0.00
28 0.39 2.70 1.82 0.00 0.00 2.31 0.21 2.59 1.75 2.84 0.00 2.59 2.10 1.96 1.44 0.00 2.94 2.91 3.47 1.09 0.00 1.68 0.95 0.77 3.08 2.73 1.82 1.02 0.00 0.88 0.00 0.95 3.19 0.00 1.89 0.00 2.31 2.45 1.82 2.17 0.00 0.00 2.91 3.29 0.00 2.70 0.00 2.87 2.56 1.82
29 2.35 0.04 1.96 1.54 3.12 2.63 3.08 0.00 0.00 0.21 2.70 1.86 1.23 1.33 1.61 0.00 2.38 0.95 3.12 0.88 1.61 0.07 1.86 3.22 0.56 0.00 0.84 1.33 0.88 0.00 2.10 2.38 3.43 0.74 0.56 1.30 0.00 2.21 0.00 0.00 0.21 0.77 0.49 3.43 1.47 0.00 3.05 1.12 1.37 2.84
30 0.00 0.00 2.00 0.00 2.21 2.35 1.65 0.00 0.00 0.32 1.16 3.12 1.02 1.89 1.09 0.00 0.00 1.79 0.04 2.10 2.24 2.31 1.37 2.14 0.00 0.35 3.40 0.46 0.00 2.10 0.00 1.47 2.38 3.29 3.22 0.14 0.91 3.01 2.59 2.31 0.00 3.43 2.10 1.75 2.63 3.36 1.75 2.28 2.38 0.00
31 0.00 0.00 2.24 1.37 3.22 2.94 2.66 0.00 2.91 0.56 2.56 0.95 0.00 0.00 2.28 0.53 1.72 0.00 1.02 0.00 3.15 1.89 0.00 3.40 2.84 2.59 0.46 3.26 0.95 2.38 1.47 0.00 0.60 0.00 2.73 0.00 1.79 0.00 2.73 2.24 1.02 0.00 0.00 0.00 2.98 2.07 0.00 0.49 2.70 0.91
32 0.35 0.00 1.23 0.00 2.80 0.00 0.98 0.42 1.79 1.30 0.00 3.12 0.11 1.86 0.00 0.00 0.11 0.00 2.49 0.98 3.47 2.17 1.30 1.26 0.00 1.96 3.29 0.00 3.19 3.43 2.38 0.60 0.00 1.61 0.21 3.08 0.00 0.00 1.09 0.67 0.00 0.00 3.36 2.77 0.88 1.75 1.26 1.68 0.00 0.00
33 0.00 0.42 0.42 1.61 2.63 2.28 3.22 2.87 1.02 1.58 0.95 2.87 2.17 0.67 0.21 0.56 2.84 1.12 2.77 0.00 2.45 1.12 2.17 2.35 0.77 0.18 2.84 0.39 0.00 0.74 3.29 0.00 1.61 0.00 2.59 0.00 1.26 1.30 2.70 1.37 0.00 2.31 1.30 0.07 1.68 3.22 2.28 0.63 3.36 2.49
34 1.58 2.77 1.61 3.15 1.68 1.23 2.38 1.79 2.35 2.70 3.26 0.00 0.70 0.53 1.26 2.17 2.49 2.42 1.86 2.28 0.67 0.00 1.54 1.16 1.19 2.03 2.49 1.40 1.89 0.56 3.22 2.73 0.21 2.59 0.00 0.56 0.14 0.00 0.00 2.52 0.67 2.28 0.35 1.82 1.96 1.79 0.74 3.33 1.19 2.03
35 1.75 2.56 0.21 0.95 3.40 0.00 1.82 0.00 0.00 1.23 0.14 0.46 1.72 2.70 3.47 0.00 0.35 2.94 2.49 0.07 0.00 1.30 1.09 2.52 0.00 3.29 2.56 0.00 0.00 1.30 0.14 0.00 3.08 0.00 0.56 0.00 3.36 1.75 3.12 2.21 0.46 3.26 0.00 2.59 0.25 0.00 1.89 2.28 1.89 3.50
36 3.08 0.00 0.00 0.35 2.28 1.93 0.00 2.14 1.54 1.47 0.00 0.00 1.33 2.56 0.00 0.00 0.00 0.00 2.70 1.72 1.86 1.61 0.00 2.03 0.11 0.00 0.07 0.39 2.31 0.00 0.91 1.79 0.00 1.26 0.14 3.36 0.00 1.30 1.82 2.03 0.00 0.00 2.73 3.26 0.77 1.05 1.30 1.40 1.37 0.00
37 2.00 0.00 3.40 3.19 3.15 2.17 0.00 0.42 0.00 2.38 0.00 0.18 0.00 0.53 1.26 1.68 0.00 0.88 2.31 1.02 1.40 0.67 0.84 0.00 3.15 2.14 0.91 2.00 2.45 2.21 3.01 0.00 0.00 1.30 0.00 1.75 1.30 0.00 0.63 0.00 1.96 1.40 3.01 3.40 0.42 0.88 2.70 0.00 1.33 2.87
38 1.30 0.00 1.51 1.40 0.00 2.70 3.47 0.00 0.25 1.72 0.00 2.03 0.88 0.91 0.95 0.39 0.00 2.91 2.59 1.68 0.00 0.00 0.91 1.26 2.80 0.00 0.00 2.56 1.82 0.00 2.59 2.73 1.09 2.70 0.00 3.12 1.82 0.63 0.00 0.18 3.12 1.89 1.75 1.54 2.98 1.72 1.30 1.05 1.58 0.84
39 0.00 2.84 0.00 2.21 0.00 2.35 0.00 0.60 0.60 3.47 0.49 3.01 3.15 0.00 3.15 3.26 1.26 2.24 0.00 0.00 0.70 2.77 0.32 2.73 2.91 2.14 1.75 0.00 2.17 0.00 2.31 2.24 0.67 1.37 2.52 2.21 2.03 0.00 0.18 0.00 0.00 2.21 2.07 0.98 0.18 0.00 1.05 3.26 0.00 0.35
40 2.84 1.37 0.00 2.80 2.70 1.93 0.25 1.30 2.14 2.91 2.91 2.03 2.87 0.81 3.33 0.98 0.25 2.21 1.68 0.00 3.26 1.02 0.32 0.04 0.00 0.60 2.17 0.00 0.00 0.21 0.00 1.02 0.00 0.00 0.67 0.46 0.00 1.96 3.12 0.00 0.00 0.00 0.42 0.00 1.93 0.00 2.49 3.22 2.94 1.16
41 1.96 0.35 2.59 0.91 2.77 1.96 1.93 1.96 0.00 1.02 0.00 1.72 0.84 2.73 2.66 0.46 1.47 3.29 0.91 0.00 0.49 0.00 2.00 3.22 0.70 2.14 1.72 0.00 0.00 0.77 3.43 0.00 0.00 2.31 2.28 3.26 0.00 1.40 1.89 2.21 0.00 0.00 0.00 0.00 0.14 0.95 0.56 0.00 0.00 1.02
42 0.53 0.00 0.00 2.38 0.00 0.14 3.22 2.38 0.18 0.11 0.60 2.45 0.00 0.39 1.33 2.66 1.23 2.00 0.39 0.07 1.65 2.31 0.00 1.16 2.07 3.15 1.37 0.00 2.91 0.49 2.10 0.00 3.36 1.30 0.35 0.00 2.73 3.01 1.75 2.07 0.42 0.00 0.00 1.86 0.77 0.00 0.00 2.56 1.93 0.60
43 0.00 1.44 0.00 1.79 1.26 1.23 0.04 2.42 0.95 0.18 0.21 2.52 0.00 1.33 0.21 2.91 2.70 0.00 1.37 0.00 3.05 0.00 1.23 2.87 0.81 2.63 0.32 1.26 3.29 3.43 1.75 0.00 2.77 0.07 1.82 2.59 3.26 3.40 1.54 0.98 0.00 0.00 1.86 0.00 2.03 1.65 2.31 1.19 3.40 0.21
44 2.98 0.91 1.58 3.08 0.00 0.91 0.00 0.84 0.28 1.23 3.36 2.07 0.18 3.43 1.40 1.19 0.00 0.00 0.00 3.01 1.96 0.32 2.87 3.29 1.68 0.00 2.38 0.25 0.00 1.47 2.63 2.98 0.88 1.68 1.96 0.25 0.77 0.42 2.98 0.18 1.93 0.14 0.77 2.03 0.00 0.53 1.16 2.14 3.33 0.00
45 2.45 2.77 2.49 0.00 0.00 2.10 0.00 0.00 1.61 1.54 0.00 0.00 0.00 1.33 0.00 0.00 0.67 2.63 0.00 2.77 0.00 0.42 2.52 0.56 0.49 0.00 0.70 0.00 2.70 0.00 3.36 2.07 1.75 3.22 1.79 0.00 1.05 0.88 1.72 0.00 0.00 0.95 0.00 1.65 0.53 0.00 0.00 0.00 2.91 2.84
46 2.73 2.66 0.28 3.05 3.12 0.18 3.40 2.31 0.25 1.40 2.56 2.66 0.00 2.98 0.00 0.00 0.00 0.00 1.51 0.28 2.38 0.00 2.63 2.28 0.49 0.18 0.00 1.37 0.00 3.05 1.75 0.00 1.26 2.28 0.74 1.89 1.30 2.70 1.30 1.05 2.49 0.56 0.00 2.31 1.16 0.00 0.00 2.24 2.38 0.00
47 3.26 0.00 2.14 1.37 2.31 0.00 0.35 2.17 0.00 0.00 1.68 2.49 2.45 0.00 2.00 1.19 1.47 1.19 3.50 0.84 1.05 2.42 0.60 2.45 0.00 1.33 2.03 1.44 2.87 1.12 2.28 0.49 1.68 0.63 3.33 2.28 1.40 0.00 1.05 3.26 3.22 0.00 2.56 1.19 2.14 0.00 2.24 0.00 0.74 2.21
48 3.36 0.00 2.70 0.00 0.00 0.07 1.02 1.26 3.36 0.00 2.45 2.77 0.00 2.14 1.72 2.91 3.26 0.18 3.26 0.14 0.00 0.81 1.05 1.68 0.39 3.05 2.10 1.12 2.56 1.37 2.38 2.70 0.00 3.36 1.19 1.89 1.37 1.33 1.58 0.00 2.94 0.00 1.93 3.40 3.33 2.91 2.38 0.74 0.00 3.19
49 0.00 2.63 1.44 2.42 0.00 3.36 0.91 1.86 2.70 0.04 2.98 0.00 3.08 0.00 0.11 0.00 2.63 2.94 0.25 2.91 0.00 2.14 1.02 0.00 3.33 3.19 0.00 0.00 1.82 2.84 0.00 0.91 0.00 2.49 2.03 3.50 0.00 2.87 0.84 0.35 1.16 1.02 0.60 0.21 0.00 2.84 0.00 2.21 3.19 0.00

ITEMS
nominal_profits 28.00 36.00 0.00 6.00 10.00 0.00 77.00 0.00 36.00 57.00 43.00 69.00 24.00 62.00 98.00 11.00 63.00 0.00 0.00 42.00 0.00 17.00 0.00 20.00 0.00 48.00 68.00 68.00 17.00 91.00 87.00 60.00 21.00 99.00 0.00 0.00 0.00 53.00 0.00 27.00 0.00 67.00 28.00 0.00 14.00 4.00 87.00 59.00 0.00 59.00
weights 21 4 12 15 38 46 38 18 26 14 46 43 44 35 29 44 11 6 44 4 39 38 42 41 16 38 18 34 36 27 36 27 39 15 28 31 24 12 47 38 36 18 29 5 19 15 12 43 40 44
capacity 95
k_max 10

COMMENTS
original_pairwise_profits
0 0.00 91.00 8.00 86.00 73.00 0.00 29.00 9.00 0.00 20.00 85.00 19.00 0.00 15.00 0.00 45.00 1.00 25.00 20.00 45.00 0.00 18.00 0.00 96.00 70.00 46.00 26.00 0.00 11.00 67.00 0.00 0.00 10.00 0.00 45.00 50.00 88.00 57.00 37.00 0.00 81.00 56.00 15.00 0.00 85.00 70.00 78.00 93.00 96.00 0.00
1 91.00 0.00 59.00 41.00 0.00 25.00 0.00 4.00 0.00 64.00 0.00 0.00 4.00 31.00 93.00 56.00 0.00 66.00 0.00 83.00 0.00 65.00 31.00 1.00 0.00 8.00 42.00 35.00 77.00 1.00 0.00 0.00 0.00 12.00 79.00 73.00 0.00 0.00 0.00 81.00 39.00 10.00 0.00 41.00 26.00 79.00 76.00 0.00 0.00 75.00
2 8.00 59.00 0.00 12.00 0.00 30.00 51.00 0.00 65.00 30.00 82.00 64.00 0.00 76.00 85.00 15.00 57.00 42.00 53.00 32.00 42.00 0.00 0.00 0.00 0.00 85.00 24.00 0.00 52.00 56.00 57.00 64.00 35.00 12.00 46.00 6.00 0.00 97.00 43.00 0.00 0.00 74.00 0.00 0.00 45.00 71.00 8.00 61.00 77.00 41.00
3 86.00 41.00 12.00 0.00 85.00 23.00 98.00 25.00 85.00 13.00 25.00 70.00 77.00 81.00 95.00 0.00 0.00 0.00 33.00 68.00 8.00 0.00 7.00 0.00 38.00 73.00 79.00 0.00 0.00 44.00 0.00 39.00 0.00 46.00 90.00 27.00 10.00 91.00 40.00 63.00 80.00 26.00 68.00 51.00 88.00 0.00 87.00 39.00 0.00 69.00
4 73.00 0.00 0.00 85.00 0.00 15.00 59.00 65.00 0.00 42.00 80.00 69.00 69.00 39.00 78.00 74.00 12.00 42.00 0.00 11.00 87.00 0.00 0.00 0.00 0.00 63.00 0.00 30.00 0.00 89.00 63.00 92.00 80.00 75.00 48.00 97.00 65.00 90.00 0.00 0.00 77.00 79.00 0.00 36.00 0.00 0.00 89.00 66.00 0.00 0.00
5 0.00 25.00 30.00 23.00 15.00 0.00 10.00 35.00 0.00 46.00 23.00 14.00 85.00 0.00 84.00 44.00 58.00 29.00 46.00 34.00 0.00 60.00 46.00 29.00 69.00 0.00 33.00 98.00 66.00 75.00 67.00 84.00 0.00 65.00 35.00 0.00 55.00 62.00 77.00 67.00 55.00 56.00 4.00 35.00 26.00 60.00 5.00 0.00 2.00 96.00
6 29.00 0.00 51.00 98.00 59.00 10.00 0.00 0.00 75.00 77.00 66.00 18.00 88.00 54.00 55.00 62.00 0.00 51.00 0.00 23.00 0.00 0.00 76.00 28.00 0.00 0.00 0.00 64.00 6.00 88.00 47.00 76.00 28.00 92.00 68.00 52.00 0.00 0.00 99.00 0.00 7.00 55.00 92.00 1.00 0.00 0.00 97.00 10.00 29.00 26.00
7 9.00 4.00 0.00 25.00 65.00 35.00 0.00 0.00 30.00 17.00 5.00 25.00 43.00 28.00 17.00 78.00 0.00 7.00 39.00 0.00 0.00 0.00 89.00 87.00 34.00 95.00 75.00 66.00 74.00 0.00 0.00 0.00 12.00 82.00 51.00 0.00 61.00 12.00 0.00 17.00 37.00 56.00 68.00 69.00 24.00 0.00 66.00 62.00 36.00 53.00
8 0.00 0.00 65.00 85.00 0.00 0.00 75.00 30.00 0.00 74.00 25.00 57.00 12.00 8.00 2.00 4.00 24.00 42.00 0.00 90.00 43.00 93.00 23.00 57.00 90.00 63.00 65.00 24.00 50.00 0.00 0.00 83.00 51.00 29.00 67.00 0.00 44.00 0.00 7.00 17.00 61.00 0.00 5.00 27.00 8.00 46.00 7.00 0.00 96.00 77.00
9 20.00 64.00 30.00 13.00 42.00 46.00 77.00 17.00 74.00 0.00 46.00 12.00 0.00 4.00 0.00 35.00 0.00 14.00 83.00 10.00 90.00 95.00 45.00 64.00 83.00 0.00 41.00 8.00 81.00 6.00 9.00 16.00 37.00 45.00 77.00 35.00 42.00 68.00 49.00 99.00 83.00 29.00 3.00 5.00 35.00 44.00 40.00 0.00 0.00 1.00
10 85.00 0.00 82.00 25.00 80.00 23.00 66.00 5.00 25.00 46.00 0.00 65.00 80.00 89.00 18.00 55.00 0.00 24.00 15.00 21.00 42.00 89.00 0.00 49.00 78.00 6.00 0.00 69.00 0.00 77.00 33.00 73.00 0.00 27.00 93.00 4.00 0.00 0.00 0.00 14.00 83.00 0.00 17.00 6.00 96.00 0.00 73.00 48.00 70.00 85.00
11 19.00 0.00 64.00 70.00 69.00 14.00 18.00 25.00 57.00 12.00 65.00 0.00 26.00 58.00 23.00 0.00 51.00 84.00 0.00 0.00 98.00 2.00 25.00 0.00 0.00 0.00 72.00 89.00 74.00 53.00 89.00 27.00 89.00 82.00 0.00 13.00 0.00 5.00 58.00 86.00 58.00 49.00 70.00 72.00 59.00 0.00 76.00 71.00 79.00 0.00
12 0.00 4.00 0.00 77.00 69.00 85.00 88.00 43.00 12.00 0.00 80.00 26.00 0.00 6.00 0.00 91.00 57.00 0.00 16.00 24.00 66.00 27.00 100.00 76.00 15.00 0.00 24.00 41.00 60.00 35.00 29.00 0.00 3.00 62.00 20.00 49.00 38.00 0.00 25.00 90.00 82.00 24.00 0.00 0.00 5.00 0.00 0.00 70.00 0.00 88.00
13 15.00 31.00 76.00 81.00 39.00 0.00 54.00 28.00 8.00 4.00 89.00 58.00 6.00 0.00 0.00 85.00 98.00 1.00 11.00 48.00 45.00 81.00 0.00 35.00 0.00 0.00 45.00 21.00 56.00 38.00 54.00 0.00 53.00 19.00 15.00 77.00 73.00 15.00 26.00 0.00 23.00 78.00 11.00 38.00 98.00 38.00 85.00 0.00 61.00 0.00
14 0.00 93.00 85.00 95.00 78.00 84.00 55.00 17.00 2.00 0.00 18.00 23.00 0.00 0.00 0.00 16.00 0.00 0.00 29.00 52.00 0.00 54.00 81.00 0.00 21.00 4.00 0.00 0.00 41.00 46.00 31.00 65.00 0.00 6.00 36.00 99.00 0.00 36.00 27.00 90.00 95.00 76.00 38.00 6.00 40.00 0.00 0.00 57.00 49.00 3.00
15 45.00 56.00 15.00 0.00 74.00 44.00 62.00 78.00 4.00 35.00 55.00 0.00 91.00 85.00 16.00 0.00 0.00 59.00 23.00 77.00 0.00 58.00 54.00 1.00 80.00 22.00 0.00 38.00 0.00 0.00 0.00 15.00 0.00 16.00 62.00 0.00 0.00 48.00 11.00 93.00 28.00 13.00 76.00 83.00 34.00 0.00 0.00 34.00 83.00 0.00
16 1.00 0.00 57.00 0.00 12.00 58.00 0.00 0.00 24.00 0.00 0.00 51.00 57.00 98.00 0.00 0.00 0.00 0.00 25.00 1.00 91.00 0.00 36.00 57.00 0.00 0.00 34.00 4.00 84.00 68.00 0.00 49.00 3.00 81.00 71.00 10.00 0.00 0.00 0.00 36.00 7.00 42.00 35.00 77.00 0.00 19.00 0.00 42.00 93.00 75.00
17 25.00 66.00 42.00 0.00 42.00 29.00 51.00 7.00 42.00 14.00 24.00 84.00 0.00 1.00 0.00 59.00 0.00 0.00 8.00 43.00 4.00 85.00 18.00 78.00 54.00 55.00 14.00 73.00 83.00 27.00 51.00 0.00 0.00 32.00 69.00 84.00 0.00 25.00 83.00 64.00 63.00 94.00 57.00 0.00 0.00 75.00 0.00 34.00 5.00 84.00
18 20.00 0.00 53.00 33.00 0.00 46.00 0.00 39.00 0.00 83.00 15.00 0.00 16.00 11.00 29.00 23.00 25.00 8.00 0.00 34.00 0.00 28.00 30.00 35.00 67.00 40.00 63.00 0.00 99.00 89.00 1.00 29.00 71.00 79.00 53.00 71.00 77.00 66.00 74.00 0.00 48.00 26.00 11.00 39.00 0.00 0.00 43.00 100.00 93.00 7.00
19 45.00 83.00 32.00 68.00 11.00 34.00 23.00 0.00 90.00 10.00 21.00 0.00 24.00 48.00 52.00 77.00 1.00 43.00 34.00 0.00 0.00 44.00 0.00 85.00 8.00 0.00 56.00 28.00 31.00 25.00 60.00 0.00 28.00 0.00 65.00 2.00 49.00 29.00 48.00 0.00 0.00 0.00 2.00 0.00 86.00 79.00 8.00 24.00 4.00 83.00
20 0.00 0.00 42.00 8.00 87.00 0.00 0.00 0.00 43.00 90.00 42.00 98.00 66.00 45.00 0.00 0.00 91.00 4.00 0.00 0.00 0.00 57.00 85.00 23.00 28.00 28.00 46.00 0.00 0.00 46.00 64.00 90.00 99.00 70.00 19.00 0.00 53.00 40.00 0.00 20.00 93.00 14.00 47.00 87.00 56.00 0.00 68.00 30.00 0.00 0.00
21 18.00 65.00 0.00 0.00 0.00 60.00 0.00 0.00 93.00 95.00 89.00 2.00 27.00 81.00 54.00 58.00 0.00 85.00 28.00 44.00 57.00 0.00 48.00 57.00 79.00 63.00 65.00 80.00 48.00 2.00 66.00 54.00 62.00 32.00 0.00 37.00 46.00 19.00 0.00 79.00 29.00 0.00 66.00 0.00 9.00 12.00 0.00 69.00 23.00 61.00
22 0.00 31.00 0.00 7.00 0.00 46.00 76.00 89.00 23.00 45.00 0.00 25.00 100.00 0.00 81.00 54.00 36.00 18.00 30.00 0.00 85.00 48.00 0.00 88.00 8.00 68.00 0.00 71.00 27.00 53.00 39.00 0.00 37.00 62.00 44.00 31.00 0.00 24.00 26.00 9.00 9.00 57.00 0.00 35.00 82.00 72.00 75.00 17.00 30.00 29.00
23 96.00 1.00 0.00 0.00 0.00 29.00 28.00 87.00 57.00 64.00 49.00 0.00 76.00 35.00 0.00 1.00 57.00 78.00 35.00 85.00 23.00 57.00 88.00 0.00 56.00 10.00 82.00 84.00 22.00 92.00 61.00 97.00 36.00 67.00 33.00 72.00 58.00 0.00 36.00 78.00 1.00 92.00 33.00 82.00 94.00 16.00 65.00 70.00 48.00 0.00
24 70.00 0.00 0.00 38.00 0.00 69.00 0.00 34.00 90.00 83.00 78.00 0.00 15.00 0.00 21.00 80.00 0.00 54.00 67.00 8.00 28.00 79.00 8.00 56.00 0.00 0.00 59.00 0.00 88.00 16.00 0.00 81.00 0.00 22.00 34.00 0.00 3.00 90.00 80.00 83.00 0.00 20.00 59.00 23.00 48.00 14.00 14.00 0.00 11.00 95.00
25 46.00 8.00 85.00 73.00 63.00 0.00 0.00 95.00 63.00 0.00 6.00 0.00 0.00 0.00 4.00 22.00 0.00 55.00 40.00 0.00 28.00 63.00 68.00 10.00 0.00 0.00 92.00 0.00 78.00 0.00 10.00 74.00 56.00 5.00 58.00 94.00 0.00 61.00 0.00 61.00 17.00 61.00 90.00 75.00 0.00 0.00 5.00 38.00 87.00 91.00
26 26.00 42.00 24.00 79.00 0.00 33.00 0.00 75.00 65.00 41.00 0.00 72.00 24.00 45.00 0.00 0.00 34.00 14.00 63.00 56.00 46.00 65.00 0.00 82.00 59.00 92.00 0.00 51.00 52.00 24.00 97.00 13.00 94.00 81.00 71.00 73.00 2.00 26.00 0.00 50.00 62.00 49.00 39.00 9.00 68.00 20.00 0.00 58.00 60.00 0.00
27 0.00 35.00 0.00 0.00 30.00 98.00 64.00 66.00 24.00 8.00 69.00 89.00 41.00 21.00 0.00 38.00 4.00 73.00 0.00 28.00 0.00 80.00 71.00 84.00 0.00 0.00 51.00 0.00 29.00 38.00 13.00 93.00 0.00 11.00 40.00 0.00 11.00 57.00 73.00 0.00 0.00 0.00 0.00 36.00 7.00 0.00 39.00 41.00 32.00 0.00
28 11.00 77.00 52.00 0.00 0.00 66.00 6.00 74.00 50.00 81.00 0.00 74.00 60.00 56.00 41.00 0.00 84.00 83.00 99.00 31.00 0.00 48.00 27.00 22.00 88.00 78.00 52.00 29.00 0.00 25.00 0.00 27.00 91.00 0.00 54.00 0.00 66.00 70.00 52.00 62.00 0.00 0.00 83.00 94.00 0.00 77.00 0.00 82.00 73.00 52.00
29 67.00 1.00 56.00 44.00 89.00 75.00 88.00 0.00 0.00 6.00 77.00 53.00 35.00 38.00 46.00 0.00 68.00 27.00 89.00 25.00 46.00 2.00 53.00 92.00 16.00 0.00 24.00 38.00 25.00 0.00 60.00 68.00 98.00 21.00 16.00 37.00 0.00 63.00 0.00 0.00 6.00 22.00 14.00 98.00 42.00 0.00 87.00 32.00 39.00 81.00
30 0.00 0.00 57.00 0.00 63.00 67.00 47.00 0.00 0.00 9.00 33.00 89.00 29.00 54.00 31.00 0.00 0.00 51.00 1.00 60.00 64.00 66.00 39.00 61.00 0.00 10.00 97.00 13.00 0.00 60.00 0.00 42.00 68.00 94.00 92.00 4.00 26.00 86.00 74.00 66.00 0.00 98.00 60.00 50.00 75.00 96.00 50.00 65.00 68.00 0.00
31 0.00 0.00 64.00 39.00 92.00 84.00 76.00 0.00 83.00 16.00 73.00 27.00 0.00 0.00 65.00 15.00 49.00 0.00 29.00 0.00 90.00 54.00 0.00 97.00 81.00 74.00 13.00 93.00 27.00 68.00 42.00 0.00 17.00 0.00 78.00 0.00 51.00 0.00 78.00 64.00 29.00 0.00 0.00 0.00 85.00 59.00 0.00 14.00 77.00 26.00
32 10.00 0.00 35.00 0.00 80.00 0.00 28.00 12.00 51.00 37.00 0.00 89.00 3.00 53.00 0.00 0.00 3.00 0.00 71.00 28.00 99.00 62.00 37.00 36.00 0.00 56.00 94.00 0.00 91.00 98.00 68.00 17.00 0.00 46.00 6.00 88.00 0.00 0.00 31.00 19.00 0.00 0.00 96.00 79.00 25.00 50.00 36.00 48.00 0.00 0.00
33 0.00 12.00 12.00 46.00 75.00 65.00 92.00 82.00 29.00 45.00 27.00 82.00 62.00 19.00 6.00 16.00 81.00 32.00 79.00 0.00 70.00 32.00 62.00 67.00 22.00 5.00 81.00 11.00 0.00 21.00 94.00 0.00 46.00 0.00 74.00 0.00 36.00 37.00 77.00 39.00 0.00 66.00 37.00 2.00 48.00 92.00 65.00 18.00 96.00 71.00
34 45.00 79.00 46.00 90.00 48.00 35.00 68.00 51.00 67.00 77.00 93.00 0.00 20.00 15.00 36.00 62.00 71.00 69.00 53.00 65.00 19.00 0.00 44.00 33.00 34.00 58.00 71.00 40.00 54.00 16.00 92.00 78.00 6.00 74.00 0.00 16.00 4.00 0.00 0.00 72.00 19.00 65.00 10.00 52.00 56.00 51.00 21.00 95.00 34.00 58.00
35 50.00 73.00 6.00 27.00 97.00 0.00 52.00 0.00 0.00 35.00 4.00 13.00 49.00 77.00 99.00 0.00 10.00 84.00 71.00 2.00 0.00 37.00 31.00 72.00 0.00 94.00 73.00 0.00 0.00 37.00 4.00 0.00 88.00 0.00 16.00 0.00 96.00 50.00 89.00 63.00 13.00 93.00 0.00 74.00 7.00 0.00 54.00 65.00 54.00 100.00
36 88.00 0.00 0.00 10.00 65.00 55.00 0.00 61.00 44.00 42.00 0.00 0.00 38.00 73.00 0.00 0.00 0.00 0.00 77.00 49.00 53.00 46.00 0.00 58.00 3.00 0.00 2.00 11.00 66.00 0.00 26.00 51.00 0.00 36.00 4.00 96.00 0.00 37.00 52.00 58.00 0.00 0.00 78.00 93.00 22.00 30.00 37.00 40.00 39.00 0.00
37 57.00 0.00 97.00 91.00 90.00 62.00 0.00 12.00 0.00 68.00 0.00 5.00 0.00 15.00 36.00 48.00 0.00 25.00 66.00 29.00 40.00 19.00 24.00 0.00 90.00 61.00 26.00 57.00 70.00 63.00 86.00 0.00 0.00 37.00 0.00 50.00 37.00 0.00 18.00 0.00 56.00 40.00 86.00 97.00 12.00 25.00 77.00 0.00 38.00 82.00
38 37.00 0.00 43.00 40.00 0.00 77.00 99.00 0.00 7.00 49.00 0.00 58.00 25.00 26.00 27.00 11.00 0.00 83.00 74.00 48.00 0.00 0.00 26.00 36.00 80.00 0.00 0.00 73.00 52.00 0.00 74.00 78.00 31.00 77.00 0.00 89.00 52.00 18.00 0.00 5.00 89.00 54.00 50.00 44.00 85.00 49.00 37.00 30.00 45.00 24.00
39 0.00 81.00 0.00 63.00 0.00 67.00 0.00 17.00 17.00 99.00 14.00 86.00 90.00 0.00 90.00 93.00 36.00 64.00 0.00 0.00 20.00 79.00 9.00 78.00 83.00 61.00 50.00 0.00 62.00 0.00 66.00 64.00 19.00 39.00 72.00 63.00 58.00 0.00 5.00 0.00 0.00 63.00 59.00 28.00 5.00 0.00 30.00 93.00 0.00 10.00
40 81.00 39.00 0.00 80.00 77.00 55.00 7.00 37.00 61.00 83.00 83.00 58.00 82.00 23.00 95.00 28.00 7.00 63.00 48.00 0.00 93.00 29.00 9.00 1.00 0.00 17.00 62.00 0.00 0.00 6.00 0.00 29.00 0.00 0.00 19.00 13.00 0.00 56.00 89.00 0.00 0.00 0.00 12.00 0.00 55.00 0.00 71.00 92.00 84.00 33.00
41 56.00 10.00 74.00 26.00 79.00 56.00 55.00 56.00 0.00 29.00 0.00 49.00 24.00 78.00 76.00 13.00 42.00 94.00 26.00 0.00 14.00 0.00 57.00 92.00 20.00 61.00 49.00 0.00 0.00 22.00 98.00 0.00 0.00 66.00 65.00 93.00 0.00 40.00 54.00 63.00 0.00 0.00 0.00 0.00 4.00 27.00 16.00 0.00 0.00 29.00
42 15.00 0.00 0.00 68.00 0.00 4.00 92.00 68.00 5.00 3.00 17.00 70.00 0.00 11.00 38.00 76.00 35.00 57.00 11.00 2.00 47.00 66.00 0.00 33.00 59.00 90.00 39.00 0.00 83.00 14.00 60.00 0.00 96.00 37.00 10.00 0.00 78.00 86.00 50.00 59.00 12.00 0.00 0.00 53.00 22.00 0.00 0.00 73.00 55.00 17.00
43 0.00 41.00 0.00 51.00 36.00 35.00 1.00 69.00 27.00 5.00 6.00 72.00 0.00 38.00 6.00 83.00 77.00 0.00 39.00 0.00 87.00 0.00 35.00 82.00 23.00 75.00 9.00 36.00 94.00 98.00 50.00 0.00 79.00 2.00 52.00 74.00 93.00 97.00 44.00 28.00 0.00 0.00 53.00 0.00 58.00 47.00 66.00 34.00 97.00 6.00
44 85.00 26.00 45.00 88.00 0.00 26.00 0.00 24.00 8.00 35.00 96.00 59.00 5.00 98.00 40.00 34.00 0.00 0.00 0.00 86.00 56.00 9.00 82.00 94.00 48.00 0.00 68.00 7.00 0.00 42.00 75.00 85.00 25.00 48.00 56.00 7.00 22.00 12.00 85.00 5.00 55.00 4.00 22.00 58.00 0.00 15.00 33.00 61.00 95.00 0.00
45 70.00 79.00 71.00 0.00 0.00 60.00 0.00 0.00 46.00 44.00 0.00 0.00 0.00 38.00 0.00 0.00 19.00 75.00 0.00 79.00 0.00 12.00 72.00 16.00 14.00 0.00 20.00 0.00 77.00 0.00 96.00 59.00 50.00 92.00 51.00 0.00 30.00 25.00 49.00 0.00 0.00 27.00 0.00 47.00 15.00 0.00 0.00 0.00 83.00 81.00
46 78.00 76.00 8.00 87.00 89.00 5.00 97.00 66.00 7.00 40.00 73.00 76.00 0.00 85.00 0.00 0.00 0.00 0.00 43.00 8.00 68.00 0.00 75.00 65.00 14.00 5.00 0.00 39.00 0.00 87.00 50.00 0.00 36.00 65.00 21.00 54.00 37.00 77.00 37.00 30.00 71.00 16.00 0.00 66.00 33.00 0.00 0.00 64.00 68.00 0.00
47 93.00 0.00 61.00 39.00 66.00 0.00 10.00 62.00 0.00 0.00 48.00 71.00 70.00 0.00 57.00 34.00 42.00 34.00 100.00 24.00 30.00 69.00 17.00 70.00 0.00 38.00 58.00 41.00 82.00 32.00 65.00 14.00 48.00 18.00 95.00 65.00 40.00 0.00 30.00 93.00 92.00 0.00 73.00 34.00 61.00 0.00 64.00 0.00 21.00 63.00
48 96.00 0.00 77.00 0.00 0.00 2.00 29.00 36.00 96.00 0.00 70.00 79.00 0.00 61.00 49.00 83.00 93.00 5.00 93.00 4.00 0.00 23.00 30.00 48.00 11.00 87.00 60.00 32.00 73.00 39.00 68.00 77.00 0.00 96.00 34.00 54.00 39.00 38.00 45.00 0.00 84.00 0.00 55.00 97.00 95.00 83.00 68.00 21.00 0.00 91.00
49 0.00 75.00 41.00 69.00 0.00 96.00 26.00 53.00 77.00 1.00 85.00 0.00 88.00 0.00 3.00 0.00 75.00 84.00 7.00 83.00 0.00 61.00 29.00 0.00 95.00 91.00 0.00 0.00 52.00 81.00 0.00 26.00 0.00 71.00 58.00 100.00 0.00 82.00 24.00 10.00 33.00 29.00 17.00 6.00 0.00 81.00 0.00 63.00 91.00 0.00
mcp_obj 10
mcp_gap 0
mcp_x 0 1 1 0 0 0 0 0 0 1 0 0 0 0 0 0 1 1 0 1 0 0 0 0 0 0 0 0 0 0 0 0 0 1 0 0 0 1 0 0 0 0 0 1 0 0 1 0 0 0
