NAME N50_rc_0.7_rGamma_1_dc_0.035_dGamma_0.0005_jeu_50_75_9.txt
NUM_ITEMS 50
SOURCE jeu_50_75_9
PARAMETERS
r_c 0.7
r_Gamma 1
d_c 0.035
d_Gamma 0.0005

BOUNDS
c_lb 0.00
c_ub 125.44
Gamma_lb 8
Gamma_ub 40
B_i_1_lb 0.00 0.00 0.00 0.00 0.00 0.00 0.00 0.00 0.00 0.00 0.00 0.00 0.00 0.00 0.00 0.00 0.00 0.00 0.00 0.00 0.00 0.00 0.00 0.00 0.00 0.00 0.00 0.00 0.00 0.00 0.00 0.00 0.00 0.00 0.00 0.00 0.00 0.00 0.00 0.00 0.00 0.00 0.00 0.00 0.00 0.00 0.00 0.00 0.00 0.00
B_i_1_ub 44.46 46.65 52.29 49.07 48.19 51.93 49.74 61.88 55.75 63.10 51.91 58.57 62.74 54.58 57.33 63.28 59.03 61.92 52.25 52.31 56.96 61.68 44.32 52.10 42.48 54.49 53.61 50.51 51.64 49.37 43.34 60.50 61.18 44.20 57.21 54.03 55.93 46.56 51.49 54.97 47.76 58.88 54.29 60.18 53.63 52.56 54.34 58.91 58.82 57.89
B_i_0_lb 0.00 0.00 0.00 0.00 0.00 0.00 0.00 0.00 0.00 0.00 0.00 0.00 0.00 0.00 0.00 0.00 0.00 0.00 0.00 0.00 0.00 0.00 0.00 0.00 0.00 0.00 0.00 0.00 0.00 0.00 0.00 0.00 0.00 0.00 0.00 0.00 0.00 0.00 0.00 0.00 0.00 0.00 0.00 0.00 0.00 0.00 0.00 0.00 0.00 0.00
B_i_0_ub 45.51 47.88 53.76 50.40 48.19 52.00 50.62 63.39 55.92 63.28 54.54 58.81 63.13 54.58 59.26 64.02 59.76 62.65 53.02 52.35 58.22 62.07 45.12 54.52 44.02 57.02 54.73 52.86 51.89 49.47 45.83 61.27 63.52 44.52 57.56 55.54 58.00 47.75 52.19 55.40 48.78 58.92 54.82 62.04 54.50 53.43 55.75 60.63 61.38 58.94
c_i_1_lb 28.70 0.00 9.10 35.70 44.10 45.50 17.50 39.20 0.00 58.10 0.00 39.90 12.60 61.60 0.00 20.30 0.00 0.00 49.70 51.80 0.00 55.30 2.10 36.40 36.40 23.80 50.40 0.00 37.10 39.20 14.00 4.20 0.00 62.30 0.00 0.00 0.00 44.10 6.30 25.20 30.10 37.80 44.10 0.00 41.30 28.70 47.60 18.20 39.20 66.50
c_i_1_ub 73.16 46.65 61.39 84.77 92.29 97.43 67.24 101.08 55.75 121.20 51.91 98.47 75.34 116.18 57.33 83.58 59.03 61.92 101.95 104.11 56.96 116.98 46.42 88.50 78.88 78.29 104.01 50.51 88.74 88.57 57.34 64.70 61.18 106.50 57.21 54.03 55.93 90.66 57.79 80.17 77.86 96.68 98.39 60.18 94.93 81.26 101.94 77.11 98.02 124.39
c_i_0_lb 28.70 0.00 9.10 35.70 44.10 45.50 17.50 39.20 0.00 58.10 0.00 39.90 12.60 61.60 0.00 20.30 0.00 0.00 49.70 51.80 0.00 55.30 2.10 36.40 36.40 23.80 50.40 0.00 37.10 39.20 14.00 4.20 0.00 62.30 0.00 0.00 0.00 44.10 6.30 25.20 30.10 37.80 44.10 0.00 41.30 28.70 47.60 18.20 39.20 66.50
c_i_0_ub 74.21 47.88 62.86 86.10 92.29 97.50 68.12 102.59 55.92 121.38 54.54 98.71 75.73 116.18 59.26 84.32 59.76 62.65 102.72 104.15 58.22 117.37 47.22 90.92 80.42 80.82 105.13 52.86 88.99 88.67 59.83 65.47 63.52 106.82 57.56 55.54 58.00 91.85 58.49 80.60 78.88 96.72 98.92 62.04 95.80 82.13 103.35 78.83 100.58 125.44
c_1_lb 0.00
c_1_ub 124.39
c_0_lb 0.00
c_0_ub 125.44

BOUND_TIMES
k_max_time 0.001102
Gamma_ub_time 0.000378
B_i_1_lb_time 0.002276
B_i_1_ub_time 0.008863
B_i_0_lb_time 0.002259
B_i_0_ub_time 0.008548

DDRO_PARAMETERS
a_0 8
b_0i 0 1 1 1 0 1 1 1 1 1 1 1 1 1 1 1 1 1 1 1 1 1 0 1 0 1 1 1 1 1 1 1 1 0 1 1 1 1 1 1 0 1 1 1 1 1 1 1 1 1
a_i 28.70 0.00 9.10 35.70 44.10 45.50 17.50 39.20 0.00 58.10 0.00 39.90 12.60 61.60 0.00 20.30 0.00 0.00 49.70 51.80 0.00 55.30 2.10 36.40 36.40 23.80 50.40 0.00 37.10 39.20 14.00 4.20 0.00 62.30 0.00 0.00 0.00 44.10 6.30 25.20 30.10 37.80 44.10 0.00 41.30 28.70 47.60 18.20 39.20 66.50
b_ij
0 0.00 2.00 1.47 2.59 0.91 0.00 1.23 0.00 0.42 0.00 2.35 0.67 0.00 0.00 0.00 0.00 0.63 0.00 2.21 3.05 0.18 1.61 0.00 0.18 2.45 0.49 0.00 0.00 0.00 0.56 1.33 0.00 0.77 2.73 2.63 1.54 0.00 0.00 0.84 1.33 1.26 2.42 0.84 0.00 2.98 0.18 0.18 0.84 3.36 2.94
1 2.00 0.00 0.00 1.96 1.09 0.00 0.00 2.73 1.72 0.00 1.23 0.63 0.53 0.81 0.00 3.08 0.00 0.35 1.23 0.00 2.94 1.89 0.00 1.68 0.14 0.25 2.03 0.00 1.65 1.19 2.00 1.37 0.81 0.00 0.60 1.82 0.00 2.35 0.46 0.00 0.04 2.24 1.72 2.66 0.00 2.14 2.56 1.86 2.31 2.98
2 1.47 0.00 0.00 1.26 3.50 2.28 2.31 0.00 1.16 3.19 2.21 0.00 2.84 1.75 0.00 1.16 3.33 1.44 0.00 0.42 1.23 1.19 0.42 1.61 2.14 1.96 2.52 0.00 1.09 0.67 2.24 0.49 0.98 3.08 1.05 0.25 0.00 2.66 1.26 1.68 1.40 2.63 0.00 0.00 2.00 0.00 1.19 0.00 0.95 0.60
3 2.59 1.96 1.26 0.00 0.84 0.00 3.50 2.98 0.00 0.67 2.14 1.86 2.49 3.08 1.44 0.60 0.00 2.77 0.00 1.09 0.42 0.00 2.42 3.29 0.32 1.65 0.00 1.12 0.95 0.25 0.00 1.44 1.93 1.12 0.00 2.70 1.51 2.98 0.28 0.00 0.00 2.03 0.00 2.59 0.32 0.00 2.45 0.21 0.00 1.23
4 0.91 1.09 3.50 0.84 0.00 0.91 0.21 0.18 0.00 2.52 0.32 0.11 0.00 2.84 2.00 2.35 2.38 2.84 0.00 0.00 2.35 0.00 0.00 0.00 1.51 0.00 1.05 0.81 1.12 0.00 0.81 1.47 0.00 0.00 1.89 0.42 3.08 0.42 2.70 0.00 0.60 3.33 0.70 2.03 1.02 3.26 1.23 0.42 0.95 0.00
5 0.00 0.00 2.28 0.00 0.91 0.00 1.68 1.40 2.10 1.30 1.51 1.19 0.00 0.60 3.12 0.67 1.51 2.66 0.35 0.60 0.14 2.03 1.75 1.79 1.26 3.05 2.17 0.84 3.43 0.00 0.60 1.19 2.98 0.00 2.73 0.00 0.00 2.56 0.00 0.63 0.00 2.07 0.00 1.82 1.72 0.28 0.00 0.21 3.43 2.80
6 1.23 0.00 2.31 3.50 0.21 1.68 0.00 0.00 1.16 2.35 1.16 1.44 0.00 1.12 1.30 2.21 2.35 1.79 0.00 0.67 0.77 0.00 3.22 0.00 0.00 1.82 0.07 1.09 0.00 0.70 0.00 1.82 0.00 0.00 1.93 1.12 0.00 0.70 1.79 2.24 3.01 0.46 2.17 0.39 0.95 0.00 3.26 3.05 0.84 0.88
7 0.00 2.73 0.00 2.98 0.18 1.40 0.00 0.00 2.56 1.54 0.00 0.81 3.12 1.82 0.00 3.15 2.14 0.74 0.84 2.70 2.03 0.28 0.25 0.00 1.44 1.51 0.00 0.00 1.40 1.79 0.00 2.17 3.40 3.43 1.33 2.38 1.61 0.63 3.26 0.95 3.19 1.02 0.53 0.00 0.00 0.00 2.49 3.47 2.87 2.52
8 0.42 1.72 1.16 0.00 0.00 2.10 1.16 2.56 0.00 2.94 2.28 0.00 3.36 1.68 1.16 1.89 2.10 3.33 1.82 0.00 0.00 1.33 0.14 0.32 0.00 2.17 1.79 0.00 3.29 2.66 0.00 0.84 0.00 0.18 2.98 2.00 2.84 0.32 1.44 0.14 0.00 0.35 1.58 3.43 0.00 0.00 0.84 1.23 0.00 3.47
9 0.00 0.00 3.19 0.67 2.52 1.30 2.35 1.54 2.94 0.00 0.00 1.16 1.82 2.49 3.01 1.09 2.38 3.50 0.21 2.87 2.28 0.00 0.00 0.70 0.95 0.98 0.00 1.30 0.95 0.60 1.33 3.47 2.91 0.00 2.87 3.22 1.82 1.93 2.35 0.18 1.40 2.00 2.52 2.66 1.19 0.46 0.00 0.00 2.94 0.98
10 2.35 1.23 2.21 2.14 0.32 1.51 1.16 0.00 2.28 0.00 0.00 0.00 1.23 0.32 1.02 1.75 0.00 0.00 3.43 2.38 3.40 0.81 0.00 2.66 3.19 1.02 2.63 0.49 0.98 2.31 2.63 0.00 1.82 2.87 2.38 2.80 1.44 2.21 0.00 0.00 0.00 2.66 0.00 1.72 0.07 1.93 2.21 0.00 2.63 1.05
11 0.67 0.63 0.00 1.86 0.11 1.19 1.44 0.81 0.00 1.16 0.00 0.00 3.08 1.75 1.75 1.09 3.01 2.80 0.42 1.09 0.00 2.87 0.00 0.04 0.00 1.47 2.52 0.63 0.63 2.42 0.00 2.87 3.43 0.39 0.32 3.08 0.81 0.14 2.31 1.19 2.70 1.54 3.19 3.22 0.67 3.01 2.94 0.63 1.47 0.60
12 0.00 0.53 2.84 2.49 0.00 0.00 0.00 3.12 3.36 1.82 1.23 3.08 0.00 0.00 3.08 2.70 0.00 2.14 2.77 2.10 1.09 2.10 0.25 0.00 2.52 1.72 2.94 0.42 1.96 0.95 0.95 3.33 2.00 0.00 1.23 0.00 1.12 2.80 1.82 0.14 3.33 2.59 2.80 0.00 2.84 1.33 0.95 0.74 2.35 0.70
13 0.00 0.81 1.75 3.08 2.84 0.60 1.12 1.82 1.68 2.49 0.32 1.75 0.00 0.00 1.02 3.29 1.09 0.00 3.40 1.47 0.00 2.17 1.47 0.00 0.00 2.38 0.00 1.47 0.49 0.00 1.02 0.53 0.00 1.16 2.73 0.00 3.29 1.72 0.00 1.30 2.17 2.80 0.49 0.53 1.86 1.26 0.00 1.02 1.86 2.91
14 0.00 0.00 0.00 1.44 2.00 3.12 1.30 0.00 1.16 3.01 1.02 1.75 3.08 1.02 0.00 0.00 1.51 0.00 2.21 0.49 3.22 0.00 2.52 3.08 0.00 3.40 1.16 2.70 3.40 3.19 0.00 0.00 0.77 0.04 2.10 3.33 0.00 0.00 0.00 2.59 0.00 0.00 0.00 2.42 1.19 1.44 0.11 1.51 2.59 0.00
15 0.00 3.08 1.16 0.60 2.35 0.67 2.21 3.15 1.89 1.09 1.75 1.09 2.70 3.29 0.00 0.00 3.26 3.22 2.35 0.00 1.12 3.08 0.00 0.00 0.00 2.10 0.00 2.84 0.00 2.10 2.28 0.21 3.01 1.72 0.63 2.94 2.52 0.00 2.21 0.74 3.47 1.65 1.68 2.98 0.91 0.00 1.58 3.08 0.00 1.93
16 0.63 0.00 3.33 0.00 2.38 1.51 2.35 2.14 2.10 2.38 0.00 3.01 0.00 1.09 1.51 3.26 0.00 2.77 0.18 2.73 0.00 2.14 2.00 2.77 1.61 0.00 3.26 2.42 0.00 0.42 1.61 2.45 2.24 0.00 0.00 0.95 2.21 0.42 2.63 2.14 1.33 1.79 0.42 1.16 0.00 0.77 2.35 2.24 0.46 1.51
17 0.00 0.35 1.44 2.77 2.84 2.66 1.79 0.74 3.33 3.50 0.00 2.80 2.14 0.00 0.00 3.22 2.77 0.00 0.00 1.65 0.00 3.15 0.28 3.01 2.91 0.00 0.07 0.35 0.53 0.00 1.05 0.91 0.00 0.00 1.44 2.70 2.52 0.00 0.00 3.08 1.47 1.72 3.47 1.61 2.31 0.91 0.46 0.46 0.00 0.60
18 2.21 1.23 0.00 0.00 0.00 0.35 0.00 0.84 1.82 0.21 3.43 0.42 2.77 3.40 2.21 2.35 0.18 0.00 0.00 0.00 1.96 1.26 1.05 3.29 0.00 2.63 0.00 2.07 1.09 3.01 0.00 0.07 2.84 2.28 0.00 2.70 1.16 0.00 0.00 2.03 0.14 2.35 0.00 3.50 1.86 0.00 0.00 2.70 0.46 1.33
19 3.05 0.00 0.42 1.09 0.00 0.60 0.67 2.70 0.00 2.87 2.38 1.09 2.10 1.47 0.49 0.00 2.73 1.65 0.00 0.00 0.00 0.04 0.49 0.39 0.00 0.00 0.74 1.86 2.31 1.68 0.00 2.24 3.43 0.11 0.88 0.00 0.18 0.00 1.02 0.00 2.52 0.04 3.29 0.95 3.50 2.87 0.00 2.24 0.84 2.07
20 0.18 2.94 1.23 0.42 2.35 0.14 0.77 2.03 0.00 2.28 3.40 0.00 1.09 0.00 3.22 1.12 0.00 0.00 1.96 0.00 0.00 3.40 0.00 1.72 2.07 0.00 2.66 0.95 0.70 0.00 2.21 3.50 3.26 2.07 3.43 0.56 1.82 2.94 0.00 0.11 1.54 1.19 1.65 3.19 2.91 3.43 1.86 2.03 1.12 1.47
21 1.61 1.89 1.19 0.00 0.00 2.03 0.00 0.28 1.33 0.00 0.81 2.87 2.10 2.17 0.00 3.08 2.14 3.15 1.26 0.04 3.40 0.00 3.15 0.98 0.00 0.00 3.19 0.88 0.67 3.33 0.88 0.81 2.10 0.25 3.08 0.00 1.16 1.58 3.43 0.00 1.54 2.49 2.03 0.00 0.00 2.98 3.50 0.00 2.66 0.18
22 0.00 0.00 0.42 2.42 0.00 1.75 3.22 0.25 0.14 0.00 0.00 0.00 0.25 1.47 2.52 0.00 2.00 0.28 1.05 0.49 0.00 3.15 0.00 2.42 0.00 0.00 1.37 0.91 2.52 0.00 0.00 0.70 0.18 0.74 3.36 0.53 1.47 0.81 0.98 1.58 0.00 2.70 1.05 2.59 0.00 0.42 3.15 0.00 0.91 0.95
23 0.18 1.68 1.61 3.29 0.00 1.79 0.00 0.00 0.32 0.70 2.66 0.04 0.00 0.00 3.08 0.00 2.77 3.01 3.29 0.39 1.72 0.98 2.42 0.00 0.21 3.19 1.23 2.17 1.86 3.36 1.93 0.77 2.94 0.07 0.00 1.93 2.84 0.70 0.00 2.07 3.40 0.63 0.95 3.08 1.33 3.50 2.73 0.00 1.09 0.00
24 2.45 0.14 2.14 0.32 1.51 1.26 0.00 1.44 0.00 0.95 3.19 0.00 2.52 0.00 0.00 0.00 1.61 2.91 0.00 0.00 2.07 0.00 0.00 0.21 0.00 1.12 0.00 2.38 1.86 0.70 1.09 0.98 0.00 3.40 0.00 1.16 1.89 0.35 1.89 0.35 1.02 0.81 2.49 0.00 1.68 0.77 0.00 0.98 2.56 0.56
25 0.49 0.25 1.96 1.65 0.00 3.05 1.82 1.51 2.17 0.98 1.02 1.47 1.72 2.38 3.40 2.10 0.00 0.00 2.63 0.00 0.00 0.00 0.00 3.19 1.12 0.00 2.31 3.19 1.33 3.29 3.05 3.19 1.58 0.25 1.23 0.00 0.91 0.00 2.56 1.89 0.95 0.25 0.74 2.07 2.63 0.07 0.00 0.88 1.16 1.05
26 0.00 2.03 2.52 0.00 1.05 2.17 0.07 0.00 1.79 0.00 2.63 2.52 2.94 0.00 1.16 0.00 3.26 0.07 0.00 0.74 2.66 3.19 1.37 1.23 0.00 2.31 0.00 1.44 1.02 1.44 1.33 0.70 1.75 3.43 0.00 0.07 1.75 0.07 1.75 0.00 0.00 0.39 3.36 1.30 3.43 2.77 0.00 0.00 0.67 1.23
27 0.00 0.00 0.00 1.12 0.81 0.84 1.09 0.00 0.00 1.30 0.49 0.63 0.42 1.47 2.70 2.84 2.42 0.35 2.07 1.86 0.95 0.88 0.91 2.17 2.38 3.19 1.44 0.00 1.23 1.02 0.00 0.00 1.89 0.74 0.00 3.47 3.19 1.19 2.87 2.84 0.00 2.10 1.33 1.58 0.00 0.00 3.29 0.00 0.35 3.01
28 0.00 1.65 1.09 0.95 1.12 3.43 0.00 1.40 3.29 0.95 0.98 0.63 1.96 0.49 3.40 0.00 0.00 0.53 1.09 2.31 0.70 0.67 2.52 1.86 1.86 1.33 1.02 1.23 0.00 1.96 2.14 1.26 0.00 0.00 0.00 0.00 2.00 0.95 2.84 0.70 0.00 0.11 1.19 1.26 2.59 1.54 2.66 3.33 2.56 2.94
29 0.56 1.19 0.67 0.25 0.00 0.00 0.70 1.79 2.66 0.60 2.31 2.42 0.95 0.00 3.19 2.10 0.42 0.00 3.01 1.68 0.00 3.33 0.00 3.36 0.70 3.29 1.44 1.02 1.96 0.00 1.89 3.08 0.00 0.00 0.35 1.33 0.00 0.14 1.16 3.19 0.00 0.56 0.00 2.10 1.58 0.04 0.00 0.00 0.00 0.95
30 1.33 2.00 2.24 0.00 0.81 0.60 0.00 0.00 0.00 1.33 2.63 0.00 0.95 1.02 0.00 2.28 1.61 1.05 0.00 0.00 2.21 0.88 0.00 1.93 1.09 3.05 1.33 0.00 2.14 1.89 0.00 3.43 0.49 0.56 0.18 1.79 2.31 1.44 3.05 1.51 0.67 0.00 0.39 0.77 0.00 1.93 2.87 0.56 0.00 1.37
31 0.00 1.37 0.49 1.44 1.47 1.19 1.82 2.17 0.84 3.47 0.00 2.87 3.33 0.53 0.00 0.21 2.45 0.91 0.07 2.24 3.50 0.81 0.70 0.77 0.98 3.19 0.70 0.00 1.26 3.08 3.43 0.00 2.73 1.93 2.49 1.89 0.70 1.05 0.00 2.56 0.35 0.00 3.36 0.00 0.98 0.00 1.44 3.19 2.49 0.46
32 0.77 0.81 0.98 1.93 0.00 2.98 0.00 3.40 0.00 2.91 1.82 3.43 2.00 0.00 0.77 3.01 2.24 0.00 2.84 3.43 3.26 2.10 0.18 2.94 0.00 1.58 1.75 1.89 0.00 0.00 0.49 2.73 0.00 2.07 0.98 0.00 3.19 1.30 1.33 0.67 1.02 2.14 1.51 3.15 3.22 0.88 2.28 2.03 1.30 0.60
33 2.73 0.00 3.08 1.12 0.00 0.00 0.00 3.43 0.18 0.00 2.87 0.39 0.00 1.16 0.04 1.72 0.00 0.00 2.28 0.11 2.07 0.25 0.74 0.07 3.40 0.25 3.43 0.74 0.00 0.00 0.56 1.93 2.07 0.00 0.00 0.70 0.00 0.98 0.00 1.51 0.00 3.05 0.00 1.33 0.32 1.51 0.00 3.40 2.87 0.00
34 2.63 0.60 1.05 0.00 1.89 2.73 1.93 1.33 2.98 2.87 2.38 0.32 1.23 2.73 2.10 0.63 0.00 1.44 0.00 0.88 3.43 3.08 3.36 0.00 0.00 1.23 0.00 0.00 0.00 0.35 0.18 2.49 0.98 0.00 0.00 1.30 1.44 3.15 0.00 2.07 2.14 0.35 0.00 0.21 3.08 1.86 3.43 0.88 2.03 0.00
35 1.54 1.82 0.25 2.70 0.42 0.00 1.12 2.38 2.00 3.22 2.80 3.08 0.00 0.00 3.33 2.94 0.95 2.70 2.70 0.00 0.56 0.00 0.53 1.93 1.16 0.00 0.07 3.47 0.00 1.33 1.79 1.89 0.00 0.70 1.30 0.00 1.19 0.77 0.00 0.77 1.19 3.50 0.04 0.00 2.21 2.07 0.77 1.23 2.63 0.70
36 0.00 0.00 0.00 1.51 3.08 0.00 0.00 1.61 2.84 1.82 1.44 0.81 1.12 3.29 0.00 2.52 2.21 2.52 1.16 0.18 1.82 1.16 1.47 2.84 1.89 0.91 1.75 3.19 2.00 0.00 2.31 0.70 3.19 0.00 1.44 1.19 0.00 0.46 1.30 3.26 1.30 2.31 0.00 1.72 1.93 3.01 1.02 2.66 0.00 0.00
37 0.00 2.35 2.66 2.98 0.42 2.56 0.70 0.63 0.32 1.93 2.21 0.14 2.80 1.72 0.00 0.00 0.42 0.00 0.00 0.00 2.94 1.58 0.81 0.70 0.35 0.00 0.07 1.19 0.95 0.14 1.44 1.05 1.30 0.98 3.15 0.77 0.46 0.00 0.00 0.46 0.67 2.63 0.32 0.91 2.03 0.00 0.56 2.21 3.12 2.63
38 0.84 0.46 1.26 0.28 2.70 0.00 1.79 3.26 1.44 2.35 0.00 2.31 1.82 0.00 0.00 2.21 2.63 0.00 0.00 1.02 0.00 3.43 0.98 0.00 1.89 2.56 1.75 2.87 2.84 1.16 3.05 0.00 1.33 0.00 0.00 0.00 1.30 0.00 0.00 3.22 0.46 1.65 0.28 0.00 0.00 0.00 0.00 1.30 1.65 2.35
39 1.33 0.00 1.68 0.00 0.00 0.63 2.24 0.95 0.14 0.18 0.00 1.19 0.14 1.30 2.59 0.74 2.14 3.08 2.03 0.00 0.11 0.00 1.58 2.07 0.35 1.89 0.00 2.84 0.70 3.19 1.51 2.56 0.67 1.51 2.07 0.77 3.26 0.46 3.22 0.00 1.19 2.98 3.43 0.00 0.00 2.24 0.21 0.07 3.08 2.73
40 1.26 0.04 1.40 0.00 0.60 0.00 3.01 3.19 0.00 1.40 0.00 2.70 3.33 2.17 0.00 3.47 1.33 1.47 0.14 2.52 1.54 1.54 0.00 3.40 1.02 0.95 0.00 0.00 0.00 0.00 0.67 0.35 1.02 0.00 2.14 1.19 1.30 0.67 0.46 1.19 0.00 0.04 2.73 3.33 0.00 0.00 0.49 1.51 0.00 0.00
41 2.42 2.24 2.63 2.03 3.33 2.07 0.46 1.02 0.35 2.00 2.66 1.54 2.59 2.80 0.00 1.65 1.79 1.72 2.35 0.04 1.19 2.49 2.70 0.63 0.81 0.25 0.39 2.10 0.11 0.56 0.00 0.00 2.14 3.05 0.35 3.50 2.31 2.63 1.65 2.98 0.04 0.00 0.00 0.00 0.00 1.75 0.00 3.40 0.67 0.28
42 0.84 1.72 0.00 0.00 0.70 0.00 2.17 0.53 1.58 2.52 0.00 3.19 2.80 0.49 0.00 1.68 0.42 3.47 0.00 3.29 1.65 2.03 1.05 0.95 2.49 0.74 3.36 1.33 1.19 0.00 0.39 3.36 1.51 0.00 0.00 0.04 0.00 0.32 0.28 3.43 2.73 0.00 0.00 1.68 1.75 1.75 0.95 0.49 0.46 2.00
43 0.00 2.66 0.00 2.59 2.03 1.82 0.39 0.00 3.43 2.66 1.72 3.22 0.00 0.53 2.42 2.98 1.16 1.61 3.50 0.95 3.19 0.00 2.59 3.08 0.00 2.07 1.30 1.58 1.26 2.10 0.77 0.00 3.15 1.33 0.21 0.00 1.72 0.91 0.00 0.00 3.33 0.00 1.68 0.00 1.72 0.00 3.05 0.00 0.00 1.93
44 2.98 0.00 2.00 0.32 1.02 1.72 0.95 0.00 0.00 1.19 0.07 0.67 2.84 1.86 1.19 0.91 0.00 2.31 1.86 3.50 2.91 0.00 0.00 1.33 1.68 2.63 3.43 0.00 2.59 1.58 0.00 0.98 3.22 0.32 3.08 2.21 1.93 2.03 0.00 0.00 0.00 0.00 1.75 1.72 0.00 0.00 0.00 3.05 1.19 2.07
45 0.18 2.14 0.00 0.00 3.26 0.28 0.00 0.00 0.00 0.46 1.93 3.01 1.33 1.26 1.44 0.00 0.77 0.91 0.00 2.87 3.43 2.98 0.42 3.50 0.77 0.07 2.77 0.00 1.54 0.04 1.93 0.00 0.88 1.51 1.86 2.07 3.01 0.00 0.00 2.24 0.00 1.75 1.75 0.00 0.00 0.00 0.00 1.61 0.18 2.56
46 0.18 2.56 1.19 2.45 1.23 0.00 3.26 2.49 0.84 0.00 2.21 2.94 0.95 0.00 0.11 1.58 2.35 0.46 0.00 0.00 1.86 3.50 3.15 2.73 0.00 0.00 0.00 3.29 2.66 0.00 2.87 1.44 2.28 0.00 3.43 0.77 1.02 0.56 0.00 0.21 0.49 0.00 0.95 3.05 0.00 0.00 0.00 2.28 1.19 3.43
47 0.84 1.86 0.00 0.21 0.42 0.21 3.05 3.47 1.23 0.00 0.00 0.63 0.74 1.02 1.51 3.08 2.24 0.46 2.70 2.24 2.03 0.00 0.00 0.00 0.98 0.88 0.00 0.00 3.33 0.00 0.56 3.19 2.03 3.40 0.88 1.23 2.66 2.21 1.30 0.07 1.51 3.40 0.49 0.00 3.05 1.61 2.28 0.00 3.22 2.59
48 3.36 2.31 0.95 0.00 0.95 3.43 0.84 2.87 0.00 2.94 2.63 1.47 2.35 1.86 2.59 0.00 0.46 0.00 0.46 0.84 1.12 2.66 0.91 1.09 2.56 1.16 0.67 0.35 2.56 0.00 0.00 2.49 1.30 2.87 2.03 2.63 0.00 3.12 1.65 3.08 0.00 0.67 0.46 0.00 1.19 0.18 1.19 3.22 0.00 2.59
49 2.94 2.98 0.60 1.23 0.00 2.80 0.88 2.52 3.47 0.98 1.05 0.60 0.70 2.91 0.00 1.93 1.51 0.60 1.33 2.07 1.47 0.18 0.95 0.00 0.56 1.05 1.23 3.01 2.94 0.95 1.37 0.46 0.60 0.00 0.00 0.70 0.00 2.63 2.35 2.73 0.00 0.28 2.00 1.93 2.07 2.56 3.43 2.59 2.59 0.00

ITEMS
nominal_profits 41.00 0.00 13.00 51.00 63.00 65.00 25.00 56.00 0.00 83.00 0.00 57.00 18.00 88.00 0.00 29.00 0.00 0.00 71.00 74.00 0.00 79.00 3.00 52.00 52.00 34.00 72.00 0.00 53.00 56.00 20.00 6.00 0.00 89.00 0.00 0.00 0.00 63.00 9.00 36.00 43.00 54.00 63.00 0.00 59.00 41.00 68.00 26.00 56.00 95.00
weights 33 20 34 26 2 11 15 28 2 7 47 1 15 1 29 14 11 18 22 3 26 12 37 40 49 50 34 44 9 8 50 19 42 11 7 40 45 44 23 15 42 4 13 44 12 16 31 40 48 20
capacity 514
k_max 33

COMMENTS
original_pairwise_profits
0 0.00 57.00 42.00 74.00 26.00 0.00 35.00 0.00 12.00 0.00 67.00 19.00 0.00 0.00 0.00 0.00 18.00 0.00 63.00 87.00 5.00 46.00 0.00 5.00 70.00 14.00 0.00 0.00 0.00 16.00 38.00 0.00 22.00 78.00 75.00 44.00 0.00 0.00 24.00 38.00 36.00 69.00 24.00 0.00 85.00 5.00 5.00 24.00 96.00 84.00
1 57.00 0.00 0.00 56.00 31.00 0.00 0.00 78.00 49.00 0.00 35.00 18.00 15.00 23.00 0.00 88.00 0.00 10.00 35.00 0.00 84.00 54.00 0.00 48.00 4.00 7.00 58.00 0.00 47.00 34.00 57.00 39.00 23.00 0.00 17.00 52.00 0.00 67.00 13.00 0.00 1.00 64.00 49.00 76.00 0.00 61.00 73.00 53.00 66.00 85.00
2 42.00 0.00 0.00 36.00 100.00 65.00 66.00 0.00 33.00 91.00 63.00 0.00 81.00 50.00 0.00 33.00 95.00 41.00 0.00 12.00 35.00 34.00 12.00 46.00 61.00 56.00 72.00 0.00 31.00 19.00 64.00 14.00 28.00 88.00 30.00 7.00 0.00 76.00 36.00 48.00 40.00 75.00 0.00 0.00 57.00 0.00 34.00 0.00 27.00 17.00
3 74.00 56.00 36.00 0.00 24.00 0.00 100.00 85.00 0.00 19.00 61.00 53.00 71.00 88.00 41.00 17.00 0.00 79.00 0.00 31.00 12.00 0.00 69.00 94.00 9.00 47.00 0.00 32.00 27.00 7.00 0.00 41.00 55.00 32.00 0.00 77.00 43.00 85.00 8.00 0.00 0.00 58.00 0.00 74.00 9.00 0.00 70.00 6.00 0.00 35.00
4 26.00 31.00 100.00 24.00 0.00 26.00 6.00 5.00 0.00 72.00 9.00 3.00 0.00 81.00 57.00 67.00 68.00 81.00 0.00 0.00 67.00 0.00 0.00 0.00 43.00 0.00 30.00 23.00 32.00 0.00 23.00 42.00 0.00 0.00 54.00 12.00 88.00 12.00 77.00 0.00 17.00 95.00 20.00 58.00 29.00 93.00 35.00 12.00 27.00 0.00
5 0.00 0.00 65.00 0.00 26.00 0.00 48.00 40.00 60.00 37.00 43.00 34.00 0.00 17.00 89.00 19.00 43.00 76.00 10.00 17.00 4.00 58.00 50.00 51.00 36.00 87.00 62.00 24.00 98.00 0.00 17.00 34.00 85.00 0.00 78.00 0.00 0.00 73.00 0.00 18.00 0.00 59.00 0.00 52.00 49.00 8.00 0.00 6.00 98.00 80.00
6 35.00 0.00 66.00 100.00 6.00 48.00 0.00 0.00 33.00 67.00 33.00 41.00 0.00 32.00 37.00 63.00 67.00 51.00 0.00 19.00 22.00 0.00 92.00 0.00 0.00 52.00 2.00 31.00 0.00 20.00 0.00 52.00 0.00 0.00 55.00 32.00 0.00 20.00 51.00 64.00 86.00 13.00 62.00 11.00 27.00 0.00 93.00 87.00 24.00 25.00
7 0.00 78.00 0.00 85.00 5.00 40.00 0.00 0.00 73.00 44.00 0.00 23.00 89.00 52.00 0.00 90.00 61.00 21.00 24.00 77.00 58.00 8.00 7.00 0.00 41.00 43.00 0.00 0.00 40.00 51.00 0.00 62.00 97.00 98.00 38.00 68.00 46.00 18.00 93.00 27.00 91.00 29.00 15.00 0.00 0.00 0.00 71.00 99.00 82.00 72.00
8 12.00 49.00 33.00 0.00 0.00 60.00 33.00 73.00 0.00 84.00 65.00 0.00 96.00 48.00 33.00 54.00 60.00 95.00 52.00 0.00 0.00 38.00 4.00 9.00 0.00 62.00 51.00 0.00 94.00 76.00 0.00 24.00 0.00 5.00 85.00 57.00 81.00 9.00 41.00 4.00 0.00 10.00 45.00 98.00 0.00 0.00 24.00 35.00 0.00 99.00
9 0.00 0.00 91.00 19.00 72.00 37.00 67.00 44.00 84.00 0.00 0.00 33.00 52.00 71.00 86.00 31.00 68.00 100.00 6.00 82.00 65.00 0.00 0.00 20.00 27.00 28.00 0.00 37.00 27.00 17.00 38.00 99.00 83.00 0.00 82.00 92.00 52.00 55.00 67.00 5.00 40.00 57.00 72.00 76.00 34.00 13.00 0.00 0.00 84.00 28.00
10 67.00 35.00 63.00 61.00 9.00 43.00 33.00 0.00 65.00 0.00 0.00 0.00 35.00 9.00 29.00 50.00 0.00 0.00 98.00 68.00 97.00 23.00 0.00 76.00 91.00 29.00 75.00 14.00 28.00 66.00 75.00 0.00 52.00 82.00 68.00 80.00 41.00 63.00 0.00 0.00 0.00 76.00 0.00 49.00 2.00 55.00 63.00 0.00 75.00 30.00
11 19.00 18.00 0.00 53.00 3.00 34.00 41.00 23.00 0.00 33.00 0.00 0.00 88.00 50.00 50.00 31.00 86.00 80.00 12.00 31.00 0.00 82.00 0.00 1.00 0.00 42.00 72.00 18.00 18.00 69.00 0.00 82.00 98.00 11.00 9.00 88.00 23.00 4.00 66.00 34.00 77.00 44.00 91.00 92.00 19.00 86.00 84.00 18.00 42.00 17.00
12 0.00 15.00 81.00 71.00 0.00 0.00 0.00 89.00 96.00 52.00 35.00 88.00 0.00 0.00 88.00 77.00 0.00 61.00 79.00 60.00 31.00 60.00 7.00 0.00 72.00 49.00 84.00 12.00 56.00 27.00 27.00 95.00 57.00 0.00 35.00 0.00 32.00 80.00 52.00 4.00 95.00 74.00 80.00 0.00 81.00 38.00 27.00 21.00 67.00 20.00
13 0.00 23.00 50.00 88.00 81.00 17.00 32.00 52.00 48.00 71.00 9.00 50.00 0.00 0.00 29.00 94.00 31.00 0.00 97.00 42.00 0.00 62.00 42.00 0.00 0.00 68.00 0.00 42.00 14.00 0.00 29.00 15.00 0.00 33.00 78.00 0.00 94.00 49.00 0.00 37.00 62.00 80.00 14.00 15.00 53.00 36.00 0.00 29.00 53.00 83.00
14 0.00 0.00 0.00 41.00 57.00 89.00 37.00 0.00 33.00 86.00 29.00 50.00 88.00 29.00 0.00 0.00 43.00 0.00 63.00 14.00 92.00 0.00 72.00 88.00 0.00 97.00 33.00 77.00 97.00 91.00 0.00 0.00 22.00 1.00 60.00 95.00 0.00 0.00 0.00 74.00 0.00 0.00 0.00 69.00 34.00 41.00 3.00 43.00 74.00 0.00
15 0.00 88.00 33.00 17.00 67.00 19.00 63.00 90.00 54.00 31.00 50.00 31.00 77.00 94.00 0.00 0.00 93.00 92.00 67.00 0.00 32.00 88.00 0.00 0.00 0.00 60.00 0.00 81.00 0.00 60.00 65.00 6.00 86.00 49.00 18.00 84.00 72.00 0.00 63.00 21.00 99.00 47.00 48.00 85.00 26.00 0.00 45.00 88.00 0.00 55.00
16 18.00 0.00 95.00 0.00 68.00 43.00 67.00 61.00 60.00 68.00 0.00 86.00 0.00 31.00 43.00 93.00 0.00 79.00 5.00 78.00 0.00 61.00 57.00 79.00 46.00 0.00 93.00 69.00 0.00 12.00 46.00 70.00 64.00 0.00 0.00 27.00 63.00 12.00 75.00 61.00 38.00 51.00 12.00 33.00 0.00 22.00 67.00 64.00 13.00 43.00
17 0.00 10.00 41.00 79.00 81.00 76.00 51.00 21.00 95.00 100.00 0.00 80.00 61.00 0.00 0.00 92.00 79.00 0.00 0.00 47.00 0.00 90.00 8.00 86.00 83.00 0.00 2.00 10.00 15.00 0.00 30.00 26.00 0.00 0.00 41.00 77.00 72.00 0.00 0.00 88.00 42.00 49.00 99.00 46.00 66.00 26.00 13.00 13.00 0.00 17.00
18 63.00 35.00 0.00 0.00 0.00 10.00 0.00 24.00 52.00 6.00 98.00 12.00 79.00 97.00 63.00 67.00 5.00 0.00 0.00 0.00 56.00 36.00 30.00 94.00 0.00 75.00 0.00 59.00 31.00 86.00 0.00 2.00 81.00 65.00 0.00 77.00 33.00 0.00 0.00 58.00 4.00 67.00 0.00 100.00 53.00 0.00 0.00 77.00 13.00 38.00
19 87.00 0.00 12.00 31.00 0.00 17.00 19.00 77.00 0.00 82.00 68.00 31.00 60.00 42.00 14.00 0.00 78.00 47.00 0.00 0.00 0.00 1.00 14.00 11.00 0.00 0.00 21.00 53.00 66.00 48.00 0.00 64.00 98.00 3.00 25.00 0.00 5.00 0.00 29.00 0.00 72.00 1.00 94.00 27.00 100.00 82.00 0.00 64.00 24.00 59.00
20 5.00 84.00 35.00 12.00 67.00 4.00 22.00 58.00 0.00 65.00 97.00 0.00 31.00 0.00 92.00 32.00 0.00 0.00 56.00 0.00 0.00 97.00 0.00 49.00 59.00 0.00 76.00 27.00 20.00 0.00 63.00 100.00 93.00 59.00 98.00 16.00 52.00 84.00 0.00 3.00 44.00 34.00 47.00 91.00 83.00 98.00 53.00 58.00 32.00 42.00
21 46.00 54.00 34.00 0.00 0.00 58.00 0.00 8.00 38.00 0.00 23.00 82.00 60.00 62.00 0.00 88.00 61.00 90.00 36.00 1.00 97.00 0.00 90.00 28.00 0.00 0.00 91.00 25.00 19.00 95.00 25.00 23.00 60.00 7.00 88.00 0.00 33.00 45.00 98.00 0.00 44.00 71.00 58.00 0.00 0.00 85.00 100.00 0.00 76.00 5.00
22 0.00 0.00 12.00 69.00 0.00 50.00 92.00 7.00 4.00 0.00 0.00 0.00 7.00 42.00 72.00 0.00 57.00 8.00 30.00 14.00 0.00 90.00 0.00 69.00 0.00 0.00 39.00 26.00 72.00 0.00 0.00 20.00 5.00 21.00 96.00 15.00 42.00 23.00 28.00 45.00 0.00 77.00 30.00 74.00 0.00 12.00 90.00 0.00 26.00 27.00
23 5.00 48.00 46.00 94.00 0.00 51.00 0.00 0.00 9.00 20.00 76.00 1.00 0.00 0.00 88.00 0.00 79.00 86.00 94.00 11.00 49.00 28.00 69.00 0.00 6.00 91.00 35.00 62.00 53.00 96.00 55.00 22.00 84.00 2.00 0.00 55.00 81.00 20.00 0.00 59.00 97.00 18.00 27.00 88.00 38.00 100.00 78.00 0.00 31.00 0.00
24 70.00 4.00 61.00 9.00 43.00 36.00 0.00 41.00 0.00 27.00 91.00 0.00 72.00 0.00 0.00 0.00 46.00 83.00 0.00 0.00 59.00 0.00 0.00 6.00 0.00 32.00 0.00 68.00 53.00 20.00 31.00 28.00 0.00 97.00 0.00 33.00 54.00 10.00 54.00 10.00 29.00 23.00 71.00 0.00 48.00 22.00 0.00 28.00 73.00 16.00
25 14.00 7.00 56.00 47.00 0.00 87.00 52.00 43.00 62.00 28.00 29.00 42.00 49.00 68.00 97.00 60.00 0.00 0.00 75.00 0.00 0.00 0.00 0.00 91.00 32.00 0.00 66.00 91.00 38.00 94.00 87.00 91.00 45.00 7.00 35.00 0.00 26.00 0.00 73.00 54.00 27.00 7.00 21.00 59.00 75.00 2.00 0.00 25.00 33.00 30.00
26 0.00 58.00 72.00 0.00 30.00 62.00 2.00 0.00 51.00 0.00 75.00 72.00 84.00 0.00 33.00 0.00 93.00 2.00 0.00 21.00 76.00 91.00 39.00 35.00 0.00 66.00 0.00 41.00 29.00 41.00 38.00 20.00 50.00 98.00 0.00 2.00 50.00 2.00 50.00 0.00 0.00 11.00 96.00 37.00 98.00 79.00 0.00 0.00 19.00 35.00
27 0.00 0.00 0.00 32.00 23.00 24.00 31.00 0.00 0.00 37.00 14.00 18.00 12.00 42.00 77.00 81.00 69.00 10.00 59.00 53.00 27.00 25.00 26.00 62.00 68.00 91.00 41.00 0.00 35.00 29.00 0.00 0.00 54.00 21.00 0.00 99.00 91.00 34.00 82.00 81.00 0.00 60.00 38.00 45.00 0.00 0.00 94.00 0.00 10.00 86.00
28 0.00 47.00 31.00 27.00 32.00 98.00 0.00 40.00 94.00 27.00 28.00 18.00 56.00 14.00 97.00 0.00 0.00 15.00 31.00 66.00 20.00 19.00 72.00 53.00 53.00 38.00 29.00 35.00 0.00 56.00 61.00 36.00 0.00 0.00 0.00 0.00 57.00 27.00 81.00 20.00 0.00 3.00 34.00 36.00 74.00 44.00 76.00 95.00 73.00 84.00
29 16.00 34.00 19.00 7.00 0.00 0.00 20.00 51.00 76.00 17.00 66.00 69.00 27.00 0.00 91.00 60.00 12.00 0.00 86.00 48.00 0.00 95.00 0.00 96.00 20.00 94.00 41.00 29.00 56.00 0.00 54.00 88.00 0.00 0.00 10.00 38.00 0.00 4.00 33.00 91.00 0.00 16.00 0.00 60.00 45.00 1.00 0.00 0.00 0.00 27.00
30 38.00 57.00 64.00 0.00 23.00 17.00 0.00 0.00 0.00 38.00 75.00 0.00 27.00 29.00 0.00 65.00 46.00 30.00 0.00 0.00 63.00 25.00 0.00 55.00 31.00 87.00 38.00 0.00 61.00 54.00 0.00 98.00 14.00 16.00 5.00 51.00 66.00 41.00 87.00 43.00 19.00 0.00 11.00 22.00 0.00 55.00 82.00 16.00 0.00 39.00
31 0.00 39.00 14.00 41.00 42.00 34.00 52.00 62.00 24.00 99.00 0.00 82.00 95.00 15.00 0.00 6.00 70.00 26.00 2.00 64.00 100.00 23.00 20.00 22.00 28.00 91.00 20.00 0.00 36.00 88.00 98.00 0.00 78.00 55.00 71.00 54.00 20.00 30.00 0.00 73.00 10.00 0.00 96.00 0.00 28.00 0.00 41.00 91.00 71.00 13.00
32 22.00 23.00 28.00 55.00 0.00 85.00 0.00 97.00 0.00 83.00 52.00 98.00 57.00 0.00 22.00 86.00 64.00 0.00 81.00 98.00 93.00 60.00 5.00 84.00 0.00 45.00 50.00 54.00 0.00 0.00 14.00 78.00 0.00 59.00 28.00 0.00 91.00 37.00 38.00 19.00 29.00 61.00 43.00 90.00 92.00 25.00 65.00 58.00 37.00 17.00
33 78.00 0.00 88.00 32.00 0.00 0.00 0.00 98.00 5.00 0.00 82.00 11.00 0.00 33.00 1.00 49.00 0.00 0.00 65.00 3.00 59.00 7.00 21.00 2.00 97.00 7.00 98.00 21.00 0.00 0.00 16.00 55.00 59.00 0.00 0.00 20.00 0.00 28.00 0.00 43.00 0.00 87.00 0.00 38.00 9.00 43.00 0.00 97.00 82.00 0.00
34 75.00 17.00 30.00 0.00 54.00 78.00 55.00 38.00 85.00 82.00 68.00 9.00 35.00 78.00 60.00 18.00 0.00 41.00 0.00 25.00 98.00 88.00 96.00 0.00 0.00 35.00 0.00 0.00 0.00 10.00 5.00 71.00 28.00 0.00 0.00 37.00 41.00 90.00 0.00 59.00 61.00 10.00 0.00 6.00 88.00 53.00 98.00 25.00 58.00 0.00
35 44.00 52.00 7.00 77.00 12.00 0.00 32.00 68.00 57.00 92.00 80.00 88.00 0.00 0.00 95.00 84.00 27.00 77.00 77.00 0.00 16.00 0.00 15.00 55.00 33.00 0.00 2.00 99.00 0.00 38.00 51.00 54.00 0.00 20.00 37.00 0.00 34.00 22.00 0.00 22.00 34.00 100.00 1.00 0.00 63.00 59.00 22.00 35.00 75.00 20.00
36 0.00 0.00 0.00 43.00 88.00 0.00 0.00 46.00 81.00 52.00 41.00 23.00 32.00 94.00 0.00 72.00 63.00 72.00 33.00 5.00 52.00 33.00 42.00 81.00 54.00 26.00 50.00 91.00 57.00 0.00 66.00 20.00 91.00 0.00 41.00 34.00 0.00 13.00 37.00 93.00 37.00 66.00 0.00 49.00 55.00 86.00 29.00 76.00 0.00 0.00
37 0.00 67.00 76.00 85.00 12.00 73.00 20.00 18.00 9.00 55.00 63.00 4.00 80.00 49.00 0.00 0.00 12.00 0.00 0.00 0.00 84.00 45.00 23.00 20.00 10.00 0.00 2.00 34.00 27.00 4.00 41.00 30.00 37.00 28.00 90.00 22.00 13.00 0.00 0.00 13.00 19.00 75.00 9.00 26.00 58.00 0.00 16.00 63.00 89.00 75.00
38 24.00 13.00 36.00 8.00 77.00 0.00 51.00 93.00 41.00 67.00 0.00 66.00 52.00 0.00 0.00 63.00 75.00 0.00 0.00 29.00 0.00 98.00 28.00 0.00 54.00 73.00 50.00 82.00 81.00 33.00 87.00 0.00 38.00 0.00 0.00 0.00 37.00 0.00 0.00 92.00 13.00 47.00 8.00 0.00 0.00 0.00 0.00 37.00 47.00 67.00
39 38.00 0.00 48.00 0.00 0.00 18.00 64.00 27.00 4.00 5.00 0.00 34.00 4.00 37.00 74.00 21.00 61.00 88.00 58.00 0.00 3.00 0.00 45.00 59.00 10.00 54.00 0.00 81.00 20.00 91.00 43.00 73.00 19.00 43.00 59.00 22.00 93.00 13.00 92.00 0.00 34.00 85.00 98.00 0.00 0.00 64.00 6.00 2.00 88.00 78.00
40 36.00 1.00 40.00 0.00 17.00 0.00 86.00 91.00 0.00 40.00 0.00 77.00 95.00 62.00 0.00 99.00 38.00 42.00 4.00 72.00 44.00 44.00 0.00 97.00 29.00 27.00 0.00 0.00 0.00 0.00 19.00 10.00 29.00 0.00 61.00 34.00 37.00 19.00 13.00 34.00 0.00 1.00 78.00 95.00 0.00 0.00 14.00 43.00 0.00 0.00
41 69.00 64.00 75.00 58.00 95.00 59.00 13.00 29.00 10.00 57.00 76.00 44.00 74.00 80.00 0.00 47.00 51.00 49.00 67.00 1.00 34.00 71.00 77.00 18.00 23.00 7.00 11.00 60.00 3.00 16.00 0.00 0.00 61.00 87.00 10.00 100.00 66.00 75.00 47.00 85.00 1.00 0.00 0.00 0.00 0.00 50.00 0.00 97.00 19.00 8.00
42 24.00 49.00 0.00 0.00 20.00 0.00 62.00 15.00 45.00 72.00 0.00 91.00 80.00 14.00 0.00 48.00 12.00 99.00 0.00 94.00 47.00 58.00 30.00 27.00 71.00 21.00 96.00 38.00 34.00 0.00 11.00 96.00 43.00 0.00 0.00 1.00 0.00 9.00 8.00 98.00 78.00 0.00 0.00 48.00 50.00 50.00 27.00 14.00 13.00 57.00
43 0.00 76.00 0.00 74.00 58.00 52.00 11.00 0.00 98.00 76.00 49.00 92.00 0.00 15.00 69.00 85.00 33.00 46.00 100.00 27.00 91.00 0.00 74.00 88.00 0.00 59.00 37.00 45.00 36.00 60.00 22.00 0.00 90.00 38.00 6.00 0.00 49.00 26.00 0.00 0.00 95.00 0.00 48.00 0.00 49.00 0.00 87.00 0.00 0.00 55.00
44 85.00 0.00 57.00 9.00 29.00 49.00 27.00 0.00 0.00 34.00 2.00 19.00 81.00 53.00 34.00 26.00 0.00 66.00 53.00 100.00 83.00 0.00 0.00 38.00 48.00 75.00 98.00 0.00 74.00 45.00 0.00 28.00 92.00 9.00 88.00 63.00 55.00 58.00 0.00 0.00 0.00 0.00 50.00 49.00 0.00 0.00 0.00 87.00 34.00 59.00
45 5.00 61.00 0.00 0.00 93.00 8.00 0.00 0.00 0.00 13.00 55.00 86.00 38.00 36.00 41.00 0.00 22.00 26.00 0.00 82.00 98.00 85.00 12.00 100.00 22.00 2.00 79.00 0.00 44.00 1.00 55.00 0.00 25.00 43.00 53.00 59.00 86.00 0.00 0.00 64.00 0.00 50.00 50.00 0.00 0.00 0.00 0.00 46.00 5.00 73.00
46 5.00 73.00 34.00 70.00 35.00 0.00 93.00 71.00 24.00 0.00 63.00 84.00 27.00 0.00 3.00 45.00 67.00 13.00 0.00 0.00 53.00 100.00 90.00 78.00 0.00 0.00 0.00 94.00 76.00 0.00 82.00 41.00 65.00 0.00 98.00 22.00 29.00 16.00 0.00 6.00 14.00 0.00 27.00 87.00 0.00 0.00 0.00 65.00 34.00 98.00
47 24.00 53.00 0.00 6.00 12.00 6.00 87.00 99.00 35.00 0.00 0.00 18.00 21.00 29.00 43.00 88.00 64.00 13.00 77.00 64.00 58.00 0.00 0.00 0.00 28.00 25.00 0.00 0.00 95.00 0.00 16.00 91.00 58.00 97.00 25.00 35.00 76.00 63.00 37.00 2.00 43.00 97.00 14.00 0.00 87.00 46.00 65.00 0.00 92.00 74.00
48 96.00 66.00 27.00 0.00 27.00 98.00 24.00 82.00 0.00 84.00 75.00 42.00 67.00 53.00 74.00 0.00 13.00 0.00 13.00 24.00 32.00 76.00 26.00 31.00 73.00 33.00 19.00 10.00 73.00 0.00 0.00 71.00 37.00 82.00 58.00 75.00 0.00 89.00 47.00 88.00 0.00 19.00 13.00 0.00 34.00 5.00 34.00 92.00 0.00 74.00
49 84.00 85.00 17.00 35.00 0.00 80.00 25.00 72.00 99.00 28.00 30.00 17.00 20.00 83.00 0.00 55.00 43.00 17.00 38.00 59.00 42.00 5.00 27.00 0.00 16.00 30.00 35.00 86.00 84.00 27.00 39.00 13.00 17.00 0.00 0.00 20.00 0.00 75.00 67.00 78.00 0.00 8.00 57.00 55.00 59.00 73.00 98.00 74.00 74.00 0.00
mcp_obj 33
mcp_gap 0
mcp_x 1 1 0 1 1 1 1 1 1 1 0 1 1 1 1 1 1 1 1 1 1 1 0 0 0 0 0 0 1 1 0 1 0 1 1 0 0 0 1 1 0 1 1 0 1 1 1 0 0 1
