NAME N50_rc_0.7_rGamma_1_dc_0.035_dGamma_0.0005_jeu_50_50_9.txt
NUM_ITEMS 50
SOURCE jeu_50_50_9
PARAMETERS
r_c 0.7
r_Gamma 1
d_c 0.035
d_Gamma 0.0005

BOUNDS
c_lb 0.00
c_ub 106.13
Gamma_lb 7
Gamma_ub 10
B_i_1_lb 0.00 0.00 0.00 0.00 0.00 0.00 0.00 0.00 0.00 0.00 0.00 0.00 0.00 0.00 0.00 0.00 0.00 0.00 0.00 0.00 0.00 0.00 0.00 0.00 0.00 0.00 0.00 0.00 0.00 0.00 0.00 0.00 0.00 0.00 0.00 0.00 0.00 0.00 0.00 0.00 0.00 0.00 0.00 0.00 0.00 0.00 0.00 0.00 0.00 0.00
B_i_1_ub 34.83 36.71 35.34 27.88 38.59 43.63 30.78 32.03 39.95 38.02 32.97 36.05 43.19 29.99 31.26 32.94 38.44 37.80 36.98 32.02 35.72 29.73 33.47 35.89 43.79 38.19 36.30 40.24 36.49 40.62 30.80 31.36 33.02 38.93 39.48 30.61 34.27 35.99 30.75 41.68 26.33 37.46 33.68 37.42 37.56 35.75 37.94 45.93 36.07 37.32
B_i_0_lb 0.00 0.00 0.00 0.00 0.00 0.00 0.00 0.00 0.00 0.00 0.00 0.00 0.00 0.00 0.00 0.00 0.00 0.00 0.00 0.00 0.00 0.00 0.00 0.00 0.00 0.00 0.00 0.00 0.00 0.00 0.00 0.00 0.00 0.00 0.00 0.00 0.00 0.00 0.00 0.00 0.00 0.00 0.00 0.00 0.00 0.00 0.00 0.00 0.00 0.00
B_i_0_ub 34.83 37.98 35.55 29.14 39.82 46.33 31.24 33.64 41.77 38.65 33.88 36.23 43.19 30.59 31.26 33.01 38.93 40.32 37.53 34.23 37.47 29.80 34.31 38.52 45.09 39.91 38.47 42.52 36.49 41.26 30.80 32.45 35.40 40.44 41.90 33.24 34.52 37.67 31.24 42.98 26.93 37.57 33.68 39.59 37.81 37.92 38.61 48.32 37.86 37.99
c_i_1_lb 21.00 0.00 0.00 2.80 0.00 28.00 42.70 51.80 9.80 0.00 0.00 35.70 0.00 45.50 0.00 0.00 67.20 0.70 0.00 0.00 55.30 18.20 20.30 11.90 0.00 65.10 56.70 0.00 12.60 0.00 40.60 14.70 0.00 0.00 0.00 31.50 21.70 28.70 40.60 0.00 59.50 61.60 0.00 11.90 0.00 27.30 55.30 36.40 0.00 0.00
c_i_1_ub 55.83 36.71 35.34 30.68 38.59 71.63 73.48 83.83 49.75 38.02 32.97 71.75 43.19 75.49 31.26 32.94 105.64 38.50 36.98 32.02 91.02 47.93 53.77 47.79 43.79 103.29 93.00 40.24 49.09 40.62 71.40 46.06 33.02 38.93 39.48 62.11 55.97 64.69 71.35 41.68 85.83 99.06 33.68 49.32 37.56 63.05 93.24 82.33 36.07 37.32
c_i_0_lb 21.00 0.00 0.00 2.80 0.00 28.00 42.70 51.80 9.80 0.00 0.00 35.70 0.00 45.50 0.00 0.00 67.20 0.70 0.00 0.00 55.30 18.20 20.30 11.90 0.00 65.10 56.70 0.00 12.60 0.00 40.60 14.70 0.00 0.00 0.00 31.50 21.70 28.70 40.60 0.00 59.50 61.60 0.00 11.90 0.00 27.30 55.30 36.40 0.00 0.00
c_i_0_ub 55.83 37.98 35.55 31.94 39.82 74.33 73.94 85.44 51.57 38.65 33.88 71.93 43.19 76.09 31.26 33.01 106.13 41.02 37.53 34.23 92.77 48.00 54.61 50.42 45.09 105.01 95.17 42.52 49.09 41.26 71.40 47.15 35.40 40.44 41.90 64.74 56.22 66.37 71.84 42.98 86.43 99.17 33.68 51.49 37.81 65.22 93.91 84.72 37.86 37.99
c_1_lb 0.00
c_1_ub 105.64
c_0_lb 0.00
c_0_ub 106.13

BOUND_TIMES
k_max_time 0.000957
Gamma_ub_time 0.000070
B_i_1_lb_time 0.002244
B_i_1_ub_time 0.008110
B_i_0_lb_time 0.002309
B_i_0_ub_time 0.008213

DDRO_PARAMETERS
a_0 7
b_0i 0 0 0 0 0 1 0 0 0 0 0 0 0 0 0 0 0 0 0 0 0 0 0 0 1 0 0 0 0 0 0 0 0 0 0 0 0 0 0 0 0 0 0 0 0 0 0 1 0 0
a_i 21.00 0.00 0.00 2.80 0.00 28.00 42.70 51.80 9.80 0.00 0.00 35.70 0.00 45.50 0.00 0.00 67.20 0.70 0.00 0.00 55.30 18.20 20.30 11.90 0.00 65.10 56.70 0.00 12.60 0.00 40.60 14.70 0.00 0.00 0.00 31.50 21.70 28.70 40.60 0.00 59.50 61.60 0.00 11.90 0.00 27.30 55.30 36.40 0.00 0.00
b_ij
0 0.00 0.00 2.84 0.00 2.14 0.11 1.68 2.73 0.00 0.00 0.00 0.00 0.56 0.00 0.00 0.00 2.49 0.46 0.32 0.00 0.00 0.00 0.00 1.96 2.21 0.00 0.00 0.91 0.00 1.93 2.38 0.00 0.00 0.84 0.00 1.93 1.58 3.05 0.00 1.19 0.00 0.00 1.61 2.66 0.00 1.26 0.00 3.08 1.16 0.00
1 0.00 0.00 0.39 0.49 0.00 0.00 0.00 0.00 2.56 2.10 0.00 3.15 3.36 0.88 0.00 0.00 0.00 1.68 0.00 0.00 1.26 0.00 0.00 0.00 2.17 0.00 0.00 0.88 1.93 1.02 0.00 0.00 0.00 3.43 0.00 0.00 0.00 0.00 0.84 0.00 0.00 1.93 0.00 3.05 0.00 2.14 2.80 3.36 2.03 0.00
2 2.84 0.39 0.00 0.00 0.00 0.00 0.46 0.00 0.14 0.00 2.24 0.00 1.23 1.79 0.00 0.95 1.61 0.00 2.38 0.00 0.00 0.00 1.51 0.42 2.10 0.00 0.28 0.00 1.96 3.50 0.18 0.56 2.14 2.07 0.00 0.98 0.00 1.12 0.00 0.35 0.60 0.53 0.35 0.00 1.65 0.00 0.00 0.00 0.00 3.15
3 0.00 0.49 0.00 0.00 2.59 3.26 0.28 0.00 0.00 0.00 0.00 0.00 0.00 0.49 0.00 0.00 1.37 1.79 0.00 2.87 0.00 1.02 2.52 0.00 0.00 0.00 0.00 0.95 2.38 0.00 0.00 0.49 0.00 0.00 2.17 2.66 0.00 0.00 0.49 0.25 0.00 0.00 2.91 0.00 0.00 0.00 1.26 2.87 0.00 0.00
4 2.14 0.00 0.00 2.59 0.00 3.12 0.00 0.00 0.00 2.84 0.00 0.00 3.29 0.00 0.00 3.05 3.47 0.00 0.42 2.70 0.00 0.00 2.91 0.00 0.00 0.53 2.80 0.21 3.05 0.00 0.00 1.02 0.00 0.00 1.23 3.40 0.00 0.00 0.00 0.00 0.07 0.00 0.00 0.00 2.70 0.00 0.11 0.00 0.00 0.00
5 0.11 0.00 0.00 3.26 3.12 0.00 1.12 0.00 0.77 1.37 3.15 0.00 3.43 0.00 0.53 2.63 1.72 0.00 0.00 1.54 0.00 2.91 0.04 0.04 0.00 3.29 0.74 2.59 0.81 1.86 0.00 2.73 0.00 0.00 0.42 0.00 1.86 2.14 0.00 0.00 2.91 0.00 1.02 2.94 1.19 0.14 0.00 3.29 0.00 2.98
6 1.68 0.00 0.46 0.28 0.00 1.12 0.00 0.00 0.70 1.37 0.00 0.00 0.00 0.81 1.33 0.00 3.36 0.00 0.00 1.79 0.46 2.49 1.86 0.00 3.29 0.00 2.35 0.00 0.00 0.00 0.00 2.77 0.60 0.00 0.84 0.00 0.00 0.84 0.00 0.00 0.00 0.00 0.00 0.00 0.14 2.07 0.00 3.40 2.21 0.00
7 2.73 0.00 0.00 0.00 0.00 0.00 0.00 0.00 0.46 0.53 0.00 0.95 0.00 0.00 1.68 2.66 1.44 0.00 1.79 0.00 2.66 0.39 0.00 0.00 0.00 2.94 0.00 0.00 0.00 0.00 1.65 0.00 2.63 0.98 0.63 3.01 0.00 0.00 0.00 2.14 0.00 1.82 0.00 1.61 0.77 1.33 1.37 0.81 0.00 1.79
8 0.00 2.56 0.14 0.00 0.00 0.77 0.70 0.46 0.00 2.35 0.81 1.96 0.00 0.74 0.56 0.00 0.00 0.00 0.70 3.47 2.66 0.00 2.35 3.05 2.52 3.33 0.00 2.80 3.05 1.68 1.65 0.00 0.00 2.17 0.25 0.00 0.00 0.00 0.56 0.00 0.00 0.00 1.86 3.05 2.66 0.00 0.00 0.67 2.49 0.67
9 0.00 2.10 0.00 0.00 2.84 1.37 1.37 0.53 2.35 0.00 0.63 3.40 0.00 0.04 0.00 0.56 2.94 0.00 0.00 0.00 0.00 2.24 0.00 0.00 3.05 0.00 1.86 1.37 3.22 0.00 1.05 0.00 0.00 0.00 1.86 0.00 0.74 2.07 2.49 3.50 0.00 0.00 0.00 3.33 0.00 0.00 0.11 0.00 0.00 1.33
10 0.00 0.00 2.24 0.00 0.00 3.15 0.00 0.00 0.81 0.63 0.00 0.00 0.98 1.58 0.00 0.88 2.91 0.00 0.00 0.00 0.00 0.00 1.93 0.00 1.30 0.00 0.00 3.01 2.10 0.77 0.70 1.12 2.38 0.00 0.00 0.00 0.49 3.33 0.00 0.00 0.00 1.51 0.00 0.00 0.21 0.00 1.89 0.00 1.61 0.00
11 0.00 3.15 0.00 0.00 0.00 0.00 0.00 0.95 1.96 3.40 0.00 0.00 3.05 0.91 0.11 0.77 0.00 0.00 0.00 0.00 2.10 0.00 0.00 0.00 0.00 1.02 0.04 2.73 0.00 0.67 0.00 1.33 0.00 2.35 0.81 0.04 0.00 0.00 0.00 0.77 2.03 3.12 2.94 0.00 0.00 0.00 2.31 0.00 0.04 1.51
12 0.56 3.36 1.23 0.00 3.29 3.43 0.00 0.00 0.00 0.00 0.98 3.05 0.00 0.00 0.00 0.00 0.00 0.00 0.00 0.00 1.68 2.28 0.00 3.40 0.00 1.93 0.00 2.07 0.00 0.00 2.35 0.67 1.33 3.15 1.33 0.00 1.61 0.00 1.30 2.31 1.26 1.68 2.52 0.00 1.30 0.00 2.66 1.68 1.09 0.32
13 0.00 0.88 1.79 0.49 0.00 0.00 0.81 0.00 0.74 0.04 1.58 0.91 0.00 0.00 0.00 3.12 0.00 0.70 0.60 0.00 2.98 0.28 1.19 0.00 0.00 0.00 0.00 3.15 0.74 0.00 0.00 0.46 1.33 0.00 0.00 1.65 1.16 0.00 1.40 1.68 0.00 1.12 1.23 0.00 2.84 0.00 0.00 0.00 0.98 1.02
14 0.00 0.00 0.00 0.00 0.00 0.53 1.33 1.68 0.56 0.00 0.00 0.11 0.00 0.00 0.00 0.00 1.86 3.19 1.37 0.00 0.14 1.54 0.49 0.00 1.47 1.47 2.03 0.00 0.00 2.98 2.31 0.07 1.33 0.00 0.77 0.00 0.00 0.00 0.00 0.00 0.46 0.00 1.93 0.00 0.00 2.21 3.01 1.51 2.84 0.91
15 0.00 0.00 0.95 0.00 3.05 2.63 0.00 2.66 0.00 0.56 0.88 0.77 0.00 3.12 0.00 0.00 0.00 2.63 0.00 1.05 0.04 0.53 2.45 0.00 0.00 0.00 1.40 0.00 0.00 2.52 0.00 3.33 2.49 0.00 2.56 0.00 0.00 1.82 2.91 0.00 0.00 1.82 0.00 3.12 0.00 0.00 0.00 0.04 1.09 0.98
16 2.49 0.00 1.61 1.37 3.47 1.72 3.36 1.44 0.00 2.94 2.91 0.00 0.00 0.00 1.86 0.00 0.00 2.56 2.87 0.00 2.31 0.00 0.00 0.00 0.11 0.00 0.00 0.00 0.00 1.09 0.00 0.07 0.00 0.14 0.32 0.56 1.19 0.00 0.00 0.00 0.00 2.21 0.00 0.00 2.87 1.75 1.23 1.72 0.32 0.00
17 0.46 1.68 0.00 1.79 0.00 0.00 0.00 0.00 0.00 0.00 0.00 0.00 0.00 0.70 3.19 2.63 2.56 0.00 0.00 3.40 1.75 0.32 2.35 0.00 3.12 2.56 1.05 2.91 0.00 2.10 0.00 0.00 2.38 0.04 1.16 0.00 2.91 0.00 0.00 0.46 0.00 0.00 1.09 2.49 0.00 2.21 1.51 2.84 2.28 0.00
18 0.32 0.00 2.38 0.00 0.42 0.00 0.00 1.79 0.70 0.00 0.00 0.00 0.00 0.60 1.37 0.00 2.87 0.00 0.00 3.40 0.00 1.23 0.00 1.72 0.53 0.00 0.00 0.00 0.00 3.08 0.00 1.05 0.00 0.00 2.73 0.00 0.00 1.40 0.04 3.50 0.00 0.53 1.86 0.00 3.12 2.24 3.33 1.47 1.05 0.91
19 0.00 0.00 0.00 2.87 2.70 1.54 1.79 0.00 3.47 0.00 0.00 0.00 0.00 0.00 0.00 1.05 0.00 3.40 3.40 0.00 0.00 0.00 0.00 3.22 0.42 0.00 3.19 1.86 0.00 0.21 1.19 0.00 0.00 0.00 2.21 1.65 0.00 0.00 0.00 0.00 0.00 0.00 0.00 1.19 0.00 0.00 0.00 0.00 2.87 2.87
20 0.00 1.26 0.00 0.00 0.00 0.00 0.46 2.66 2.66 0.00 0.00 2.10 1.68 2.98 0.14 0.04 2.31 1.75 0.00 0.00 0.00 0.00 1.96 0.00 1.16 1.96 0.00 0.74 0.00 2.14 0.04 0.00 0.00 0.32 0.00 1.37 3.15 0.00 0.53 3.50 1.05 0.00 1.47 0.00 0.00 0.00 1.37 0.00 2.17 0.00
21 0.00 0.00 0.00 1.02 0.00 2.91 2.49 0.39 0.00 2.24 0.00 0.00 2.28 0.28 1.54 0.53 0.00 0.32 1.23 0.00 0.00 0.00 1.19 0.00 2.84 0.00 0.39 0.00 1.26 0.07 1.68 0.00 0.00 0.00 0.00 0.00 0.00 0.00 0.00 1.40 0.00 0.00 0.46 0.00 0.00 2.77 0.42 0.00 3.05 0.14
22 0.00 0.00 1.51 2.52 2.91 0.04 1.86 0.00 2.35 0.00 1.93 0.00 0.00 1.19 0.49 2.45 0.00 2.35 0.00 0.00 1.96 1.19 0.00 0.00 0.00 1.65 1.16 0.00 0.00 0.00 0.00 1.82 0.00 0.00 0.00 3.22 0.00 3.47 0.00 0.00 0.00 0.67 3.40 0.98 0.00 0.00 0.53 0.00 0.00 0.00
23 1.96 0.00 0.42 0.00 0.00 0.04 0.00 0.00 3.05 0.00 0.00 0.00 3.40 0.00 0.00 0.00 0.00 0.00 1.72 3.22 0.00 0.00 0.00 0.00 3.26 3.33 2.63 0.00 0.00 0.53 1.09 2.21 0.00 2.42 2.94 0.00 0.00 0.00 2.59 0.00 1.16 1.96 0.00 1.02 0.00 0.00 2.91 0.00 2.52 0.91
24 2.21 2.17 2.10 0.00 0.00 0.00 3.29 0.00 2.52 3.05 1.30 0.00 0.00 0.00 1.47 0.00 0.11 3.12 0.53 0.42 1.16 2.84 0.00 3.26 0.00 0.00 0.74 3.08 0.00 0.98 2.94 1.40 2.49 0.00 1.26 0.00 0.00 0.00 0.00 3.05 0.60 0.00 0.00 0.70 0.00 3.33 1.37 0.00 0.77 3.01
25 0.00 0.00 0.00 0.00 0.53 3.29 0.00 2.94 3.33 0.00 0.00 1.02 1.93 0.00 1.47 0.00 0.00 2.56 0.00 0.00 1.96 0.00 1.65 3.33 0.00 0.00 0.00 0.81 3.05 0.00 3.29 1.05 0.35 0.74 1.68 0.00 2.98 1.54 0.00 0.00 2.66 0.00 0.00 0.00 2.10 0.49 0.00 1.05 0.39 0.42
26 0.00 0.00 0.28 0.00 2.80 0.74 2.35 0.00 0.00 1.86 0.00 0.04 0.00 0.00 2.03 1.40 0.00 1.05 0.00 3.19 0.00 0.39 1.16 2.63 0.74 0.00 0.00 2.70 0.00 3.29 0.00 1.12 0.00 0.00 0.00 0.00 0.00 0.67 0.42 0.00 3.19 0.00 2.03 0.60 0.00 2.17 2.56 2.31 1.65 2.52
27 0.91 0.88 0.00 0.95 0.21 2.59 0.00 0.00 2.80 1.37 3.01 2.73 2.07 3.15 0.00 0.00 0.00 2.91 0.00 1.86 0.74 0.00 0.00 0.00 3.08 0.81 2.70 0.00 0.42 2.00 2.98 1.02 0.81 3.22 0.00 1.65 1.47 0.95 2.73 2.80 0.00 0.00 0.00 0.60 0.00 0.00 0.00 0.00 0.00 0.00
28 0.00 1.93 1.96 2.38 3.05 0.81 0.00 0.00 3.05 3.22 2.10 0.00 0.00 0.74 0.00 0.00 0.00 0.00 0.00 0.00 0.00 1.26 0.00 0.00 0.00 3.05 0.00 0.42 0.00 1.93 0.00 0.00 0.00 2.35 0.00 0.00 0.00 2.45 2.31 2.77 1.93 1.79 0.53 0.00 0.00 1.37 0.00 0.00 0.00 0.00
29 1.93 1.02 3.50 0.00 0.00 1.86 0.00 0.00 1.68 0.00 0.77 0.67 0.00 0.00 2.98 2.52 1.09 2.10 3.08 0.21 2.14 0.07 0.00 0.53 0.98 0.00 3.29 2.00 1.93 0.00 1.86 2.49 1.58 3.05 0.07 0.00 0.00 0.00 0.00 0.98 0.25 0.42 0.00 0.00 1.51 0.00 0.00 3.33 0.18 0.81
30 2.38 0.00 0.18 0.00 0.00 0.00 0.00 1.65 1.65 1.05 0.70 0.00 2.35 0.00 2.31 0.00 0.00 0.00 0.00 1.19 0.04 1.68 0.00 1.09 2.94 3.29 0.00 2.98 0.00 1.86 0.00 0.00 0.00 0.00 0.00 0.00 1.33 0.14 0.00 0.00 0.00 2.03 0.00 0.00 0.00 0.00 0.00 0.00 0.00 0.14
31 0.00 0.00 0.56 0.49 1.02 2.73 2.77 0.00 0.00 0.00 1.12 1.33 0.67 0.46 0.07 3.33 0.07 0.00 1.05 0.00 0.00 0.00 1.82 2.21 1.40 1.05 1.12 1.02 0.00 2.49 0.00 0.00 0.00 1.51 0.00 0.00 3.50 1.09 0.00 0.32 0.00 0.00 0.28 2.80 0.00 0.00 0.70 0.00 0.00 0.00
32 0.00 0.00 2.14 0.00 0.00 0.00 0.60 2.63 0.00 0.00 2.38 0.00 1.33 1.33 1.33 2.49 0.00 2.38 0.00 0.00 0.00 0.00 0.00 0.00 2.49 0.35 0.00 0.81 0.00 1.58 0.00 0.00 0.00 1.82 0.00 2.63 0.74 2.10 0.00 0.00 0.00 1.93 0.18 0.46 0.00 1.54 1.68 2.73 0.00 1.51
33 0.84 3.43 2.07 0.00 0.00 0.00 0.00 0.98 2.17 0.00 0.00 2.35 3.15 0.00 0.00 0.00 0.14 0.04 0.00 0.00 0.32 0.00 0.00 2.42 0.00 0.74 0.00 3.22 2.35 3.05 0.00 1.51 1.82 0.00 1.86 0.00 2.28 0.00 0.00 2.87 0.74 0.00 0.00 0.00 1.96 0.00 0.00 2.35 0.00 0.00
34 0.00 0.00 0.00 2.17 1.23 0.42 0.84 0.63 0.25 1.86 0.00 0.81 1.33 0.00 0.77 2.56 0.32 1.16 2.73 2.21 0.00 0.00 0.00 2.94 1.26 1.68 0.00 0.00 0.00 0.07 0.00 0.00 0.00 1.86 0.00 2.94 3.26 2.35 2.24 0.00 0.00 3.19 3.29 0.00 3.43 2.94 0.00 0.00 2.07 0.00
35 1.93 0.00 0.98 2.66 3.40 0.00 0.00 3.01 0.00 0.00 0.00 0.04 0.00 1.65 0.00 0.00 0.56 0.00 0.00 1.65 1.37 0.00 3.22 0.00 0.00 0.00 0.00 1.65 0.00 0.00 0.00 0.00 2.63 0.00 2.94 0.00 2.21 1.82 0.00 2.31 0.00 1.12 0.00 3.01 0.00 0.00 0.04 2.07 2.17 0.00
36 1.58 0.00 0.00 0.00 0.00 1.86 0.00 0.00 0.00 0.74 0.49 0.00 1.61 1.16 0.00 0.00 1.19 2.91 0.00 0.00 3.15 0.00 0.00 0.00 0.00 2.98 0.00 1.47 0.00 0.00 1.33 3.50 0.74 2.28 3.26 2.21 0.00 0.00 0.00 1.09 1.82 1.51 0.00 2.73 0.25 0.00 0.42 3.19 0.00 3.05
37 3.05 0.00 1.12 0.00 0.00 2.14 0.84 0.00 0.00 2.07 3.33 0.00 0.00 0.00 0.00 1.82 0.00 0.00 1.40 0.00 0.00 0.00 3.47 0.00 0.00 1.54 0.67 0.95 2.45 0.00 0.14 1.09 2.10 0.00 2.35 1.82 0.00 0.00 0.00 0.25 1.05 0.00 1.75 3.12 0.00 0.00 2.10 0.00 2.84 0.95
38 0.00 0.84 0.00 0.49 0.00 0.00 0.00 0.00 0.56 2.49 0.00 0.00 1.30 1.40 0.00 2.91 0.00 0.00 0.04 0.00 0.53 0.00 0.00 2.59 0.00 0.00 0.42 2.73 2.31 0.00 0.00 0.00 0.00 0.00 2.24 0.00 0.00 0.00 0.00 0.00 0.00 0.00 1.40 0.00 1.96 3.29 2.42 2.31 0.00 0.00
39 1.19 0.00 0.35 0.25 0.00 0.00 0.00 2.14 0.00 3.50 0.00 0.77 2.31 1.68 0.00 0.00 0.00 0.46 3.50 0.00 3.50 1.40 0.00 0.00 3.05 0.00 0.00 2.80 2.77 0.98 0.00 0.32 0.00 2.87 0.00 2.31 1.09 0.25 0.00 0.00 2.21 0.00 0.00 2.17 0.53 3.19 1.89 0.00 3.40 0.00
40 0.00 0.00 0.60 0.00 0.07 2.91 0.00 0.00 0.00 0.00 0.00 2.03 1.26 0.00 0.46 0.00 0.00 0.00 0.00 0.00 1.05 0.00 0.00 1.16 0.60 2.66 3.19 0.00 1.93 0.25 0.00 0.00 0.00 0.74 0.00 0.00 1.82 1.05 0.00 2.21 0.00 0.00 0.00 0.00 3.01 0.18 0.00 0.00 0.00 0.04
41 0.00 1.93 0.53 0.00 0.00 0.00 0.00 1.82 0.00 0.00 1.51 3.12 1.68 1.12 0.00 1.82 2.21 0.00 0.53 0.00 0.00 0.00 0.67 1.96 0.00 0.00 0.00 0.00 1.79 0.42 2.03 0.00 1.93 0.00 3.19 1.12 1.51 0.00 0.00 0.00 0.00 0.00 2.10 1.02 0.00 0.00 1.82 3.01 0.00 3.22
42 1.61 0.00 0.35 2.91 0.00 1.02 0.00 0.00 1.86 0.00 0.00 2.94 2.52 1.23 1.93 0.00 0.00 1.09 1.86 0.00 1.47 0.46 3.40 0.00 0.00 0.00 2.03 0.00 0.53 0.00 0.00 0.28 0.18 0.00 3.29 0.00 0.00 1.75 1.40 0.00 0.00 2.10 0.00 0.00 0.00 0.81 0.00 1.44 0.74 0.00
43 2.66 3.05 0.00 0.00 0.00 2.94 0.00 1.61 3.05 3.33 0.00 0.00 0.00 0.00 0.00 3.12 0.00 2.49 0.00 1.19 0.00 0.00 0.98 1.02 0.70 0.00 0.60 0.60 0.00 0.00 0.00 2.80 0.46 0.00 0.00 3.01 2.73 3.12 0.00 2.17 0.00 1.02 0.00 0.00 0.00 0.00 1.37 2.73 0.00 0.00
44 0.00 0.00 1.65 0.00 2.70 1.19 0.14 0.77 2.66 0.00 0.21 0.00 1.30 2.84 0.00 0.00 2.87 0.00 3.12 0.00 0.00 0.00 0.00 0.00 0.00 2.10 0.00 0.00 0.00 1.51 0.00 0.00 0.00 1.96 3.43 0.00 0.25 0.00 1.96 0.53 3.01 0.00 0.00 0.00 0.00 0.74 2.73 1.37 0.00 3.19
45 1.26 2.14 0.00 0.00 0.00 0.14 2.07 1.33 0.00 0.00 0.00 0.00 0.00 0.00 2.21 0.00 1.75 2.21 2.24 0.00 0.00 2.77 0.00 0.00 3.33 0.49 2.17 0.00 1.37 0.00 0.00 0.00 1.54 0.00 2.94 0.00 0.00 0.00 3.29 3.19 0.18 0.00 0.81 0.00 0.74 0.00 0.00 0.00 3.43 0.56
46 0.00 2.80 0.00 1.26 0.11 0.00 0.00 1.37 0.00 0.11 1.89 2.31 2.66 0.00 3.01 0.00 1.23 1.51 3.33 0.00 1.37 0.42 0.53 2.91 1.37 0.00 2.56 0.00 0.00 0.00 0.00 0.70 1.68 0.00 0.00 0.04 0.42 2.10 2.42 1.89 0.00 1.82 0.00 1.37 2.73 0.00 0.00 1.23 0.00 2.07
47 3.08 3.36 0.00 2.87 0.00 3.29 3.40 0.81 0.67 0.00 0.00 0.00 1.68 0.00 1.51 0.04 1.72 2.84 1.47 0.00 0.00 0.00 0.00 0.00 0.00 1.05 2.31 0.00 0.00 3.33 0.00 0.00 2.73 2.35 0.00 2.07 3.19 0.00 2.31 0.00 0.00 3.01 1.44 2.73 1.37 0.00 1.23 0.00 0.14 1.68
48 1.16 2.03 0.00 0.00 0.00 0.00 2.21 0.00 2.49 0.00 1.61 0.04 1.09 0.98 2.84 1.09 0.32 2.28 1.05 2.87 2.17 3.05 0.00 2.52 0.77 0.39 1.65 0.00 0.00 0.18 0.00 0.00 0.00 0.00 2.07 2.17 0.00 2.84 0.00 3.40 0.00 0.00 0.74 0.00 0.00 3.43 0.00 0.14 0.00 0.00
49 0.00 0.00 3.15 0.00 0.00 2.98 0.00 1.79 0.67 1.33 0.00 1.51 0.32 1.02 0.91 0.98 0.00 0.00 0.91 2.87 0.00 0.14 0.00 0.91 3.01 0.42 2.52 0.00 0.00 0.81 0.14 0.00 1.51 0.00 0.00 0.00 3.05 0.95 0.00 0.00 0.04 3.22 0.00 0.00 3.19 0.56 2.07 1.68 0.00 0.00

ITEMS
nominal_profits 30.00 0.00 0.00 4.00 0.00 40.00 61.00 74.00 14.00 0.00 0.00 51.00 0.00 65.00 0.00 0.00 96.00 1.00 0.00 0.00 79.00 26.00 29.00 17.00 0.00 93.00 81.00 0.00 18.00 0.00 58.00 21.00 0.00 0.00 0.00 45.00 31.00 41.00 58.00 0.00 85.00 88.00 0.00 17.00 0.00 39.00 79.00 52.00 0.00 0.00
weights 5 19 5 36 46 37 11 41 20 23 26 10 2 13 2 10 19 41 13 41 47 14 21 43 26 43 43 31 9 8 12 37 45 31 48 42 7 30 45 27 13 7 1 38 7 46 20 39 37 17
capacity 377
k_max 28

COMMENTS
original_pairwise_profits
0 0.00 0.00 81.00 0.00 61.00 3.00 48.00 78.00 0.00 0.00 0.00 0.00 16.00 0.00 0.00 0.00 71.00 13.00 9.00 0.00 0.00 0.00 0.00 56.00 63.00 0.00 0.00 26.00 0.00 55.00 68.00 0.00 0.00 24.00 0.00 55.00 45.00 87.00 0.00 34.00 0.00 0.00 46.00 76.00 0.00 36.00 0.00 88.00 33.00 0.00
1 0.00 0.00 11.00 14.00 0.00 0.00 0.00 0.00 73.00 60.00 0.00 90.00 96.00 25.00 0.00 0.00 0.00 48.00 0.00 0.00 36.00 0.00 0.00 0.00 62.00 0.00 0.00 25.00 55.00 29.00 0.00 0.00 0.00 98.00 0.00 0.00 0.00 0.00 24.00 0.00 0.00 55.00 0.00 87.00 0.00 61.00 80.00 96.00 58.00 0.00
2 81.00 11.00 0.00 0.00 0.00 0.00 13.00 0.00 4.00 0.00 64.00 0.00 35.00 51.00 0.00 27.00 46.00 0.00 68.00 0.00 0.00 0.00 43.00 12.00 60.00 0.00 8.00 0.00 56.00 100.00 5.00 16.00 61.00 59.00 0.00 28.00 0.00 32.00 0.00 10.00 17.00 15.00 10.00 0.00 47.00 0.00 0.00 0.00 0.00 90.00
3 0.00 14.00 0.00 0.00 74.00 93.00 8.00 0.00 0.00 0.00 0.00 0.00 0.00 14.00 0.00 0.00 39.00 51.00 0.00 82.00 0.00 29.00 72.00 0.00 0.00 0.00 0.00 27.00 68.00 0.00 0.00 14.00 0.00 0.00 62.00 76.00 0.00 0.00 14.00 7.00 0.00 0.00 83.00 0.00 0.00 0.00 36.00 82.00 0.00 0.00
4 61.00 0.00 0.00 74.00 0.00 89.00 0.00 0.00 0.00 81.00 0.00 0.00 94.00 0.00 0.00 87.00 99.00 0.00 12.00 77.00 0.00 0.00 83.00 0.00 0.00 15.00 80.00 6.00 87.00 0.00 0.00 29.00 0.00 0.00 35.00 97.00 0.00 0.00 0.00 0.00 2.00 0.00 0.00 0.00 77.00 0.00 3.00 0.00 0.00 0.00
5 3.00 0.00 0.00 93.00 89.00 0.00 32.00 0.00 22.00 39.00 90.00 0.00 98.00 0.00 15.00 75.00 49.00 0.00 0.00 44.00 0.00 83.00 1.00 1.00 0.00 94.00 21.00 74.00 23.00 53.00 0.00 78.00 0.00 0.00 12.00 0.00 53.00 61.00 0.00 0.00 83.00 0.00 29.00 84.00 34.00 4.00 0.00 94.00 0.00 85.00
6 48.00 0.00 13.00 8.00 0.00 32.00 0.00 0.00 20.00 39.00 0.00 0.00 0.00 23.00 38.00 0.00 96.00 0.00 0.00 51.00 13.00 71.00 53.00 0.00 94.00 0.00 67.00 0.00 0.00 0.00 0.00 79.00 17.00 0.00 24.00 0.00 0.00 24.00 0.00 0.00 0.00 0.00 0.00 0.00 4.00 59.00 0.00 97.00 63.00 0.00
7 78.00 0.00 0.00 0.00 0.00 0.00 0.00 0.00 13.00 15.00 0.00 27.00 0.00 0.00 48.00 76.00 41.00 0.00 51.00 0.00 76.00 11.00 0.00 0.00 0.00 84.00 0.00 0.00 0.00 0.00 47.00 0.00 75.00 28.00 18.00 86.00 0.00 0.00 0.00 61.00 0.00 52.00 0.00 46.00 22.00 38.00 39.00 23.00 0.00 51.00
8 0.00 73.00 4.00 0.00 0.00 22.00 20.00 13.00 0.00 67.00 23.00 56.00 0.00 21.00 16.00 0.00 0.00 0.00 20.00 99.00 76.00 0.00 67.00 87.00 72.00 95.00 0.00 80.00 87.00 48.00 47.00 0.00 0.00 62.00 7.00 0.00 0.00 0.00 16.00 0.00 0.00 0.00 53.00 87.00 76.00 0.00 0.00 19.00 71.00 19.00
9 0.00 60.00 0.00 0.00 81.00 39.00 39.00 15.00 67.00 0.00 18.00 97.00 0.00 1.00 0.00 16.00 84.00 0.00 0.00 0.00 0.00 64.00 0.00 0.00 87.00 0.00 53.00 39.00 92.00 0.00 30.00 0.00 0.00 0.00 53.00 0.00 21.00 59.00 71.00 100.00 0.00 0.00 0.00 95.00 0.00 0.00 3.00 0.00 0.00 38.00
10 0.00 0.00 64.00 0.00 0.00 90.00 0.00 0.00 23.00 18.00 0.00 0.00 28.00 45.00 0.00 25.00 83.00 0.00 0.00 0.00 0.00 0.00 55.00 0.00 37.00 0.00 0.00 86.00 60.00 22.00 20.00 32.00 68.00 0.00 0.00 0.00 14.00 95.00 0.00 0.00 0.00 43.00 0.00 0.00 6.00 0.00 54.00 0.00 46.00 0.00
11 0.00 90.00 0.00 0.00 0.00 0.00 0.00 27.00 56.00 97.00 0.00 0.00 87.00 26.00 3.00 22.00 0.00 0.00 0.00 0.00 60.00 0.00 0.00 0.00 0.00 29.00 1.00 78.00 0.00 19.00 0.00 38.00 0.00 67.00 23.00 1.00 0.00 0.00 0.00 22.00 58.00 89.00 84.00 0.00 0.00 0.00 66.00 0.00 1.00 43.00
12 16.00 96.00 35.00 0.00 94.00 98.00 0.00 0.00 0.00 0.00 28.00 87.00 0.00 0.00 0.00 0.00 0.00 0.00 0.00 0.00 48.00 65.00 0.00 97.00 0.00 55.00 0.00 59.00 0.00 0.00 67.00 19.00 38.00 90.00 38.00 0.00 46.00 0.00 37.00 66.00 36.00 48.00 72.00 0.00 37.00 0.00 76.00 48.00 31.00 9.00
13 0.00 25.00 51.00 14.00 0.00 0.00 23.00 0.00 21.00 1.00 45.00 26.00 0.00 0.00 0.00 89.00 0.00 20.00 17.00 0.00 85.00 8.00 34.00 0.00 0.00 0.00 0.00 90.00 21.00 0.00 0.00 13.00 38.00 0.00 0.00 47.00 33.00 0.00 40.00 48.00 0.00 32.00 35.00 0.00 81.00 0.00 0.00 0.00 28.00 29.00
14 0.00 0.00 0.00 0.00 0.00 15.00 38.00 48.00 16.00 0.00 0.00 3.00 0.00 0.00 0.00 0.00 53.00 91.00 39.00 0.00 4.00 44.00 14.00 0.00 42.00 42.00 58.00 0.00 0.00 85.00 66.00 2.00 38.00 0.00 22.00 0.00 0.00 0.00 0.00 0.00 13.00 0.00 55.00 0.00 0.00 63.00 86.00 43.00 81.00 26.00
15 0.00 0.00 27.00 0.00 87.00 75.00 0.00 76.00 0.00 16.00 25.00 22.00 0.00 89.00 0.00 0.00 0.00 75.00 0.00 30.00 1.00 15.00 70.00 0.00 0.00 0.00 40.00 0.00 0.00 72.00 0.00 95.00 71.00 0.00 73.00 0.00 0.00 52.00 83.00 0.00 0.00 52.00 0.00 89.00 0.00 0.00 0.00 1.00 31.00 28.00
16 71.00 0.00 46.00 39.00 99.00 49.00 96.00 41.00 0.00 84.00 83.00 0.00 0.00 0.00 53.00 0.00 0.00 73.00 82.00 0.00 66.00 0.00 0.00 0.00 3.00 0.00 0.00 0.00 0.00 31.00 0.00 2.00 0.00 4.00 9.00 16.00 34.00 0.00 0.00 0.00 0.00 63.00 0.00 0.00 82.00 50.00 35.00 49.00 9.00 0.00
17 13.00 48.00 0.00 51.00 0.00 0.00 0.00 0.00 0.00 0.00 0.00 0.00 0.00 20.00 91.00 75.00 73.00 0.00 0.00 97.00 50.00 9.00 67.00 0.00 89.00 73.00 30.00 83.00 0.00 60.00 0.00 0.00 68.00 1.00 33.00 0.00 83.00 0.00 0.00 13.00 0.00 0.00 31.00 71.00 0.00 63.00 43.00 81.00 65.00 0.00
18 9.00 0.00 68.00 0.00 12.00 0.00 0.00 51.00 20.00 0.00 0.00 0.00 0.00 17.00 39.00 0.00 82.00 0.00 0.00 97.00 0.00 35.00 0.00 49.00 15.00 0.00 0.00 0.00 0.00 88.00 0.00 30.00 0.00 0.00 78.00 0.00 0.00 40.00 1.00 100.00 0.00 15.00 53.00 0.00 89.00 64.00 95.00 42.00 30.00 26.00
19 0.00 0.00 0.00 82.00 77.00 44.00 51.00 0.00 99.00 0.00 0.00 0.00 0.00 0.00 0.00 30.00 0.00 97.00 97.00 0.00 0.00 0.00 0.00 92.00 12.00 0.00 91.00 53.00 0.00 6.00 34.00 0.00 0.00 0.00 63.00 47.00 0.00 0.00 0.00 0.00 0.00 0.00 0.00 34.00 0.00 0.00 0.00 0.00 82.00 82.00
20 0.00 36.00 0.00 0.00 0.00 0.00 13.00 76.00 76.00 0.00 0.00 60.00 48.00 85.00 4.00 1.00 66.00 50.00 0.00 0.00 0.00 0.00 56.00 0.00 33.00 56.00 0.00 21.00 0.00 61.00 1.00 0.00 0.00 9.00 0.00 39.00 90.00 0.00 15.00 100.00 30.00 0.00 42.00 0.00 0.00 0.00 39.00 0.00 62.00 0.00
21 0.00 0.00 0.00 29.00 0.00 83.00 71.00 11.00 0.00 64.00 0.00 0.00 65.00 8.00 44.00 15.00 0.00 9.00 35.00 0.00 0.00 0.00 34.00 0.00 81.00 0.00 11.00 0.00 36.00 2.00 48.00 0.00 0.00 0.00 0.00 0.00 0.00 0.00 0.00 40.00 0.00 0.00 13.00 0.00 0.00 79.00 12.00 0.00 87.00 4.00
22 0.00 0.00 43.00 72.00 83.00 1.00 53.00 0.00 67.00 0.00 55.00 0.00 0.00 34.00 14.00 70.00 0.00 67.00 0.00 0.00 56.00 34.00 0.00 0.00 0.00 47.00 33.00 0.00 0.00 0.00 0.00 52.00 0.00 0.00 0.00 92.00 0.00 99.00 0.00 0.00 0.00 19.00 97.00 28.00 0.00 0.00 15.00 0.00 0.00 0.00
23 56.00 0.00 12.00 0.00 0.00 1.00 0.00 0.00 87.00 0.00 0.00 0.00 97.00 0.00 0.00 0.00 0.00 0.00 49.00 92.00 0.00 0.00 0.00 0.00 93.00 95.00 75.00 0.00 0.00 15.00 31.00 63.00 0.00 69.00 84.00 0.00 0.00 0.00 74.00 0.00 33.00 56.00 0.00 29.00 0.00 0.00 83.00 0.00 72.00 26.00
24 63.00 62.00 60.00 0.00 0.00 0.00 94.00 0.00 72.00 87.00 37.00 0.00 0.00 0.00 42.00 0.00 3.00 89.00 15.00 12.00 33.00 81.00 0.00 93.00 0.00 0.00 21.00 88.00 0.00 28.00 84.00 40.00 71.00 0.00 36.00 0.00 0.00 0.00 0.00 87.00 17.00 0.00 0.00 20.00 0.00 95.00 39.00 0.00 22.00 86.00
25 0.00 0.00 0.00 0.00 15.00 94.00 0.00 84.00 95.00 0.00 0.00 29.00 55.00 0.00 42.00 0.00 0.00 73.00 0.00 0.00 56.00 0.00 47.00 95.00 0.00 0.00 0.00 23.00 87.00 0.00 94.00 30.00 10.00 21.00 48.00 0.00 85.00 44.00 0.00 0.00 76.00 0.00 0.00 0.00 60.00 14.00 0.00 30.00 11.00 12.00
26 0.00 0.00 8.00 0.00 80.00 21.00 67.00 0.00 0.00 53.00 0.00 1.00 0.00 0.00 58.00 40.00 0.00 30.00 0.00 91.00 0.00 11.00 33.00 75.00 21.00 0.00 0.00 77.00 0.00 94.00 0.00 32.00 0.00 0.00 0.00 0.00 0.00 19.00 12.00 0.00 91.00 0.00 58.00 17.00 0.00 62.00 73.00 66.00 47.00 72.00
27 26.00 25.00 0.00 27.00 6.00 74.00 0.00 0.00 80.00 39.00 86.00 78.00 59.00 90.00 0.00 0.00 0.00 83.00 0.00 53.00 21.00 0.00 0.00 0.00 88.00 23.00 77.00 0.00 12.00 57.00 85.00 29.00 23.00 92.00 0.00 47.00 42.00 27.00 78.00 80.00 0.00 0.00 0.00 17.00 0.00 0.00 0.00 0.00 0.00 0.00
28 0.00 55.00 56.00 68.00 87.00 23.00 0.00 0.00 87.00 92.00 60.00 0.00 0.00 21.00 0.00 0.00 0.00 0.00 0.00 0.00 0.00 36.00 0.00 0.00 0.00 87.00 0.00 12.00 0.00 55.00 0.00 0.00 0.00 67.00 0.00 0.00 0.00 70.00 66.00 79.00 55.00 51.00 15.00 0.00 0.00 39.00 0.00 0.00 0.00 0.00
29 55.00 29.00 100.00 0.00 0.00 53.00 0.00 0.00 48.00 0.00 22.00 19.00 0.00 0.00 85.00 72.00 31.00 60.00 88.00 6.00 61.00 2.00 0.00 15.00 28.00 0.00 94.00 57.00 55.00 0.00 53.00 71.00 45.00 87.00 2.00 0.00 0.00 0.00 0.00 28.00 7.00 12.00 0.00 0.00 43.00 0.00 0.00 95.00 5.00 23.00
30 68.00 0.00 5.00 0.00 0.00 0.00 0.00 47.00 47.00 30.00 20.00 0.00 67.00 0.00 66.00 0.00 0.00 0.00 0.00 34.00 1.00 48.00 0.00 31.00 84.00 94.00 0.00 85.00 0.00 53.00 0.00 0.00 0.00 0.00 0.00 0.00 38.00 4.00 0.00 0.00 0.00 58.00 0.00 0.00 0.00 0.00 0.00 0.00 0.00 4.00
31 0.00 0.00 16.00 14.00 29.00 78.00 79.00 0.00 0.00 0.00 32.00 38.00 19.00 13.00 2.00 95.00 2.00 0.00 30.00 0.00 0.00 0.00 52.00 63.00 40.00 30.00 32.00 29.00 0.00 71.00 0.00 0.00 0.00 43.00 0.00 0.00 100.00 31.00 0.00 9.00 0.00 0.00 8.00 80.00 0.00 0.00 20.00 0.00 0.00 0.00
32 0.00 0.00 61.00 0.00 0.00 0.00 17.00 75.00 0.00 0.00 68.00 0.00 38.00 38.00 38.00 71.00 0.00 68.00 0.00 0.00 0.00 0.00 0.00 0.00 71.00 10.00 0.00 23.00 0.00 45.00 0.00 0.00 0.00 52.00 0.00 75.00 21.00 60.00 0.00 0.00 0.00 55.00 5.00 13.00 0.00 44.00 48.00 78.00 0.00 43.00
33 24.00 98.00 59.00 0.00 0.00 0.00 0.00 28.00 62.00 0.00 0.00 67.00 90.00 0.00 0.00 0.00 4.00 1.00 0.00 0.00 9.00 0.00 0.00 69.00 0.00 21.00 0.00 92.00 67.00 87.00 0.00 43.00 52.00 0.00 53.00 0.00 65.00 0.00 0.00 82.00 21.00 0.00 0.00 0.00 56.00 0.00 0.00 67.00 0.00 0.00
34 0.00 0.00 0.00 62.00 35.00 12.00 24.00 18.00 7.00 53.00 0.00 23.00 38.00 0.00 22.00 73.00 9.00 33.00 78.00 63.00 0.00 0.00 0.00 84.00 36.00 48.00 0.00 0.00 0.00 2.00 0.00 0.00 0.00 53.00 0.00 84.00 93.00 67.00 64.00 0.00 0.00 91.00 94.00 0.00 98.00 84.00 0.00 0.00 59.00 0.00
35 55.00 0.00 28.00 76.00 97.00 0.00 0.00 86.00 0.00 0.00 0.00 1.00 0.00 47.00 0.00 0.00 16.00 0.00 0.00 47.00 39.00 0.00 92.00 0.00 0.00 0.00 0.00 47.00 0.00 0.00 0.00 0.00 75.00 0.00 84.00 0.00 63.00 52.00 0.00 66.00 0.00 32.00 0.00 86.00 0.00 0.00 1.00 59.00 62.00 0.00
36 45.00 0.00 0.00 0.00 0.00 53.00 0.00 0.00 0.00 21.00 14.00 0.00 46.00 33.00 0.00 0.00 34.00 83.00 0.00 0.00 90.00 0.00 0.00 0.00 0.00 85.00 0.00 42.00 0.00 0.00 38.00 100.00 21.00 65.00 93.00 63.00 0.00 0.00 0.00 31.00 52.00 43.00 0.00 78.00 7.00 0.00 12.00 91.00 0.00 87.00
37 87.00 0.00 32.00 0.00 0.00 61.00 24.00 0.00 0.00 59.00 95.00 0.00 0.00 0.00 0.00 52.00 0.00 0.00 40.00 0.00 0.00 0.00 99.00 0.00 0.00 44.00 19.00 27.00 70.00 0.00 4.00 31.00 60.00 0.00 67.00 52.00 0.00 0.00 0.00 7.00 30.00 0.00 50.00 89.00 0.00 0.00 60.00 0.00 81.00 27.00
38 0.00 24.00 0.00 14.00 0.00 0.00 0.00 0.00 16.00 71.00 0.00 0.00 37.00 40.00 0.00 83.00 0.00 0.00 1.00 0.00 15.00 0.00 0.00 74.00 0.00 0.00 12.00 78.00 66.00 0.00 0.00 0.00 0.00 0.00 64.00 0.00 0.00 0.00 0.00 0.00 0.00 0.00 40.00 0.00 56.00 94.00 69.00 66.00 0.00 0.00
39 34.00 0.00 10.00 7.00 0.00 0.00 0.00 61.00 0.00 100.00 0.00 22.00 66.00 48.00 0.00 0.00 0.00 13.00 100.00 0.00 100.00 40.00 0.00 0.00 87.00 0.00 0.00 80.00 79.00 28.00 0.00 9.00 0.00 82.00 0.00 66.00 31.00 7.00 0.00 0.00 63.00 0.00 0.00 62.00 15.00 91.00 54.00 0.00 97.00 0.00
40 0.00 0.00 17.00 0.00 2.00 83.00 0.00 0.00 0.00 0.00 0.00 58.00 36.00 0.00 13.00 0.00 0.00 0.00 0.00 0.00 30.00 0.00 0.00 33.00 17.00 76.00 91.00 0.00 55.00 7.00 0.00 0.00 0.00 21.00 0.00 0.00 52.00 30.00 0.00 63.00 0.00 0.00 0.00 0.00 86.00 5.00 0.00 0.00 0.00 1.00
41 0.00 55.00 15.00 0.00 0.00 0.00 0.00 52.00 0.00 0.00 43.00 89.00 48.00 32.00 0.00 52.00 63.00 0.00 15.00 0.00 0.00 0.00 19.00 56.00 0.00 0.00 0.00 0.00 51.00 12.00 58.00 0.00 55.00 0.00 91.00 32.00 43.00 0.00 0.00 0.00 0.00 0.00 60.00 29.00 0.00 0.00 52.00 86.00 0.00 92.00
42 46.00 0.00 10.00 83.00 0.00 29.00 0.00 0.00 53.00 0.00 0.00 84.00 72.00 35.00 55.00 0.00 0.00 31.00 53.00 0.00 42.00 13.00 97.00 0.00 0.00 0.00 58.00 0.00 15.00 0.00 0.00 8.00 5.00 0.00 94.00 0.00 0.00 50.00 40.00 0.00 0.00 60.00 0.00 0.00 0.00 23.00 0.00 41.00 21.00 0.00
43 76.00 87.00 0.00 0.00 0.00 84.00 0.00 46.00 87.00 95.00 0.00 0.00 0.00 0.00 0.00 89.00 0.00 71.00 0.00 34.00 0.00 0.00 28.00 29.00 20.00 0.00 17.00 17.00 0.00 0.00 0.00 80.00 13.00 0.00 0.00 86.00 78.00 89.00 0.00 62.00 0.00 29.00 0.00 0.00 0.00 0.00 39.00 78.00 0.00 0.00
44 0.00 0.00 47.00 0.00 77.00 34.00 4.00 22.00 76.00 0.00 6.00 0.00 37.00 81.00 0.00 0.00 82.00 0.00 89.00 0.00 0.00 0.00 0.00 0.00 0.00 60.00 0.00 0.00 0.00 43.00 0.00 0.00 0.00 56.00 98.00 0.00 7.00 0.00 56.00 15.00 86.00 0.00 0.00 0.00 0.00 21.00 78.00 39.00 0.00 91.00
45 36.00 61.00 0.00 0.00 0.00 4.00 59.00 38.00 0.00 0.00 0.00 0.00 0.00 0.00 63.00 0.00 50.00 63.00 64.00 0.00 0.00 79.00 0.00 0.00 95.00 14.00 62.00 0.00 39.00 0.00 0.00 0.00 44.00 0.00 84.00 0.00 0.00 0.00 94.00 91.00 5.00 0.00 23.00 0.00 21.00 0.00 0.00 0.00 98.00 16.00
46 0.00 80.00 0.00 36.00 3.00 0.00 0.00 39.00 0.00 3.00 54.00 66.00 76.00 0.00 86.00 0.00 35.00 43.00 95.00 0.00 39.00 12.00 15.00 83.00 39.00 0.00 73.00 0.00 0.00 0.00 0.00 20.00 48.00 0.00 0.00 1.00 12.00 60.00 69.00 54.00 0.00 52.00 0.00 39.00 78.00 0.00 0.00 35.00 0.00 59.00
47 88.00 96.00 0.00 82.00 0.00 94.00 97.00 23.00 19.00 0.00 0.00 0.00 48.00 0.00 43.00 1.00 49.00 81.00 42.00 0.00 0.00 0.00 0.00 0.00 0.00 30.00 66.00 0.00 0.00 95.00 0.00 0.00 78.00 67.00 0.00 59.00 91.00 0.00 66.00 0.00 0.00 86.00 41.00 78.00 39.00 0.00 35.00 0.00 4.00 48.00
48 33.00 58.00 0.00 0.00 0.00 0.00 63.00 0.00 71.00 0.00 46.00 1.00 31.00 28.00 81.00 31.00 9.00 65.00 30.00 82.00 62.00 87.00 0.00 72.00 22.00 11.00 47.00 0.00 0.00 5.00 0.00 0.00 0.00 0.00 59.00 62.00 0.00 81.00 0.00 97.00 0.00 0.00 21.00 0.00 0.00 98.00 0.00 4.00 0.00 0.00
49 0.00 0.00 90.00 0.00 0.00 85.00 0.00 51.00 19.00 38.00 0.00 43.00 9.00 29.00 26.00 28.00 0.00 0.00 26.00 82.00 0.00 4.00 0.00 26.00 86.00 12.00 72.00 0.00 0.00 23.00 4.00 0.00 43.00 0.00 0.00 0.00 87.00 27.00 0.00 0.00 1.00 92.00 0.00 0.00 91.00 16.00 59.00 48.00 0.00 0.00
mcp_obj 28
mcp_gap 0
mcp_x 1 1 1 0 0 0 1 0 1 1 1 1 1 1 1 1 1 0 1 0 0 1 1 0 1 0 0 0 1 1 1 0 0 0 0 0 1 0 0 1 1 1 1 0 1 0 1 0 0 1
