NAME N50_rc_0.7_rGamma_1_dc_0.035_dGamma_0.0005_jeu_50_50_4.txt
NUM_ITEMS 50
SOURCE jeu_50_50_4
PARAMETERS
r_c 0.7
r_Gamma 1
d_c 0.035
d_Gamma 0.0005

BOUNDS
c_lb 0.00
c_ub 93.78
Gamma_lb 4
Gamma_ub 11
B_i_1_lb 0.00 0.00 0.00 0.00 0.00 0.00 0.00 0.00 0.00 0.00 0.00 0.00 0.00 0.00 0.00 0.00 0.00 0.00 0.00 0.00 0.00 0.00 0.00 0.00 0.00 0.00 0.00 0.00 0.00 0.00 0.00 0.00 0.00 0.00 0.00 0.00 0.00 0.00 0.00 0.00 0.00 0.00 0.00 0.00 0.00 0.00 0.00 0.00 0.00 0.00
B_i_1_ub 25.46 24.42 25.52 23.75 21.15 27.99 24.75 21.13 23.43 18.68 21.37 18.50 16.71 21.83 21.12 19.63 21.08 15.53 20.32 20.11 23.46 23.95 21.43 18.46 25.05 24.53 17.20 29.56 20.78 28.68 22.39 18.85 19.22 19.88 20.78 25.93 19.49 28.61 31.08 21.60 26.91 24.71 17.28 22.49 15.38 18.98 24.41 20.59 15.14 20.77
B_i_0_lb 0.00 0.00 0.00 0.00 0.00 0.00 0.00 0.00 0.00 0.00 0.00 0.00 0.00 0.00 0.00 0.00 0.00 0.00 0.00 0.00 0.00 0.00 0.00 0.00 0.00 0.00 0.00 0.00 0.00 0.00 0.00 0.00 0.00 0.00 0.00 0.00 0.00 0.00 0.00 0.00 0.00 0.00 0.00 0.00 0.00 0.00 0.00 0.00 0.00 0.00
B_i_0_ub 28.43 27.01 25.70 24.14 27.60 28.41 27.69 24.21 23.82 22.89 23.27 20.42 19.89 25.68 23.99 22.89 22.03 18.93 24.63 22.11 25.18 25.07 24.41 19.41 26.07 28.91 21.68 31.42 21.62 31.41 22.88 18.85 21.22 22.76 22.71 27.82 23.26 31.03 33.71 25.73 31.29 26.36 20.50 23.85 17.48 20.87 26.41 25.96 17.24 21.51
c_i_1_lb 18.90 0.00 66.50 6.30 11.20 0.00 4.20 42.00 0.00 7.00 0.00 32.90 0.00 32.90 0.00 0.00 23.80 53.90 10.50 0.00 68.60 0.00 0.00 0.00 33.60 2.80 0.00 25.20 0.00 0.00 65.10 0.00 0.00 0.00 0.00 17.50 0.00 3.50 48.30 0.00 23.80 0.00 0.00 58.80 39.90 0.00 9.80 0.00 0.00 58.80
c_i_1_ub 44.36 24.42 92.02 30.05 32.35 27.99 28.95 63.13 23.43 25.68 21.37 51.40 16.71 54.73 21.12 19.63 44.88 69.43 30.82 20.11 92.06 23.95 21.43 18.46 58.65 27.33 17.20 54.76 20.78 28.68 87.49 18.85 19.22 19.88 20.78 43.43 19.49 32.11 79.38 21.60 50.71 24.71 17.28 81.29 55.28 18.98 34.21 20.59 15.14 79.57
c_i_0_lb 18.90 0.00 66.50 6.30 11.20 0.00 4.20 42.00 0.00 7.00 0.00 32.90 0.00 32.90 0.00 0.00 23.80 53.90 10.50 0.00 68.60 0.00 0.00 0.00 33.60 2.80 0.00 25.20 0.00 0.00 65.10 0.00 0.00 0.00 0.00 17.50 0.00 3.50 48.30 0.00 23.80 0.00 0.00 58.80 39.90 0.00 9.80 0.00 0.00 58.80
c_i_0_ub 47.33 27.01 92.20 30.44 38.80 28.41 31.89 66.21 23.82 29.89 23.27 53.32 19.89 58.58 23.99 22.89 45.83 72.83 35.13 22.11 93.78 25.07 24.41 19.41 59.67 31.71 21.68 56.62 21.62 31.41 87.98 18.85 21.22 22.76 22.71 45.32 23.26 34.53 82.01 25.73 55.09 26.36 20.50 82.65 57.38 20.87 36.21 25.96 17.24 80.31
c_1_lb 0.00
c_1_ub 92.06
c_0_lb 0.00
c_0_ub 93.78

BOUND_TIMES
k_max_time 0.000996
Gamma_ub_time 0.000257
B_i_1_lb_time 0.002249
B_i_1_ub_time 0.008064
B_i_0_lb_time 0.002281
B_i_0_ub_time 0.007609

DDRO_PARAMETERS
a_0 4
b_0i 0 0 1 0 1 1 0 0 0 1 0 0 0 0 0 0 0 0 0 0 0 0 0 0 0 0 0 1 0 1 0 0 0 0 0 0 0 1 1 0 0 0 0 0 0 0 0 1 0 0
a_i 18.90 0.00 66.50 6.30 11.20 0.00 4.20 42.00 0.00 7.00 0.00 32.90 0.00 32.90 0.00 0.00 23.80 53.90 10.50 0.00 68.60 0.00 0.00 0.00 33.60 2.80 0.00 25.20 0.00 0.00 65.10 0.00 0.00 0.00 0.00 17.50 0.00 3.50 48.30 0.00 23.80 0.00 0.00 58.80 39.90 0.00 9.80 0.00 0.00 58.80
b_ij
0 0.00 0.00 0.00 0.00 0.00 2.66 3.43 0.00 1.79 1.19 3.19 0.00 0.56 0.00 0.00 0.00 0.00 0.00 0.00 0.00 0.21 0.00 0.53 0.32 3.22 0.00 0.70 2.87 0.00 0.88 0.95 0.00 2.73 2.42 0.88 3.47 2.87 0.28 3.08 1.47 1.96 3.22 1.16 0.00 0.00 0.00 3.29 0.00 0.00 0.32
1 0.00 0.00 0.00 0.00 0.81 2.28 0.91 0.00 0.88 1.89 1.82 2.73 1.37 0.00 0.00 0.00 2.52 2.07 0.00 0.56 1.72 2.07 0.00 0.00 2.21 1.12 0.00 1.12 0.00 0.00 0.00 0.07 2.59 0.00 0.00 0.95 2.24 2.80 1.33 2.77 0.00 0.00 2.35 2.87 0.00 2.94 0.00 0.00 0.00 3.05
2 0.00 0.00 0.00 1.19 3.29 0.53 0.00 0.21 0.00 1.09 0.00 0.84 0.00 3.40 1.47 0.00 2.52 0.04 1.47 1.37 0.00 0.00 0.46 0.00 3.50 1.30 2.03 2.59 3.43 2.77 0.18 0.00 0.00 0.00 2.00 3.08 2.28 2.80 2.52 0.00 3.26 2.52 0.00 0.00 0.00 2.03 0.00 0.00 0.00 1.33
3 0.00 0.00 1.19 0.00 0.00 0.56 1.86 3.33 0.00 0.00 0.00 0.00 0.25 2.03 2.73 1.09 0.00 0.00 0.74 2.94 3.36 0.00 1.40 0.00 3.26 3.19 2.31 2.66 0.00 2.42 1.09 0.00 1.26 0.00 0.35 0.00 0.00 0.00 2.94 0.00 0.00 1.30 2.42 0.00 0.00 2.98 2.77 0.00 0.00 0.00
4 0.00 0.81 3.29 0.00 0.00 0.32 3.36 3.12 0.00 0.00 2.45 3.40 0.14 0.00 0.00 0.00 0.00 0.00 0.00 1.44 1.96 2.59 1.47 0.39 0.00 0.00 3.22 1.86 1.79 3.19 3.15 0.00 0.00 0.00 0.00 0.00 1.44 0.00 1.96 2.63 0.84 2.35 2.73 0.00 1.47 0.32 2.38 1.79 0.00 2.91
5 2.66 2.28 0.53 0.56 0.32 0.00 2.77 0.00 3.01 0.60 2.70 0.00 1.09 0.00 0.00 1.05 0.00 2.24 0.77 0.00 0.00 1.33 2.45 0.00 1.89 2.45 0.42 1.75 0.00 0.00 2.49 2.38 0.00 0.00 0.00 0.00 0.00 2.49 2.07 0.46 2.80 0.56 0.00 3.36 0.00 0.77 0.00 3.26 0.88 2.38
6 3.43 0.91 0.00 1.86 3.36 2.77 0.00 0.00 0.00 2.00 2.56 2.94 1.72 0.00 0.00 0.00 0.00 1.79 0.00 0.14 0.07 1.23 1.58 1.37 0.00 2.10 0.00 2.84 1.09 0.39 2.42 1.51 3.19 0.00 1.68 1.68 0.00 0.00 0.00 0.00 2.42 0.00 0.00 0.00 0.25 0.00 2.49 0.00 0.00 0.00
7 0.00 0.00 0.21 3.33 3.12 0.00 0.00 0.00 0.00 0.00 2.42 0.00 0.88 3.15 1.72 0.00 0.81 0.00 1.82 0.60 0.00 0.00 3.08 0.00 0.49 0.00 2.03 0.67 2.17 0.00 0.07 2.38 0.00 0.00 0.00 0.11 3.43 2.84 2.91 0.74 0.00 0.00 0.00 0.00 0.60 3.01 0.00 2.84 0.00 1.05
8 1.79 0.88 0.00 0.00 0.00 3.01 0.00 0.00 0.00 2.42 0.00 0.00 0.00 0.00 0.00 0.00 0.00 0.32 0.00 0.63 0.00 3.15 0.70 3.08 0.00 0.00 0.00 3.50 0.00 0.39 3.05 0.00 0.00 0.46 0.74 0.00 0.00 1.72 0.00 0.00 3.50 2.35 2.00 0.39 0.00 0.00 0.00 3.05 0.35 0.00
9 1.19 1.89 1.09 0.00 0.00 0.60 2.00 0.00 2.42 0.00 0.00 0.00 1.30 3.43 1.44 3.19 0.00 1.51 2.91 0.00 0.00 0.00 0.00 0.00 0.00 0.00 1.12 3.47 0.00 1.47 0.00 2.66 2.31 0.00 0.00 0.00 3.40 3.22 1.16 1.89 2.24 0.00 1.72 0.81 0.00 0.00 2.07 3.22 0.00 0.84
10 3.19 1.82 0.00 0.00 2.45 2.70 2.56 2.42 0.00 0.00 0.00 0.95 0.84 0.00 2.66 2.56 0.00 1.12 0.00 3.36 0.00 1.16 0.00 0.00 0.00 3.40 0.00 3.33 1.51 0.00 2.73 0.00 0.00 0.00 2.73 0.00 0.00 0.28 1.68 0.00 0.00 0.11 0.56 0.00 1.23 0.95 1.40 1.68 0.00 0.00
11 0.00 2.73 0.84 0.00 3.40 0.00 2.94 0.00 0.00 0.00 0.95 0.00 2.87 0.07 0.00 0.00 0.00 0.00 0.49 1.30 0.04 0.00 0.00 0.00 3.40 2.98 1.61 1.86 1.79 1.72 0.00 0.00 0.42 0.00 0.00 0.00 2.07 3.22 2.77 0.00 0.00 1.40 0.00 0.00 1.19 2.59 0.00 0.00 2.38 0.00
12 0.56 1.37 0.00 0.25 0.14 1.09 1.72 0.88 0.00 1.30 0.84 2.87 0.00 2.59 0.00 0.67 0.00 1.40 0.21 0.00 0.00 1.05 0.00 0.35 0.00 0.00 0.04 2.03 0.00 1.75 0.00 0.00 0.00 1.96 0.74 1.19 3.12 0.00 1.12 1.58 0.00 0.46 2.03 2.77 3.36 2.03 3.15 3.33 0.00 0.00
13 0.00 0.00 3.40 2.03 0.00 0.00 0.00 3.15 0.00 3.43 0.00 0.07 2.59 0.00 0.00 1.37 3.19 0.00 0.14 1.16 0.00 0.04 0.00 0.67 0.00 0.00 1.12 0.00 0.00 3.36 0.00 1.51 0.00 2.42 0.00 3.01 0.00 2.63 0.56 2.80 0.98 0.00 0.00 2.24 1.12 0.00 0.00 2.10 0.67 0.00
14 0.00 0.00 1.47 2.73 0.00 0.00 0.00 1.72 0.00 1.44 2.66 0.00 0.00 0.00 0.00 3.26 0.00 0.00 0.00 0.00 0.00 0.00 0.21 2.63 1.47 0.00 0.00 0.00 0.00 0.00 0.00 0.00 0.00 0.00 1.54 2.91 2.87 0.00 3.01 0.00 0.00 0.00 1.93 0.91 3.33 0.00 0.00 1.12 0.00 0.00
15 0.00 0.00 0.00 1.09 0.00 1.05 0.00 0.00 0.00 3.19 2.56 0.00 0.67 1.37 3.26 0.00 2.63 0.00 2.17 0.00 0.00 0.00 0.95 0.00 1.51 2.87 0.67 0.00 2.73 0.32 2.31 0.46 1.05 0.04 2.38 0.00 0.63 0.00 0.00 0.91 0.00 0.74 0.00 0.00 0.00 0.00 0.00 2.91 1.68 2.91
16 0.00 2.52 2.52 0.00 0.00 0.00 0.00 0.81 0.00 0.00 0.00 0.00 0.00 3.19 0.00 2.63 0.00 0.00 0.00 0.00 0.81 0.00 0.00 0.00 0.00 0.00 0.00 1.75 0.00 0.00 0.00 1.82 0.00 2.94 0.42 0.53 3.47 2.73 2.63 0.00 2.21 2.80 0.60 3.12 0.00 0.00 1.26 0.00 0.00 0.74
17 0.00 2.07 0.04 0.00 0.00 2.24 1.79 0.00 0.32 1.51 1.12 0.00 1.40 0.00 0.00 0.00 0.00 0.00 0.00 0.00 1.93 0.00 2.21 0.00 0.00 2.14 0.00 3.36 0.00 1.54 2.14 0.00 0.00 1.65 0.00 0.00 0.14 0.00 1.89 0.00 0.00 0.35 0.00 1.05 0.04 0.00 2.42 2.14 0.98 0.21
18 0.00 0.00 1.47 0.74 0.00 0.77 0.00 1.82 0.00 2.91 0.00 0.49 0.21 0.14 0.00 2.17 0.00 0.00 0.00 2.00 3.26 2.98 0.00 0.00 1.23 0.00 2.00 0.49 0.00 0.00 3.36 0.63 1.86 3.01 0.00 0.88 3.33 0.77 2.31 0.00 3.19 0.70 2.49 2.87 0.00 0.00 0.00 2.28 0.00 0.00
19 0.00 0.56 1.37 2.94 1.44 0.00 0.14 0.60 0.63 0.00 3.36 1.30 0.00 1.16 0.00 0.00 0.00 0.00 2.00 0.00 0.00 1.68 3.22 0.04 0.00 2.17 2.94 0.00 0.00 1.75 0.00 0.00 2.00 0.00 1.65 0.63 0.74 2.42 0.00 0.00 0.39 0.00 0.00 0.32 0.00 0.70 2.98 3.43 0.00 1.51
20 0.21 1.72 0.00 3.36 1.96 0.00 0.07 0.00 0.00 0.00 0.00 0.04 0.00 0.00 0.00 0.00 0.81 1.93 3.26 0.00 0.00 2.45 2.52 0.00 0.74 0.00 0.00 0.67 0.11 0.00 0.00 1.47 0.00 0.00 0.00 2.77 0.00 3.01 3.29 0.00 0.00 3.15 0.11 3.15 0.74 0.00 0.53 0.00 2.59 0.00
21 0.00 2.07 0.00 0.00 2.59 1.33 1.23 0.00 3.15 0.00 1.16 0.00 1.05 0.04 0.00 0.00 0.00 0.00 2.98 1.68 2.45 0.00 2.94 3.15 1.72 0.00 0.11 0.00 0.00 2.84 0.00 1.26 0.00 2.17 1.40 2.80 0.00 1.89 0.00 2.24 3.26 0.00 1.19 0.00 1.61 0.32 0.77 1.02 0.32 2.31
22 0.53 0.00 0.46 1.40 1.47 2.45 1.58 3.08 0.70 0.00 0.00 0.00 0.00 0.00 0.21 0.95 0.00 2.21 0.00 3.22 2.52 2.94 0.00 1.33 2.38 0.00 3.47 1.33 0.53 0.00 0.00 0.00 1.02 0.49 1.75 2.07 1.40 0.00 0.60 0.00 2.63 0.00 3.01 1.86 2.28 0.00 0.00 0.00 0.00 0.00
23 0.32 0.00 0.00 0.00 0.39 0.00 1.37 0.00 3.08 0.00 0.00 0.00 0.35 0.67 2.63 0.00 0.00 0.00 0.00 0.04 0.00 3.15 1.33 0.00 0.00 2.28 0.00 0.00 0.00 0.98 0.00 0.00 3.50 0.00 2.63 0.00 1.96 0.00 0.00 0.00 3.47 0.00 0.25 0.00 0.39 0.00 1.54 0.00 0.00 0.95
24 3.22 2.21 3.50 3.26 0.00 1.89 0.00 0.49 0.00 0.00 0.00 3.40 0.00 0.00 1.47 1.51 0.00 0.00 1.23 0.00 0.74 1.72 2.38 0.00 0.00 0.00 1.68 0.00 0.00 1.89 0.00 1.30 0.00 0.07 0.00 0.00 0.00 3.05 0.00 1.86 0.00 2.35 0.00 0.00 0.00 0.00 0.00 0.00 1.75 0.84
25 0.00 1.12 1.30 3.19 0.00 2.45 2.10 0.00 0.00 0.00 3.40 2.98 0.00 0.00 0.00 2.87 0.00 2.14 0.00 2.17 0.00 0.00 0.00 2.28 0.00 0.00 0.00 0.00 0.00 0.00 0.00 0.91 2.80 1.33 0.00 1.89 0.74 0.00 0.00 0.00 0.00 3.15 0.00 0.95 0.00 0.00 0.00 3.40 0.00 3.33
26 0.70 0.00 2.03 2.31 3.22 0.42 0.00 2.03 0.00 1.12 0.00 1.61 0.04 1.12 0.00 0.67 0.00 0.00 2.00 2.94 0.00 0.11 3.47 0.00 1.68 0.00 0.00 2.52 0.77 1.82 0.00 0.67 3.26 0.00 0.00 0.00 0.00 0.25 0.00 0.00 0.32 0.00 0.00 0.00 2.17 0.11 0.00 0.88 0.00 0.00
27 2.87 1.12 2.59 2.66 1.86 1.75 2.84 0.67 3.50 3.47 3.33 1.86 2.03 0.00 0.00 0.00 1.75 3.36 0.49 0.00 0.67 0.00 1.33 0.00 0.00 0.00 2.52 0.00 0.00 1.54 0.00 3.33 0.00 0.00 0.00 0.00 0.00 2.07 1.05 3.05 3.40 0.00 0.28 2.87 2.21 0.77 0.00 0.00 0.00 0.00
28 0.00 0.00 3.43 0.00 1.79 0.00 1.09 2.17 0.00 0.00 1.51 1.79 0.00 0.00 0.00 2.73 0.00 0.00 0.00 0.00 0.11 0.00 0.53 0.00 0.00 0.00 0.77 0.00 0.00 2.73 0.00 0.00 0.00 0.00 0.00 3.19 0.00 3.08 0.63 3.19 0.00 0.00 0.00 2.42 0.39 0.00 2.63 0.00 0.00 0.00
29 0.88 0.00 2.77 2.42 3.19 0.00 0.39 0.00 0.39 1.47 0.00 1.72 1.75 3.36 0.00 0.32 0.00 1.54 0.00 1.75 0.00 2.84 0.00 0.98 1.89 0.00 1.82 1.54 2.73 0.00 2.70 2.21 3.19 0.95 1.12 0.00 0.00 0.00 0.00 0.00 1.40 1.30 3.01 2.56 0.00 0.32 2.70 0.00 0.00 2.28
30 0.95 0.00 0.18 1.09 3.15 2.49 2.42 0.07 3.05 0.00 2.73 0.00 0.00 0.00 0.00 2.31 0.00 2.14 3.36 0.00 0.00 0.00 0.00 0.00 0.00 0.00 0.00 0.00 0.00 2.70 0.00 0.00 0.00 0.00 0.00 0.00 0.00 0.11 3.12 1.09 0.00 0.00 0.00 0.00 2.87 0.00 3.50 3.15 0.00 0.00
31 0.00 0.07 0.00 0.00 0.00 2.38 1.51 2.38 0.00 2.66 0.00 0.00 0.00 1.51 0.00 0.46 1.82 0.00 0.63 0.00 1.47 1.26 0.00 0.00 1.30 0.91 0.67 3.33 0.00 2.21 0.00 0.00 0.00 0.00 3.05 0.60 1.51 0.84 2.14 2.45 0.00 1.16 3.33 0.00 0.00 0.00 0.00 0.00 0.00 0.00
32 2.73 2.59 0.00 1.26 0.00 0.00 3.19 0.00 0.00 2.31 0.00 0.42 0.00 0.00 0.00 1.05 0.00 0.00 1.86 2.00 0.00 0.00 1.02 3.50 0.00 2.80 3.26 0.00 0.00 3.19 0.00 0.00 0.00 0.00 0.00 2.45 0.07 0.00 1.65 0.00 0.00 0.00 0.00 1.61 0.04 1.89 0.25 0.00 0.00 0.00
33 2.42 0.00 0.00 0.00 0.00 0.00 0.00 0.00 0.46 0.00 0.00 0.00 1.96 2.42 0.00 0.04 2.94 1.65 3.01 0.00 0.00 2.17 0.49 0.00 0.07 1.33 0.00 0.00 0.00 0.95 0.00 0.00 0.00 0.00 3.08 0.00 0.00 3.01 3.36 0.00 1.51 1.44 0.14 3.22 0.00 1.16 2.10 1.72 0.00 0.00
34 0.88 0.00 2.00 0.35 0.00 0.00 1.68 0.00 0.74 0.00 2.73 0.00 0.74 0.00 1.54 2.38 0.42 0.00 0.00 1.65 0.00 1.40 1.75 2.63 0.00 0.00 0.00 0.00 0.00 1.12 0.00 3.05 0.00 3.08 0.00 2.98 0.00 0.00 0.00 0.00 2.91 1.65 0.28 0.00 0.00 1.19 0.00 0.77 0.00 0.00
35 3.47 0.95 3.08 0.00 0.00 0.00 1.68 0.11 0.00 0.00 0.00 0.00 1.19 3.01 2.91 0.00 0.53 0.00 0.88 0.63 2.77 2.80 2.07 0.00 0.00 1.89 0.00 0.00 3.19 0.00 0.00 0.60 2.45 0.00 2.98 0.00 0.00 0.00 3.40 0.00 0.00 0.00 0.00 0.88 1.82 1.47 2.59 1.51 0.98 2.94
36 2.87 2.24 2.28 0.00 1.44 0.00 0.00 3.43 0.00 3.40 0.00 2.07 3.12 0.00 2.87 0.63 3.47 0.14 3.33 0.74 0.00 0.00 1.40 1.96 0.00 0.74 0.00 0.00 0.00 0.00 0.00 1.51 0.07 0.00 0.00 0.00 0.00 2.14 0.00 1.82 0.00 1.75 1.16 0.00 0.00 2.63 0.60 0.00 0.00 0.00
37 0.28 2.80 2.80 0.00 0.00 2.49 0.00 2.84 1.72 3.22 0.28 3.22 0.00 2.63 0.00 0.00 2.73 0.00 0.77 2.42 3.01 1.89 0.00 0.00 3.05 0.00 0.25 2.07 3.08 0.00 0.11 0.84 0.00 3.01 0.00 0.00 2.14 0.00 0.00 3.33 0.74 1.61 0.00 0.00 0.00 1.89 0.46 0.00 0.00 2.87
38 3.08 1.33 2.52 2.94 1.96 2.07 0.00 2.91 0.00 1.16 1.68 2.77 1.12 0.56 3.01 0.00 2.63 1.89 2.31 0.00 3.29 0.00 0.60 0.00 0.00 0.00 0.00 1.05 0.63 0.00 3.12 2.14 1.65 3.36 0.00 3.40 0.00 0.00 0.00 0.00 0.00 1.12 1.58 2.84 1.30 1.16 1.75 2.87 1.75 0.00
39 1.47 2.77 0.00 0.00 2.63 0.46 0.00 0.74 0.00 1.89 0.00 0.00 1.58 2.80 0.00 0.91 0.00 0.00 0.00 0.00 0.00 2.24 0.00 0.00 1.86 0.00 0.00 3.05 3.19 0.00 1.09 2.45 0.00 0.00 0.00 0.00 1.82 3.33 0.00 0.00 0.00 1.89 0.00 0.00 0.00 0.00 0.00 2.03 0.00 3.40
40 1.96 0.00 3.26 0.00 0.84 2.80 2.42 0.00 3.50 2.24 0.00 0.00 0.00 0.98 0.00 0.00 2.21 0.00 3.19 0.39 0.00 3.26 2.63 3.47 0.00 0.00 0.32 3.40 0.00 1.40 0.00 0.00 0.00 1.51 2.91 0.00 0.00 0.74 0.00 0.00 0.00 0.77 0.00 2.10 0.00 0.25 0.00 0.95 0.46 0.00
41 3.22 0.00 2.52 1.30 2.35 0.56 0.00 0.00 2.35 0.00 0.11 1.40 0.46 0.00 0.00 0.74 2.80 0.35 0.70 0.00 3.15 0.00 0.00 0.00 2.35 3.15 0.00 0.00 0.00 1.30 0.00 1.16 0.00 1.44 1.65 0.00 1.75 1.61 1.12 1.89 0.77 0.00 2.07 1.23 1.16 0.00 1.86 0.49 0.00 2.21
42 1.16 2.35 0.00 2.42 2.73 0.00 0.00 0.00 2.00 1.72 0.56 0.00 2.03 0.00 1.93 0.00 0.60 0.00 2.49 0.00 0.11 1.19 3.01 0.25 0.00 0.00 0.00 0.28 0.00 3.01 0.00 3.33 0.00 0.14 0.28 0.00 1.16 0.00 1.58 0.00 0.00 2.07 0.00 0.00 1.33 2.10 1.09 2.00 1.19 0.00
43 0.00 2.87 0.00 0.00 0.00 3.36 0.00 0.00 0.39 0.81 0.00 0.00 2.77 2.24 0.91 0.00 3.12 1.05 2.87 0.32 3.15 0.00 1.86 0.00 0.00 0.95 0.00 2.87 2.42 2.56 0.00 0.00 1.61 3.22 0.00 0.88 0.00 0.00 2.84 0.00 2.10 1.23 0.00 0.00 0.35 1.30 1.47 0.00 1.93 0.32
44 0.00 0.00 0.00 0.00 1.47 0.00 0.25 0.60 0.00 0.00 1.23 1.19 3.36 1.12 3.33 0.00 0.00 0.04 0.00 0.00 0.74 1.61 2.28 0.39 0.00 0.00 2.17 2.21 0.39 0.00 2.87 0.00 0.04 0.00 0.00 1.82 0.00 0.00 1.30 0.00 0.00 1.16 1.33 0.35 0.00 1.79 0.88 2.49 0.00 0.39
45 0.00 2.94 2.03 2.98 0.32 0.77 0.00 3.01 0.00 0.00 0.95 2.59 2.03 0.00 0.00 0.00 0.00 0.00 0.00 0.70 0.00 0.32 0.00 0.00 0.00 0.00 0.11 0.77 0.00 0.32 0.00 0.00 1.89 1.16 1.19 1.47 2.63 1.89 1.16 0.00 0.25 0.00 2.10 1.30 1.79 0.00 0.00 3.15 2.07 0.18
46 3.29 0.00 0.00 2.77 2.38 0.00 2.49 0.00 0.00 2.07 1.40 0.00 3.15 0.00 0.00 0.00 1.26 2.42 0.00 2.98 0.53 0.77 0.00 1.54 0.00 0.00 0.00 0.00 2.63 2.70 3.50 0.00 0.25 2.10 0.00 2.59 0.60 0.46 1.75 0.00 0.00 1.86 1.09 1.47 0.88 0.00 0.00 0.00 0.00 1.89
47 0.00 0.00 0.00 0.00 1.79 3.26 0.00 2.84 3.05 3.22 1.68 0.00 3.33 2.10 1.12 2.91 0.00 2.14 2.28 3.43 0.00 1.02 0.00 0.00 0.00 3.40 0.88 0.00 0.00 0.00 3.15 0.00 0.00 1.72 0.77 1.51 0.00 0.00 2.87 2.03 0.95 0.49 2.00 0.00 2.49 3.15 0.00 0.00 0.00 0.00
48 0.00 0.00 0.00 0.00 0.00 0.88 0.00 0.00 0.35 0.00 0.00 2.38 0.00 0.67 0.00 1.68 0.00 0.98 0.00 0.00 2.59 0.32 0.00 0.00 1.75 0.00 0.00 0.00 0.00 0.00 0.00 0.00 0.00 0.00 0.00 0.98 0.00 0.00 1.75 0.00 0.46 0.00 1.19 1.93 0.00 2.07 0.00 0.00 0.00 2.56
49 0.32 3.05 1.33 0.00 2.91 2.38 0.00 1.05 0.00 0.84 0.00 0.00 0.00 0.00 0.00 2.91 0.74 0.21 0.00 1.51 0.00 2.31 0.00 0.95 0.84 3.33 0.00 0.00 0.00 2.28 0.00 0.00 0.00 0.00 0.00 2.94 0.00 2.87 0.00 3.40 0.00 2.21 0.00 0.32 0.39 0.18 1.89 0.00 2.56 0.00

ITEMS
nominal_profits 27.00 0.00 95.00 9.00 16.00 0.00 6.00 60.00 0.00 10.00 0.00 47.00 0.00 47.00 0.00 0.00 34.00 77.00 15.00 0.00 98.00 0.00 0.00 0.00 48.00 4.00 0.00 36.00 0.00 0.00 93.00 0.00 0.00 0.00 0.00 25.00 0.00 5.00 69.00 0.00 34.00 0.00 0.00 84.00 57.00 0.00 14.00 0.00 0.00 84.00
weights 22 22 2 6 50 2 24 27 7 46 15 21 34 46 29 45 11 40 42 21 22 13 27 8 9 43 43 18 12 31 5 1 21 29 23 11 34 19 21 41 36 25 35 9 25 17 15 47 40 9
capacity 140
k_max 16

COMMENTS
original_pairwise_profits
0 0.00 0.00 0.00 0.00 0.00 76.00 98.00 0.00 51.00 34.00 91.00 0.00 16.00 0.00 0.00 0.00 0.00 0.00 0.00 0.00 6.00 0.00 15.00 9.00 92.00 0.00 20.00 82.00 0.00 25.00 27.00 0.00 78.00 69.00 25.00 99.00 82.00 8.00 88.00 42.00 56.00 92.00 33.00 0.00 0.00 0.00 94.00 0.00 0.00 9.00
1 0.00 0.00 0.00 0.00 23.00 65.00 26.00 0.00 25.00 54.00 52.00 78.00 39.00 0.00 0.00 0.00 72.00 59.00 0.00 16.00 49.00 59.00 0.00 0.00 63.00 32.00 0.00 32.00 0.00 0.00 0.00 2.00 74.00 0.00 0.00 27.00 64.00 80.00 38.00 79.00 0.00 0.00 67.00 82.00 0.00 84.00 0.00 0.00 0.00 87.00
2 0.00 0.00 0.00 34.00 94.00 15.00 0.00 6.00 0.00 31.00 0.00 24.00 0.00 97.00 42.00 0.00 72.00 1.00 42.00 39.00 0.00 0.00 13.00 0.00 100.00 37.00 58.00 74.00 98.00 79.00 5.00 0.00 0.00 0.00 57.00 88.00 65.00 80.00 72.00 0.00 93.00 72.00 0.00 0.00 0.00 58.00 0.00 0.00 0.00 38.00
3 0.00 0.00 34.00 0.00 0.00 16.00 53.00 95.00 0.00 0.00 0.00 0.00 7.00 58.00 78.00 31.00 0.00 0.00 21.00 84.00 96.00 0.00 40.00 0.00 93.00 91.00 66.00 76.00 0.00 69.00 31.00 0.00 36.00 0.00 10.00 0.00 0.00 0.00 84.00 0.00 0.00 37.00 69.00 0.00 0.00 85.00 79.00 0.00 0.00 0.00
4 0.00 23.00 94.00 0.00 0.00 9.00 96.00 89.00 0.00 0.00 70.00 97.00 4.00 0.00 0.00 0.00 0.00 0.00 0.00 41.00 56.00 74.00 42.00 11.00 0.00 0.00 92.00 53.00 51.00 91.00 90.00 0.00 0.00 0.00 0.00 0.00 41.00 0.00 56.00 75.00 24.00 67.00 78.00 0.00 42.00 9.00 68.00 51.00 0.00 83.00
5 76.00 65.00 15.00 16.00 9.00 0.00 79.00 0.00 86.00 17.00 77.00 0.00 31.00 0.00 0.00 30.00 0.00 64.00 22.00 0.00 0.00 38.00 70.00 0.00 54.00 70.00 12.00 50.00 0.00 0.00 71.00 68.00 0.00 0.00 0.00 0.00 0.00 71.00 59.00 13.00 80.00 16.00 0.00 96.00 0.00 22.00 0.00 93.00 25.00 68.00
6 98.00 26.00 0.00 53.00 96.00 79.00 0.00 0.00 0.00 57.00 73.00 84.00 49.00 0.00 0.00 0.00 0.00 51.00 0.00 4.00 2.00 35.00 45.00 39.00 0.00 60.00 0.00 81.00 31.00 11.00 69.00 43.00 91.00 0.00 48.00 48.00 0.00 0.00 0.00 0.00 69.00 0.00 0.00 0.00 7.00 0.00 71.00 0.00 0.00 0.00
7 0.00 0.00 6.00 95.00 89.00 0.00 0.00 0.00 0.00 0.00 69.00 0.00 25.00 90.00 49.00 0.00 23.00 0.00 52.00 17.00 0.00 0.00 88.00 0.00 14.00 0.00 58.00 19.00 62.00 0.00 2.00 68.00 0.00 0.00 0.00 3.00 98.00 81.00 83.00 21.00 0.00 0.00 0.00 0.00 17.00 86.00 0.00 81.00 0.00 30.00
8 51.00 25.00 0.00 0.00 0.00 86.00 0.00 0.00 0.00 69.00 0.00 0.00 0.00 0.00 0.00 0.00 0.00 9.00 0.00 18.00 0.00 90.00 20.00 88.00 0.00 0.00 0.00 100.00 0.00 11.00 87.00 0.00 0.00 13.00 21.00 0.00 0.00 49.00 0.00 0.00 100.00 67.00 57.00 11.00 0.00 0.00 0.00 87.00 10.00 0.00
9 34.00 54.00 31.00 0.00 0.00 17.00 57.00 0.00 69.00 0.00 0.00 0.00 37.00 98.00 41.00 91.00 0.00 43.00 83.00 0.00 0.00 0.00 0.00 0.00 0.00 0.00 32.00 99.00 0.00 42.00 0.00 76.00 66.00 0.00 0.00 0.00 97.00 92.00 33.00 54.00 64.00 0.00 49.00 23.00 0.00 0.00 59.00 92.00 0.00 24.00
10 91.00 52.00 0.00 0.00 70.00 77.00 73.00 69.00 0.00 0.00 0.00 27.00 24.00 0.00 76.00 73.00 0.00 32.00 0.00 96.00 0.00 33.00 0.00 0.00 0.00 97.00 0.00 95.00 43.00 0.00 78.00 0.00 0.00 0.00 78.00 0.00 0.00 8.00 48.00 0.00 0.00 3.00 16.00 0.00 35.00 27.00 40.00 48.00 0.00 0.00
11 0.00 78.00 24.00 0.00 97.00 0.00 84.00 0.00 0.00 0.00 27.00 0.00 82.00 2.00 0.00 0.00 0.00 0.00 14.00 37.00 1.00 0.00 0.00 0.00 97.00 85.00 46.00 53.00 51.00 49.00 0.00 0.00 12.00 0.00 0.00 0.00 59.00 92.00 79.00 0.00 0.00 40.00 0.00 0.00 34.00 74.00 0.00 0.00 68.00 0.00
12 16.00 39.00 0.00 7.00 4.00 31.00 49.00 25.00 0.00 37.00 24.00 82.00 0.00 74.00 0.00 19.00 0.00 40.00 6.00 0.00 0.00 30.00 0.00 10.00 0.00 0.00 1.00 58.00 0.00 50.00 0.00 0.00 0.00 56.00 21.00 34.00 89.00 0.00 32.00 45.00 0.00 13.00 58.00 79.00 96.00 58.00 90.00 95.00 0.00 0.00
13 0.00 0.00 97.00 58.00 0.00 0.00 0.00 90.00 0.00 98.00 0.00 2.00 74.00 0.00 0.00 39.00 91.00 0.00 4.00 33.00 0.00 1.00 0.00 19.00 0.00 0.00 32.00 0.00 0.00 96.00 0.00 43.00 0.00 69.00 0.00 86.00 0.00 75.00 16.00 80.00 28.00 0.00 0.00 64.00 32.00 0.00 0.00 60.00 19.00 0.00
14 0.00 0.00 42.00 78.00 0.00 0.00 0.00 49.00 0.00 41.00 76.00 0.00 0.00 0.00 0.00 93.00 0.00 0.00 0.00 0.00 0.00 0.00 6.00 75.00 42.00 0.00 0.00 0.00 0.00 0.00 0.00 0.00 0.00 0.00 44.00 83.00 82.00 0.00 86.00 0.00 0.00 0.00 55.00 26.00 95.00 0.00 0.00 32.00 0.00 0.00
15 0.00 0.00 0.00 31.00 0.00 30.00 0.00 0.00 0.00 91.00 73.00 0.00 19.00 39.00 93.00 0.00 75.00 0.00 62.00 0.00 0.00 0.00 27.00 0.00 43.00 82.00 19.00 0.00 78.00 9.00 66.00 13.00 30.00 1.00 68.00 0.00 18.00 0.00 0.00 26.00 0.00 21.00 0.00 0.00 0.00 0.00 0.00 83.00 48.00 83.00
16 0.00 72.00 72.00 0.00 0.00 0.00 0.00 23.00 0.00 0.00 0.00 0.00 0.00 91.00 0.00 75.00 0.00 0.00 0.00 0.00 23.00 0.00 0.00 0.00 0.00 0.00 0.00 50.00 0.00 0.00 0.00 52.00 0.00 84.00 12.00 15.00 99.00 78.00 75.00 0.00 63.00 80.00 17.00 89.00 0.00 0.00 36.00 0.00 0.00 21.00
17 0.00 59.00 1.00 0.00 0.00 64.00 51.00 0.00 9.00 43.00 32.00 0.00 40.00 0.00 0.00 0.00 0.00 0.00 0.00 0.00 55.00 0.00 63.00 0.00 0.00 61.00 0.00 96.00 0.00 44.00 61.00 0.00 0.00 47.00 0.00 0.00 4.00 0.00 54.00 0.00 0.00 10.00 0.00 30.00 1.00 0.00 69.00 61.00 28.00 6.00
18 0.00 0.00 42.00 21.00 0.00 22.00 0.00 52.00 0.00 83.00 0.00 14.00 6.00 4.00 0.00 62.00 0.00 0.00 0.00 57.00 93.00 85.00 0.00 0.00 35.00 0.00 57.00 14.00 0.00 0.00 96.00 18.00 53.00 86.00 0.00 25.00 95.00 22.00 66.00 0.00 91.00 20.00 71.00 82.00 0.00 0.00 0.00 65.00 0.00 0.00
19 0.00 16.00 39.00 84.00 41.00 0.00 4.00 17.00 18.00 0.00 96.00 37.00 0.00 33.00 0.00 0.00 0.00 0.00 57.00 0.00 0.00 48.00 92.00 1.00 0.00 62.00 84.00 0.00 0.00 50.00 0.00 0.00 57.00 0.00 47.00 18.00 21.00 69.00 0.00 0.00 11.00 0.00 0.00 9.00 0.00 20.00 85.00 98.00 0.00 43.00
20 6.00 49.00 0.00 96.00 56.00 0.00 2.00 0.00 0.00 0.00 0.00 1.00 0.00 0.00 0.00 0.00 23.00 55.00 93.00 0.00 0.00 70.00 72.00 0.00 21.00 0.00 0.00 19.00 3.00 0.00 0.00 42.00 0.00 0.00 0.00 79.00 0.00 86.00 94.00 0.00 0.00 90.00 3.00 90.00 21.00 0.00 15.00 0.00 74.00 0.00
21 0.00 59.00 0.00 0.00 74.00 38.00 35.00 0.00 90.00 0.00 33.00 0.00 30.00 1.00 0.00 0.00 0.00 0.00 85.00 48.00 70.00 0.00 84.00 90.00 49.00 0.00 3.00 0.00 0.00 81.00 0.00 36.00 0.00 62.00 40.00 80.00 0.00 54.00 0.00 64.00 93.00 0.00 34.00 0.00 46.00 9.00 22.00 29.00 9.00 66.00
22 15.00 0.00 13.00 40.00 42.00 70.00 45.00 88.00 20.00 0.00 0.00 0.00 0.00 0.00 6.00 27.00 0.00 63.00 0.00 92.00 72.00 84.00 0.00 38.00 68.00 0.00 99.00 38.00 15.00 0.00 0.00 0.00 29.00 14.00 50.00 59.00 40.00 0.00 17.00 0.00 75.00 0.00 86.00 53.00 65.00 0.00 0.00 0.00 0.00 0.00
23 9.00 0.00 0.00 0.00 11.00 0.00 39.00 0.00 88.00 0.00 0.00 0.00 10.00 19.00 75.00 0.00 0.00 0.00 0.00 1.00 0.00 90.00 38.00 0.00 0.00 65.00 0.00 0.00 0.00 28.00 0.00 0.00 100.00 0.00 75.00 0.00 56.00 0.00 0.00 0.00 99.00 0.00 7.00 0.00 11.00 0.00 44.00 0.00 0.00 27.00
24 92.00 63.00 100.00 93.00 0.00 54.00 0.00 14.00 0.00 0.00 0.00 97.00 0.00 0.00 42.00 43.00 0.00 0.00 35.00 0.00 21.00 49.00 68.00 0.00 0.00 0.00 48.00 0.00 0.00 54.00 0.00 37.00 0.00 2.00 0.00 0.00 0.00 87.00 0.00 53.00 0.00 67.00 0.00 0.00 0.00 0.00 0.00 0.00 50.00 24.00
25 0.00 32.00 37.00 91.00 0.00 70.00 60.00 0.00 0.00 0.00 97.00 85.00 0.00 0.00 0.00 82.00 0.00 61.00 0.00 62.00 0.00 0.00 0.00 65.00 0.00 0.00 0.00 0.00 0.00 0.00 0.00 26.00 80.00 38.00 0.00 54.00 21.00 0.00 0.00 0.00 0.00 90.00 0.00 27.00 0.00 0.00 0.00 97.00 0.00 95.00
26 20.00 0.00 58.00 66.00 92.00 12.00 0.00 58.00 0.00 32.00 0.00 46.00 1.00 32.00 0.00 19.00 0.00 0.00 57.00 84.00 0.00 3.00 99.00 0.00 48.00 0.00 0.00 72.00 22.00 52.00 0.00 19.00 93.00 0.00 0.00 0.00 0.00 7.00 0.00 0.00 9.00 0.00 0.00 0.00 62.00 3.00 0.00 25.00 0.00 0.00
27 82.00 32.00 74.00 76.00 53.00 50.00 81.00 19.00 100.00 99.00 95.00 53.00 58.00 0.00 0.00 0.00 50.00 96.00 14.00 0.00 19.00 0.00 38.00 0.00 0.00 0.00 72.00 0.00 0.00 44.00 0.00 95.00 0.00 0.00 0.00 0.00 0.00 59.00 30.00 87.00 97.00 0.00 8.00 82.00 63.00 22.00 0.00 0.00 0.00 0.00
28 0.00 0.00 98.00 0.00 51.00 0.00 31.00 62.00 0.00 0.00 43.00 51.00 0.00 0.00 0.00 78.00 0.00 0.00 0.00 0.00 3.00 0.00 15.00 0.00 0.00 0.00 22.00 0.00 0.00 78.00 0.00 0.00 0.00 0.00 0.00 91.00 0.00 88.00 18.00 91.00 0.00 0.00 0.00 69.00 11.00 0.00 75.00 0.00 0.00 0.00
29 25.00 0.00 79.00 69.00 91.00 0.00 11.00 0.00 11.00 42.00 0.00 49.00 50.00 96.00 0.00 9.00 0.00 44.00 0.00 50.00 0.00 81.00 0.00 28.00 54.00 0.00 52.00 44.00 78.00 0.00 77.00 63.00 91.00 27.00 32.00 0.00 0.00 0.00 0.00 0.00 40.00 37.00 86.00 73.00 0.00 9.00 77.00 0.00 0.00 65.00
30 27.00 0.00 5.00 31.00 90.00 71.00 69.00 2.00 87.00 0.00 78.00 0.00 0.00 0.00 0.00 66.00 0.00 61.00 96.00 0.00 0.00 0.00 0.00 0.00 0.00 0.00 0.00 0.00 0.00 77.00 0.00 0.00 0.00 0.00 0.00 0.00 0.00 3.00 89.00 31.00 0.00 0.00 0.00 0.00 82.00 0.00 100.00 90.00 0.00 0.00
31 0.00 2.00 0.00 0.00 0.00 68.00 43.00 68.00 0.00 76.00 0.00 0.00 0.00 43.00 0.00 13.00 52.00 0.00 18.00 0.00 42.00 36.00 0.00 0.00 37.00 26.00 19.00 95.00 0.00 63.00 0.00 0.00 0.00 0.00 87.00 17.00 43.00 24.00 61.00 70.00 0.00 33.00 95.00 0.00 0.00 0.00 0.00 0.00 0.00 0.00
32 78.00 74.00 0.00 36.00 0.00 0.00 91.00 0.00 0.00 66.00 0.00 12.00 0.00 0.00 0.00 30.00 0.00 0.00 53.00 57.00 0.00 0.00 29.00 100.00 0.00 80.00 93.00 0.00 0.00 91.00 0.00 0.00 0.00 0.00 0.00 70.00 2.00 0.00 47.00 0.00 0.00 0.00 0.00 46.00 1.00 54.00 7.00 0.00 0.00 0.00
33 69.00 0.00 0.00 0.00 0.00 0.00 0.00 0.00 13.00 0.00 0.00 0.00 56.00 69.00 0.00 1.00 84.00 47.00 86.00 0.00 0.00 62.00 14.00 0.00 2.00 38.00 0.00 0.00 0.00 27.00 0.00 0.00 0.00 0.00 88.00 0.00 0.00 86.00 96.00 0.00 43.00 41.00 4.00 92.00 0.00 33.00 60.00 49.00 0.00 0.00
34 25.00 0.00 57.00 10.00 0.00 0.00 48.00 0.00 21.00 0.00 78.00 0.00 21.00 0.00 44.00 68.00 12.00 0.00 0.00 47.00 0.00 40.00 50.00 75.00 0.00 0.00 0.00 0.00 0.00 32.00 0.00 87.00 0.00 88.00 0.00 85.00 0.00 0.00 0.00 0.00 83.00 47.00 8.00 0.00 0.00 34.00 0.00 22.00 0.00 0.00
35 99.00 27.00 88.00 0.00 0.00 0.00 48.00 3.00 0.00 0.00 0.00 0.00 34.00 86.00 83.00 0.00 15.00 0.00 25.00 18.00 79.00 80.00 59.00 0.00 0.00 54.00 0.00 0.00 91.00 0.00 0.00 17.00 70.00 0.00 85.00 0.00 0.00 0.00 97.00 0.00 0.00 0.00 0.00 25.00 52.00 42.00 74.00 43.00 28.00 84.00
36 82.00 64.00 65.00 0.00 41.00 0.00 0.00 98.00 0.00 97.00 0.00 59.00 89.00 0.00 82.00 18.00 99.00 4.00 95.00 21.00 0.00 0.00 40.00 56.00 0.00 21.00 0.00 0.00 0.00 0.00 0.00 43.00 2.00 0.00 0.00 0.00 0.00 61.00 0.00 52.00 0.00 50.00 33.00 0.00 0.00 75.00 17.00 0.00 0.00 0.00
37 8.00 80.00 80.00 0.00 0.00 71.00 0.00 81.00 49.00 92.00 8.00 92.00 0.00 75.00 0.00 0.00 78.00 0.00 22.00 69.00 86.00 54.00 0.00 0.00 87.00 0.00 7.00 59.00 88.00 0.00 3.00 24.00 0.00 86.00 0.00 0.00 61.00 0.00 0.00 95.00 21.00 46.00 0.00 0.00 0.00 54.00 13.00 0.00 0.00 82.00
38 88.00 38.00 72.00 84.00 56.00 59.00 0.00 83.00 0.00 33.00 48.00 79.00 32.00 16.00 86.00 0.00 75.00 54.00 66.00 0.00 94.00 0.00 17.00 0.00 0.00 0.00 0.00 30.00 18.00 0.00 89.00 61.00 47.00 96.00 0.00 97.00 0.00 0.00 0.00 0.00 0.00 32.00 45.00 81.00 37.00 33.00 50.00 82.00 50.00 0.00
39 42.00 79.00 0.00 0.00 75.00 13.00 0.00 21.00 0.00 54.00 0.00 0.00 45.00 80.00 0.00 26.00 0.00 0.00 0.00 0.00 0.00 64.00 0.00 0.00 53.00 0.00 0.00 87.00 91.00 0.00 31.00 70.00 0.00 0.00 0.00 0.00 52.00 95.00 0.00 0.00 0.00 54.00 0.00 0.00 0.00 0.00 0.00 58.00 0.00 97.00
40 56.00 0.00 93.00 0.00 24.00 80.00 69.00 0.00 100.00 64.00 0.00 0.00 0.00 28.00 0.00 0.00 63.00 0.00 91.00 11.00 0.00 93.00 75.00 99.00 0.00 0.00 9.00 97.00 0.00 40.00 0.00 0.00 0.00 43.00 83.00 0.00 0.00 21.00 0.00 0.00 0.00 22.00 0.00 60.00 0.00 7.00 0.00 27.00 13.00 0.00
41 92.00 0.00 72.00 37.00 67.00 16.00 0.00 0.00 67.00 0.00 3.00 40.00 13.00 0.00 0.00 21.00 80.00 10.00 20.00 0.00 90.00 0.00 0.00 0.00 67.00 90.00 0.00 0.00 0.00 37.00 0.00 33.00 0.00 41.00 47.00 0.00 50.00 46.00 32.00 54.00 22.00 0.00 59.00 35.00 33.00 0.00 53.00 14.00 0.00 63.00
42 33.00 67.00 0.00 69.00 78.00 0.00 0.00 0.00 57.00 49.00 16.00 0.00 58.00 0.00 55.00 0.00 17.00 0.00 71.00 0.00 3.00 34.00 86.00 7.00 0.00 0.00 0.00 8.00 0.00 86.00 0.00 95.00 0.00 4.00 8.00 0.00 33.00 0.00 45.00 0.00 0.00 59.00 0.00 0.00 38.00 60.00 31.00 57.00 34.00 0.00
43 0.00 82.00 0.00 0.00 0.00 96.00 0.00 0.00 11.00 23.00 0.00 0.00 79.00 64.00 26.00 0.00 89.00 30.00 82.00 9.00 90.00 0.00 53.00 0.00 0.00 27.00 0.00 82.00 69.00 73.00 0.00 0.00 46.00 92.00 0.00 25.00 0.00 0.00 81.00 0.00 60.00 35.00 0.00 0.00 10.00 37.00 42.00 0.00 55.00 9.00
44 0.00 0.00 0.00 0.00 42.00 0.00 7.00 17.00 0.00 0.00 35.00 34.00 96.00 32.00 95.00 0.00 0.00 1.00 0.00 0.00 21.00 46.00 65.00 11.00 0.00 0.00 62.00 63.00 11.00 0.00 82.00 0.00 1.00 0.00 0.00 52.00 0.00 0.00 37.00 0.00 0.00 33.00 38.00 10.00 0.00 51.00 25.00 71.00 0.00 11.00
45 0.00 84.00 58.00 85.00 9.00 22.00 0.00 86.00 0.00 0.00 27.00 74.00 58.00 0.00 0.00 0.00 0.00 0.00 0.00 20.00 0.00 9.00 0.00 0.00 0.00 0.00 3.00 22.00 0.00 9.00 0.00 0.00 54.00 33.00 34.00 42.00 75.00 54.00 33.00 0.00 7.00 0.00 60.00 37.00 51.00 0.00 0.00 90.00 59.00 5.00
46 94.00 0.00 0.00 79.00 68.00 0.00 71.00 0.00 0.00 59.00 40.00 0.00 90.00 0.00 0.00 0.00 36.00 69.00 0.00 85.00 15.00 22.00 0.00 44.00 0.00 0.00 0.00 0.00 75.00 77.00 100.00 0.00 7.00 60.00 0.00 74.00 17.00 13.00 50.00 0.00 0.00 53.00 31.00 42.00 25.00 0.00 0.00 0.00 0.00 54.00
47 0.00 0.00 0.00 0.00 51.00 93.00 0.00 81.00 87.00 92.00 48.00 0.00 95.00 60.00 32.00 83.00 0.00 61.00 65.00 98.00 0.00 29.00 0.00 0.00 0.00 97.00 25.00 0.00 0.00 0.00 90.00 0.00 0.00 49.00 22.00 43.00 0.00 0.00 82.00 58.00 27.00 14.00 57.00 0.00 71.00 90.00 0.00 0.00 0.00 0.00
48 0.00 0.00 0.00 0.00 0.00 25.00 0.00 0.00 10.00 0.00 0.00 68.00 0.00 19.00 0.00 48.00 0.00 28.00 0.00 0.00 74.00 9.00 0.00 0.00 50.00 0.00 0.00 0.00 0.00 0.00 0.00 0.00 0.00 0.00 0.00 28.00 0.00 0.00 50.00 0.00 13.00 0.00 34.00 55.00 0.00 59.00 0.00 0.00 0.00 73.00
49 9.00 87.00 38.00 0.00 83.00 68.00 0.00 30.00 0.00 24.00 0.00 0.00 0.00 0.00 0.00 83.00 21.00 6.00 0.00 43.00 0.00 66.00 0.00 27.00 24.00 95.00 0.00 0.00 0.00 65.00 0.00 0.00 0.00 0.00 0.00 84.00 0.00 82.00 0.00 97.00 0.00 63.00 0.00 9.00 11.00 5.00 54.00 0.00 73.00 0.00
mcp_obj 16
mcp_gap 0
mcp_x 0 0 1 1 0 1 0 0 1 0 1 0 0 0 0 0 1 0 0 0 0 1 0 1 1 0 0 0 1 0 1 1 0 0 0 1 0 0 0 0 0 0 0 1 0 0 1 0 0 1
