NAME N50_rc_0.7_rGamma_1_dc_0.035_dGamma_0.0005_jeu_50_50_2.txt
NUM_ITEMS 50
SOURCE jeu_50_50_2
PARAMETERS
r_c 0.7
r_Gamma 1
d_c 0.035
d_Gamma 0.0005

BOUNDS
c_lb 0.00
c_ub 113.92
Gamma_lb 11
Gamma_ub 16
B_i_1_lb 0.00 0.00 0.00 0.00 0.00 0.00 0.00 0.00 0.00 0.00 0.00 0.00 0.00 0.00 0.00 0.00 0.00 0.00 0.00 0.00 0.00 0.00 0.00 0.00 0.00 0.00 0.00 0.00 0.00 0.00 0.00 0.00 0.00 0.00 0.00 0.00 0.00 0.00 0.00 0.00 0.00 0.00 0.00 0.00 0.00 0.00 0.00 0.00 0.00 0.00
B_i_1_ub 46.48 52.49 32.32 36.22 44.68 41.47 45.57 38.43 45.14 39.88 36.06 33.80 46.12 57.32 36.92 33.93 42.14 50.09 47.96 54.97 44.67 36.25 28.85 42.96 43.97 49.77 45.70 49.05 48.35 52.92 55.37 40.90 34.14 42.87 49.70 45.33 50.92 61.08 34.69 37.09 47.94 42.53 49.69 40.66 38.20 46.59 61.33 34.94 39.82 40.99
B_i_0_lb 0.00 0.00 0.00 0.00 0.00 0.00 0.00 0.00 0.00 0.00 0.00 0.00 0.00 0.00 0.00 0.00 0.00 0.00 0.00 0.00 0.00 0.00 0.00 0.00 0.00 0.00 0.00 0.00 0.00 0.00 0.00 0.00 0.00 0.00 0.00 0.00 0.00 0.00 0.00 0.00 0.00 0.00 0.00 0.00 0.00 0.00 0.00 0.00 0.00 0.00
B_i_0_ub 46.48 52.49 32.32 36.22 44.68 41.47 45.57 38.43 45.14 39.88 36.06 33.80 46.12 57.32 36.92 33.93 42.14 50.09 47.96 54.97 44.67 36.25 28.85 42.96 43.97 49.77 45.70 49.05 48.35 52.92 55.37 40.90 34.14 42.87 49.70 45.33 50.92 61.08 34.69 37.09 47.94 42.53 49.69 40.66 38.20 46.59 61.33 34.94 39.82 40.99
c_i_1_lb 0.00 0.00 41.30 6.30 49.70 0.00 3.50 26.60 10.50 19.60 0.00 0.00 63.70 35.70 40.60 0.00 0.00 0.00 7.00 0.00 33.60 0.00 0.00 0.00 0.00 16.80 0.00 23.80 42.00 0.00 0.00 0.00 7.00 0.00 56.70 0.00 63.00 12.60 65.80 60.90 35.00 20.30 46.90 29.40 0.00 40.60 2.80 31.50 53.20 0.00
c_i_1_ub 46.48 52.49 73.62 42.52 94.38 41.47 49.07 65.03 55.64 59.48 36.06 33.80 109.82 93.02 77.52 33.93 42.14 50.09 54.96 54.97 78.27 36.25 28.85 42.96 43.97 66.57 45.70 72.85 90.35 52.92 55.37 40.90 41.14 42.87 106.40 45.33 113.92 73.68 100.49 97.99 82.94 62.83 96.59 70.06 38.20 87.19 64.13 66.44 93.02 40.99
c_i_0_lb 0.00 0.00 41.30 6.30 49.70 0.00 3.50 26.60 10.50 19.60 0.00 0.00 63.70 35.70 40.60 0.00 0.00 0.00 7.00 0.00 33.60 0.00 0.00 0.00 0.00 16.80 0.00 23.80 42.00 0.00 0.00 0.00 7.00 0.00 56.70 0.00 63.00 12.60 65.80 60.90 35.00 20.30 46.90 29.40 0.00 40.60 2.80 31.50 53.20 0.00
c_i_0_ub 46.48 52.49 73.62 42.52 94.38 41.47 49.07 65.03 55.64 59.48 36.06 33.80 109.82 93.02 77.52 33.93 42.14 50.09 54.96 54.97 78.27 36.25 28.85 42.96 43.97 66.57 45.70 72.85 90.35 52.92 55.37 40.90 41.14 42.87 106.40 45.33 113.92 73.68 100.49 97.99 82.94 62.83 96.59 70.06 38.20 87.19 64.13 66.44 93.02 40.99
c_1_lb 0.00
c_1_ub 113.92
c_0_lb 0.00
c_0_ub 113.92

BOUND_TIMES
k_max_time 0.001304
Gamma_ub_time 0.000078
B_i_1_lb_time 0.001902
B_i_1_ub_time 0.001925
B_i_0_lb_time 0.001943
B_i_0_ub_time 0.001962

DDRO_PARAMETERS
a_0 11
b_0i 0 0 0 0 0 0 0 0 0 0 0 0 0 1 0 0 0 0 0 1 0 0 0 0 0 0 0 0 0 0 1 0 0 0 0 0 0 1 0 0 0 0 0 0 0 0 1 0 0 0
a_i 0.00 0.00 41.30 6.30 49.70 0.00 3.50 26.60 10.50 19.60 0.00 0.00 63.70 35.70 40.60 0.00 0.00 0.00 7.00 0.00 33.60 0.00 0.00 0.00 0.00 16.80 0.00 23.80 42.00 0.00 0.00 0.00 7.00 0.00 56.70 0.00 63.00 12.60 65.80 60.90 35.00 20.30 46.90 29.40 0.00 40.60 2.80 31.50 53.20 0.00
b_ij
0 0.00 0.00 0.00 0.07 0.81 2.70 2.28 0.00 0.00 3.22 0.00 0.00 2.73 1.54 0.00 1.30 0.00 0.00 0.00 0.00 0.00 0.00 2.14 2.80 0.11 1.89 0.00 1.30 2.00 0.00 1.33 2.59 1.16 2.03 2.63 0.00 3.08 2.73 0.00 2.49 1.58 0.00 0.32 1.65 0.00 0.00 0.00 0.00 0.00 0.00
1 0.00 0.00 1.19 0.00 1.82 0.00 3.50 0.00 0.74 0.00 0.00 1.26 3.12 1.93 0.00 0.00 1.86 1.58 0.00 1.82 1.26 0.00 0.35 2.07 0.00 1.65 1.51 3.22 2.59 2.45 2.84 0.00 0.00 0.00 0.39 1.47 0.00 0.00 0.00 0.70 0.00 2.77 1.54 0.00 0.00 3.33 0.00 0.00 2.38 3.15
2 0.00 1.19 0.00 0.00 0.00 0.18 2.35 0.00 0.00 1.40 2.07 0.00 0.98 0.00 0.07 0.53 1.47 0.00 0.00 3.12 0.00 0.00 0.00 0.39 2.17 0.00 0.00 0.00 2.52 0.00 2.87 0.35 0.00 0.00 0.00 0.25 0.00 0.00 0.00 0.00 2.91 0.00 0.00 2.42 2.03 0.00 2.70 0.00 0.00 0.35
3 0.07 0.00 0.00 0.00 0.18 3.15 1.30 0.00 0.00 0.84 2.91 0.00 0.00 0.00 0.00 1.72 1.89 3.26 0.00 0.00 0.00 1.75 1.47 0.00 2.42 1.82 0.00 0.25 1.79 0.00 0.00 2.28 0.74 1.09 1.40 0.00 0.00 2.35 0.00 0.00 0.00 0.00 0.00 0.00 2.17 0.00 0.00 1.19 0.18 0.00
4 0.81 1.82 0.00 0.18 0.00 0.00 0.00 0.00 3.08 0.00 0.00 2.42 0.21 0.00 0.00 0.00 0.95 0.56 1.33 0.00 1.19 0.00 0.00 2.00 0.00 2.98 1.93 0.00 0.00 2.45 3.26 2.45 1.05 1.12 0.00 1.05 3.15 0.00 1.37 2.10 0.00 0.00 0.00 3.12 0.00 0.84 0.00 1.23 2.03 0.00
5 2.70 0.00 0.18 3.15 0.00 0.00 0.00 2.10 0.00 0.00 1.16 0.00 0.00 2.70 2.56 0.00 2.21 1.96 2.21 3.08 0.00 0.00 0.00 0.00 0.81 0.00 0.00 0.00 0.00 2.63 3.12 0.00 0.00 0.00 1.51 0.00 1.82 0.00 0.00 0.00 0.00 2.28 0.98 0.00 0.07 1.58 0.00 0.00 2.66 0.00
6 2.28 3.50 2.35 1.30 0.00 0.00 0.00 0.00 0.00 0.00 0.00 0.00 2.38 3.43 0.00 0.88 0.00 1.51 3.47 0.42 0.60 0.88 0.00 3.19 2.45 3.36 0.00 0.74 3.33 0.00 0.00 0.98 0.70 0.91 2.14 0.00 1.26 0.00 0.00 0.00 0.00 0.00 0.00 0.88 0.00 0.00 2.07 0.56 0.00 0.00
7 0.00 0.00 0.00 0.00 0.00 2.10 0.00 0.00 1.44 0.00 0.00 0.46 0.00 0.00 2.59 0.42 0.00 0.00 0.00 3.15 0.00 0.46 0.56 0.00 1.16 0.00 0.60 1.26 0.00 1.86 2.42 0.00 0.00 2.42 0.07 1.37 0.53 0.00 1.82 0.00 0.00 3.01 0.00 0.67 2.03 1.16 3.47 3.40 0.00 0.00
8 0.00 0.74 0.00 0.00 3.08 0.00 0.00 1.44 0.00 0.00 3.29 0.00 0.98 0.00 1.51 1.93 2.70 0.00 0.00 0.21 3.43 0.00 0.00 0.00 2.17 2.31 1.26 1.61 0.00 2.14 0.00 0.00 0.67 1.54 0.00 0.00 0.00 2.49 0.00 0.39 2.87 0.00 3.22 0.00 0.00 0.74 2.70 1.72 0.00 0.00
9 3.22 0.00 1.40 0.84 0.00 0.00 0.00 0.00 0.00 0.00 3.43 0.00 0.39 2.70 0.00 0.00 0.00 2.49 2.70 1.40 0.00 0.67 0.00 0.00 0.00 0.46 1.23 0.00 1.61 2.59 2.28 0.07 0.00 0.00 1.79 0.00 2.24 0.32 0.00 0.00 3.01 0.00 0.00 0.00 0.77 0.00 0.49 0.91 2.52 0.35
10 0.00 0.00 2.07 2.91 0.00 1.16 0.00 0.00 3.29 3.43 0.00 0.00 0.98 0.00 0.67 1.05 0.00 0.00 2.45 2.56 0.00 0.00 0.00 0.63 3.01 0.00 0.00 0.00 1.68 0.70 0.14 2.73 0.00 0.00 0.00 0.46 0.00 0.00 0.00 0.00 2.63 0.00 1.37 0.00 0.00 0.00 1.37 0.00 0.77 0.00
11 0.00 1.26 0.00 0.00 2.42 0.00 0.00 0.46 0.00 0.00 0.00 0.00 0.00 3.05 2.42 0.00 0.67 0.00 0.42 0.00 1.23 3.29 1.79 0.00 0.00 2.66 0.35 0.00 1.40 0.00 3.40 1.12 0.00 0.67 1.72 1.51 0.00 0.00 0.39 0.00 0.00 0.00 0.00 0.00 0.00 1.68 1.89 0.00 0.00 0.00
12 2.73 3.12 0.98 0.00 0.21 0.00 2.38 0.00 0.98 0.39 0.98 0.00 0.00 1.44 0.70 0.00 2.45 0.00 2.56 0.00 0.63 0.00 0.88 0.07 2.45 2.21 0.00 0.00 1.54 0.00 0.00 0.00 2.21 0.00 2.28 0.00 0.00 3.19 0.00 0.00 0.00 0.95 0.00 3.22 0.00 0.00 1.44 3.01 0.00 3.12
13 1.54 1.93 0.00 0.00 0.00 2.70 3.43 0.00 0.00 2.70 0.00 3.05 1.44 0.00 1.09 1.86 0.00 0.00 0.25 0.00 2.03 0.00 0.00 0.14 0.07 2.31 0.00 2.17 0.00 3.43 1.65 0.00 0.00 0.46 3.22 0.00 2.59 2.73 1.37 0.00 3.43 2.14 0.00 3.15 0.00 2.94 3.50 0.00 0.00 0.00
14 0.00 0.00 0.07 0.00 0.00 2.56 0.00 2.59 1.51 0.00 0.67 2.42 0.70 1.09 0.00 0.74 0.00 0.00 0.00 0.00 0.00 0.00 0.00 0.00 0.00 3.36 3.05 0.07 1.44 3.01 0.00 0.00 0.07 3.29 0.00 0.00 1.37 0.00 1.68 1.82 0.00 0.00 1.65 0.00 0.00 0.00 1.93 0.32 0.00 1.51
15 1.30 0.00 0.53 1.72 0.00 0.00 0.88 0.42 1.93 0.00 1.05 0.00 0.00 1.86 0.74 0.00 3.15 0.11 0.42 2.84 0.00 1.51 0.63 0.00 0.70 0.00 1.82 0.00 0.00 0.00 2.07 0.00 0.74 0.00 1.61 0.00 0.25 0.00 0.00 0.00 0.00 0.56 0.00 0.00 0.00 0.21 1.58 0.53 2.70 2.07
16 0.00 1.86 1.47 1.89 0.95 2.21 0.00 0.00 2.70 0.00 0.00 0.67 2.45 0.00 0.00 3.15 0.00 0.00 0.28 0.00 0.00 1.02 0.00 0.00 1.51 1.51 0.88 0.00 0.00 0.00 0.00 0.00 0.00 0.00 1.86 2.70 2.31 2.35 2.24 0.00 0.00 3.05 0.00 0.00 0.00 0.00 0.00 1.79 0.00 3.29
17 0.00 1.58 0.00 3.26 0.56 1.96 1.51 0.00 0.00 2.49 0.00 0.00 0.00 0.00 0.00 0.11 0.00 0.00 0.00 1.23 0.00 0.00 0.00 0.00 3.15 0.00 1.58 3.05 0.00 3.40 0.00 1.30 0.00 1.05 1.58 0.42 3.36 2.38 3.40 0.00 2.35 2.00 0.00 0.84 1.19 0.00 1.68 0.00 1.58 3.08
18 0.00 0.00 0.00 0.00 1.33 2.21 3.47 0.00 0.00 2.70 2.45 0.42 2.56 0.25 0.00 0.42 0.28 0.00 0.00 2.42 2.98 0.00 0.00 0.00 0.00 0.88 1.79 0.00 1.47 0.00 2.59 2.91 0.00 0.04 0.00 1.86 0.00 2.42 0.00 3.26 0.00 0.39 2.38 0.00 2.56 0.00 0.00 0.00 0.70 3.22
19 0.00 1.82 3.12 0.00 0.00 3.08 0.42 3.15 0.21 1.40 2.56 0.00 0.00 0.00 0.00 2.84 0.00 1.23 2.42 0.00 0.00 0.00 0.00 1.16 1.89 0.00 2.07 0.00 0.84 2.59 0.00 0.00 2.63 0.00 2.35 3.36 1.05 1.16 0.77 0.91 1.96 0.00 2.14 0.84 0.00 2.03 0.00 2.94 2.03 0.00
20 0.00 1.26 0.00 0.00 1.19 0.00 0.60 0.00 3.43 0.00 0.00 1.23 0.63 2.03 0.00 0.00 0.00 0.00 2.98 0.00 0.00 0.00 2.31 0.00 1.51 0.00 2.98 0.00 0.00 0.49 0.00 0.00 0.00 2.24 3.47 0.39 0.00 2.10 0.00 0.00 3.19 3.36 0.63 0.00 3.19 0.00 0.00 0.00 2.59 2.87
21 0.00 0.00 0.00 1.75 0.00 0.00 0.88 0.46 0.00 0.67 0.00 3.29 0.00 0.00 0.00 1.51 1.02 0.00 0.00 0.00 0.00 0.00 0.00 0.00 0.53 2.21 0.00 0.00 0.00 1.93 3.08 0.00 0.00 0.00 0.00 1.61 0.81 1.37 0.00 0.00 3.26 0.00 3.08 1.82 0.00 3.01 0.00 0.00 3.40 0.56
22 2.14 0.35 0.00 1.47 0.00 0.00 0.00 0.56 0.00 0.00 0.00 1.79 0.88 0.00 0.00 0.63 0.00 0.00 0.00 0.00 2.31 0.00 0.00 0.11 0.00 0.00 2.24 1.33 3.26 0.00 0.00 0.00 1.23 2.52 0.00 0.00 2.77 0.00 0.00 2.91 0.00 0.00 1.68 0.00 0.00 0.00 0.00 0.00 0.67 0.00
23 2.80 2.07 0.39 0.00 2.00 0.00 3.19 0.00 0.00 0.00 0.63 0.00 0.07 0.14 0.00 0.00 0.00 0.00 0.00 1.16 0.00 0.00 0.11 0.00 0.00 2.07 3.43 3.22 0.00 0.00 0.00 3.36 0.42 2.17 0.00 2.87 0.00 0.00 0.07 2.87 0.00 0.00 1.54 0.88 1.05 1.72 2.14 0.00 2.59 0.00
24 0.11 0.00 2.17 2.42 0.00 0.81 2.45 1.16 2.17 0.00 3.01 0.00 2.45 0.07 0.00 0.70 1.51 3.15 0.00 1.89 1.51 0.53 0.00 0.00 0.00 0.00 0.00 0.46 0.00 0.00 0.00 0.00 0.00 0.18 2.70 0.07 3.40 2.14 2.91 0.00 0.00 0.00 1.65 0.00 0.00 0.00 0.00 2.31 0.88 1.16
25 1.89 1.65 0.00 1.82 2.98 0.00 3.36 0.00 2.31 0.46 0.00 2.66 2.21 2.31 3.36 0.00 1.51 0.00 0.88 0.00 0.00 2.21 0.00 2.07 0.00 0.00 0.11 0.00 0.00 0.00 0.00 0.00 1.44 0.28 3.08 0.49 0.07 1.47 1.23 1.61 0.04 0.00 0.00 2.07 0.00 3.08 1.40 1.72 0.00 0.00
26 0.00 1.51 0.00 0.00 1.93 0.00 0.00 0.60 1.26 1.23 0.00 0.35 0.00 0.00 3.05 1.82 0.88 1.58 1.79 2.07 2.98 0.00 2.24 3.43 0.00 0.11 0.00 0.46 1.54 0.00 2.52 0.00 0.98 3.15 0.00 0.00 1.40 3.47 0.39 0.00 0.00 1.23 1.93 0.00 0.39 1.23 0.00 0.00 0.00 0.18
27 1.30 3.22 0.00 0.25 0.00 0.00 0.74 1.26 1.61 0.00 0.00 0.00 0.00 2.17 0.07 0.00 0.00 3.05 0.00 0.00 0.00 0.00 1.33 3.22 0.46 0.00 0.46 0.00 0.00 0.00 0.00 2.91 1.68 0.74 0.00 0.00 0.00 0.00 0.00 3.29 0.00 2.94 3.50 3.50 2.70 2.56 3.22 2.31 0.56 0.00
28 2.00 2.59 2.52 1.79 0.00 0.00 3.33 0.00 0.00 1.61 1.68 1.40 1.54 0.00 1.44 0.00 0.00 0.00 1.47 0.84 0.00 0.00 3.26 0.00 0.00 0.00 1.54 0.00 0.00 2.91 0.00 0.00 0.00 3.47 0.74 3.40 0.00 2.59 0.00 0.00 3.15 0.00 2.52 1.58 0.00 0.98 0.00 0.00 0.00 0.00
29 0.00 2.45 0.00 0.00 2.45 2.63 0.00 1.86 2.14 2.59 0.70 0.00 0.00 3.43 3.01 0.00 0.00 3.40 0.00 2.59 0.49 1.93 0.00 0.00 0.00 0.00 0.00 0.00 2.91 0.00 1.72 0.00 0.00 0.00 0.32 0.00 2.42 0.00 3.26 1.65 2.87 0.00 0.63 3.12 1.30 0.00 2.98 0.00 0.00 0.07
30 1.33 2.84 2.87 0.00 3.26 3.12 0.00 2.42 0.00 2.28 0.14 3.40 0.00 1.65 0.00 2.07 0.00 0.00 2.59 0.00 0.00 3.08 0.00 0.00 0.00 0.00 2.52 0.00 0.00 1.72 0.00 0.88 2.24 1.54 0.00 0.98 0.00 1.47 1.26 0.00 0.00 3.33 3.26 0.74 0.00 1.26 1.54 0.00 0.00 1.58
31 2.59 0.00 0.35 2.28 2.45 0.00 0.98 0.00 0.00 0.07 2.73 1.12 0.00 0.00 0.00 0.00 0.00 1.30 2.91 0.00 0.00 0.00 0.00 3.36 0.00 0.00 0.00 2.91 0.00 0.00 0.88 0.00 0.18 2.63 0.00 0.00 0.00 3.05 0.00 1.65 0.00 0.00 0.00 2.31 3.47 0.00 2.66 1.02 0.00 0.00
32 1.16 0.00 0.00 0.74 1.05 0.00 0.70 0.00 0.67 0.00 0.00 0.00 2.21 0.00 0.07 0.74 0.00 0.00 0.00 2.63 0.00 0.00 1.23 0.42 0.00 1.44 0.98 1.68 0.00 0.00 2.24 0.18 0.00 0.00 0.46 1.58 1.86 0.00 1.30 0.39 2.77 2.87 0.00 0.00 1.54 1.86 0.81 0.56 0.00 0.00
33 2.03 0.00 0.00 1.09 1.12 0.00 0.91 2.42 1.54 0.00 0.00 0.67 0.00 0.46 3.29 0.00 0.00 1.05 0.04 0.00 2.24 0.00 2.52 2.17 0.18 0.28 3.15 0.74 3.47 0.00 1.54 2.63 0.00 0.00 0.11 0.74 0.00 0.00 0.00 0.00 0.00 2.42 0.00 1.93 0.00 0.84 0.00 0.00 3.08 0.21
34 2.63 0.39 0.00 1.40 0.00 1.51 2.14 0.07 0.00 1.79 0.00 1.72 2.28 3.22 0.00 1.61 1.86 1.58 0.00 2.35 3.47 0.00 0.00 0.00 2.70 3.08 0.00 0.00 0.74 0.32 0.00 0.00 0.46 0.11 0.00 2.73 0.60 1.82 2.35 0.00 1.54 0.39 1.44 0.63 0.00 2.56 0.00 0.00 0.21 0.00
35 0.00 1.47 0.25 0.00 1.05 0.00 0.00 1.37 0.00 0.00 0.46 1.51 0.00 0.00 0.00 0.00 2.70 0.42 1.86 3.36 0.39 1.61 0.00 2.87 0.07 0.49 0.00 0.00 3.40 0.00 0.98 0.00 1.58 0.74 2.73 0.00 0.67 3.36 0.00 1.79 0.00 1.54 1.79 0.00 3.05 0.21 2.52 0.77 0.32 0.00
36 3.08 0.00 0.00 0.00 3.15 1.82 1.26 0.53 0.00 2.24 0.00 0.00 0.00 2.59 1.37 0.25 2.31 3.36 0.00 1.05 0.00 0.81 2.77 0.00 3.40 0.07 1.40 0.00 0.00 2.42 0.00 0.00 1.86 0.00 0.60 0.67 0.00 3.08 2.98 0.00 0.00 1.16 0.00 2.80 0.00 0.63 0.00 0.00 0.00 3.26
37 2.73 0.00 0.00 2.35 0.00 0.00 0.00 0.00 2.49 0.32 0.00 0.00 3.19 2.73 0.00 0.00 2.35 2.38 2.42 1.16 2.10 1.37 0.00 0.00 2.14 1.47 3.47 0.00 2.59 0.00 1.47 3.05 0.00 0.00 1.82 3.36 3.08 0.00 0.18 0.77 0.67 0.00 1.93 0.00 2.70 0.00 3.22 3.08 0.00 0.49
38 0.00 0.00 0.00 0.00 1.37 0.00 0.00 1.82 0.00 0.00 0.00 0.39 0.00 1.37 1.68 0.00 2.24 3.40 0.00 0.77 0.00 0.00 0.00 0.07 2.91 1.23 0.39 0.00 0.00 3.26 1.26 0.00 1.30 0.00 2.35 0.00 2.98 0.18 0.00 0.95 0.00 1.02 0.28 0.00 0.00 3.47 0.00 0.00 0.00 0.00
39 2.49 0.70 0.00 0.00 2.10 0.00 0.00 0.00 0.39 0.00 0.00 0.00 0.00 0.00 1.82 0.00 0.00 0.00 3.26 0.91 0.00 0.00 2.91 2.87 0.00 1.61 0.00 3.29 0.00 1.65 0.00 1.65 0.39 0.00 0.00 1.79 0.00 0.77 0.95 0.00 0.00 0.00 0.00 0.00 2.98 1.23 2.94 0.00 0.39 0.00
40 1.58 0.00 2.91 0.00 0.00 0.00 0.00 0.00 2.87 3.01 2.63 0.00 0.00 3.43 0.00 0.00 0.00 2.35 0.00 1.96 3.19 3.26 0.00 0.00 0.00 0.04 0.00 0.00 3.15 2.87 0.00 0.00 2.77 0.00 1.54 0.00 0.00 0.67 0.00 0.00 0.00 2.00 0.00 0.00 1.19 0.81 0.00 2.42 0.00 3.29
41 0.00 2.77 0.00 0.00 0.00 2.28 0.00 3.01 0.00 0.00 0.00 0.00 0.95 2.14 0.00 0.56 3.05 2.00 0.39 0.00 3.36 0.00 0.00 0.00 0.00 0.00 1.23 2.94 0.00 0.00 3.33 0.00 2.87 2.42 0.39 1.54 1.16 0.00 1.02 0.00 2.00 0.00 0.00 0.00 0.00 0.00 2.63 0.00 0.00 0.49
42 0.32 1.54 0.00 0.00 0.00 0.98 0.00 0.00 3.22 0.00 1.37 0.00 0.00 0.00 1.65 0.00 0.00 0.00 2.38 2.14 0.63 3.08 1.68 1.54 1.65 0.00 1.93 3.50 2.52 0.63 3.26 0.00 0.00 0.00 1.44 1.79 0.00 1.93 0.28 0.00 0.00 0.00 0.00 0.00 0.00 2.10 2.98 0.00 2.98 2.17
43 1.65 0.00 2.42 0.00 3.12 0.00 0.88 0.67 0.00 0.00 0.00 0.00 3.22 3.15 0.00 0.00 0.00 0.84 0.00 0.84 0.00 1.82 0.00 0.88 0.00 2.07 0.00 3.50 1.58 3.12 0.74 2.31 0.00 1.93 0.63 0.00 2.80 0.00 0.00 0.00 0.00 0.00 0.00 0.00 0.07 0.00 2.42 0.00 0.00 0.00
44 0.00 0.00 2.03 2.17 0.00 0.07 0.00 2.03 0.00 0.77 0.00 0.00 0.00 0.00 0.00 0.00 0.00 1.19 2.56 0.00 3.19 0.00 0.00 1.05 0.00 0.00 0.39 2.70 0.00 1.30 0.00 3.47 1.54 0.00 0.00 3.05 0.00 2.70 0.00 2.98 1.19 0.00 0.00 0.07 0.00 0.00 0.84 0.77 2.14 0.00
45 0.00 3.33 0.00 0.00 0.84 1.58 0.00 1.16 0.74 0.00 0.00 1.68 0.00 2.94 0.00 0.21 0.00 0.00 0.00 2.03 0.00 3.01 0.00 1.72 0.00 3.08 1.23 2.56 0.98 0.00 1.26 0.00 1.86 0.84 2.56 0.21 0.63 0.00 3.47 1.23 0.81 0.00 2.10 0.00 0.00 0.00 2.07 0.00 0.32 2.14
46 0.00 0.00 2.70 0.00 0.00 0.00 2.07 3.47 2.70 0.49 1.37 1.89 1.44 3.50 1.93 1.58 0.00 1.68 0.00 0.00 0.00 0.00 0.00 2.14 0.00 1.40 0.00 3.22 0.00 2.98 1.54 2.66 0.81 0.00 0.00 2.52 0.00 3.22 0.00 2.94 0.00 2.63 2.98 2.42 0.84 2.07 0.00 0.00 2.14 0.00
47 0.00 0.00 0.00 1.19 1.23 0.00 0.56 3.40 1.72 0.91 0.00 0.00 3.01 0.00 0.32 0.53 1.79 0.00 0.00 2.94 0.00 0.00 0.00 0.00 2.31 1.72 0.00 2.31 0.00 0.00 0.00 1.02 0.56 0.00 0.00 0.77 0.00 3.08 0.00 0.00 2.42 0.00 0.00 0.00 0.77 0.00 0.00 0.00 0.00 2.38
48 0.00 2.38 0.00 0.18 2.03 2.66 0.00 0.00 0.00 2.52 0.77 0.00 0.00 0.00 0.00 2.70 0.00 1.58 0.70 2.03 2.59 3.40 0.67 2.59 0.88 0.00 0.00 0.56 0.00 0.00 0.00 0.00 0.00 3.08 0.21 0.32 0.00 0.00 0.00 0.39 0.00 0.00 2.98 0.00 2.14 0.32 2.14 0.00 0.00 0.00
49 0.00 3.15 0.35 0.00 0.00 0.00 0.00 0.00 0.00 0.35 0.00 0.00 3.12 0.00 1.51 2.07 3.29 3.08 3.22 0.00 2.87 0.56 0.00 0.00 1.16 0.00 0.18 0.00 0.00 0.07 1.58 0.00 0.00 0.21 0.00 0.00 3.26 0.49 0.00 0.00 3.29 0.49 2.17 0.00 0.00 2.14 0.00 2.38 0.00 0.00

ITEMS
nominal_profits 0.00 0.00 59.00 9.00 71.00 0.00 5.00 38.00 15.00 28.00 0.00 0.00 91.00 51.00 58.00 0.00 0.00 0.00 10.00 0.00 48.00 0.00 0.00 0.00 0.00 24.00 0.00 34.00 60.00 0.00 0.00 0.00 10.00 0.00 81.00 0.00 90.00 18.00 94.00 87.00 50.00 29.00 67.00 42.00 0.00 58.00 4.00 45.00 76.00 0.00
weights 13 29 19 11 41 3 9 19 3 7 45 5 47 8 42 33 48 20 5 6 42 29 5 24 44 16 29 41 45 5 13 18 36 28 43 11 47 26 19 29 50 5 3 39 1 5 29 33 27 33
capacity 982
k_max 45

COMMENTS
original_pairwise_profits
0 0.00 0.00 0.00 2.00 23.00 77.00 65.00 0.00 0.00 92.00 0.00 0.00 78.00 44.00 0.00 37.00 0.00 0.00 0.00 0.00 0.00 0.00 61.00 80.00 3.00 54.00 0.00 37.00 57.00 0.00 38.00 74.00 33.00 58.00 75.00 0.00 88.00 78.00 0.00 71.00 45.00 0.00 9.00 47.00 0.00 0.00 0.00 0.00 0.00 0.00
1 0.00 0.00 34.00 0.00 52.00 0.00 100.00 0.00 21.00 0.00 0.00 36.00 89.00 55.00 0.00 0.00 53.00 45.00 0.00 52.00 36.00 0.00 10.00 59.00 0.00 47.00 43.00 92.00 74.00 70.00 81.00 0.00 0.00 0.00 11.00 42.00 0.00 0.00 0.00 20.00 0.00 79.00 44.00 0.00 0.00 95.00 0.00 0.00 68.00 90.00
2 0.00 34.00 0.00 0.00 0.00 5.00 67.00 0.00 0.00 40.00 59.00 0.00 28.00 0.00 2.00 15.00 42.00 0.00 0.00 89.00 0.00 0.00 0.00 11.00 62.00 0.00 0.00 0.00 72.00 0.00 82.00 10.00 0.00 0.00 0.00 7.00 0.00 0.00 0.00 0.00 83.00 0.00 0.00 69.00 58.00 0.00 77.00 0.00 0.00 10.00
3 2.00 0.00 0.00 0.00 5.00 90.00 37.00 0.00 0.00 24.00 83.00 0.00 0.00 0.00 0.00 49.00 54.00 93.00 0.00 0.00 0.00 50.00 42.00 0.00 69.00 52.00 0.00 7.00 51.00 0.00 0.00 65.00 21.00 31.00 40.00 0.00 0.00 67.00 0.00 0.00 0.00 0.00 0.00 0.00 62.00 0.00 0.00 34.00 5.00 0.00
4 23.00 52.00 0.00 5.00 0.00 0.00 0.00 0.00 88.00 0.00 0.00 69.00 6.00 0.00 0.00 0.00 27.00 16.00 38.00 0.00 34.00 0.00 0.00 57.00 0.00 85.00 55.00 0.00 0.00 70.00 93.00 70.00 30.00 32.00 0.00 30.00 90.00 0.00 39.00 60.00 0.00 0.00 0.00 89.00 0.00 24.00 0.00 35.00 58.00 0.00
5 77.00 0.00 5.00 90.00 0.00 0.00 0.00 60.00 0.00 0.00 33.00 0.00 0.00 77.00 73.00 0.00 63.00 56.00 63.00 88.00 0.00 0.00 0.00 0.00 23.00 0.00 0.00 0.00 0.00 75.00 89.00 0.00 0.00 0.00 43.00 0.00 52.00 0.00 0.00 0.00 0.00 65.00 28.00 0.00 2.00 45.00 0.00 0.00 76.00 0.00
6 65.00 100.00 67.00 37.00 0.00 0.00 0.00 0.00 0.00 0.00 0.00 0.00 68.00 98.00 0.00 25.00 0.00 43.00 99.00 12.00 17.00 25.00 0.00 91.00 70.00 96.00 0.00 21.00 95.00 0.00 0.00 28.00 20.00 26.00 61.00 0.00 36.00 0.00 0.00 0.00 0.00 0.00 0.00 25.00 0.00 0.00 59.00 16.00 0.00 0.00
7 0.00 0.00 0.00 0.00 0.00 60.00 0.00 0.00 41.00 0.00 0.00 13.00 0.00 0.00 74.00 12.00 0.00 0.00 0.00 90.00 0.00 13.00 16.00 0.00 33.00 0.00 17.00 36.00 0.00 53.00 69.00 0.00 0.00 69.00 2.00 39.00 15.00 0.00 52.00 0.00 0.00 86.00 0.00 19.00 58.00 33.00 99.00 97.00 0.00 0.00
8 0.00 21.00 0.00 0.00 88.00 0.00 0.00 41.00 0.00 0.00 94.00 0.00 28.00 0.00 43.00 55.00 77.00 0.00 0.00 6.00 98.00 0.00 0.00 0.00 62.00 66.00 36.00 46.00 0.00 61.00 0.00 0.00 19.00 44.00 0.00 0.00 0.00 71.00 0.00 11.00 82.00 0.00 92.00 0.00 0.00 21.00 77.00 49.00 0.00 0.00
9 92.00 0.00 40.00 24.00 0.00 0.00 0.00 0.00 0.00 0.00 98.00 0.00 11.00 77.00 0.00 0.00 0.00 71.00 77.00 40.00 0.00 19.00 0.00 0.00 0.00 13.00 35.00 0.00 46.00 74.00 65.00 2.00 0.00 0.00 51.00 0.00 64.00 9.00 0.00 0.00 86.00 0.00 0.00 0.00 22.00 0.00 14.00 26.00 72.00 10.00
10 0.00 0.00 59.00 83.00 0.00 33.00 0.00 0.00 94.00 98.00 0.00 0.00 28.00 0.00 19.00 30.00 0.00 0.00 70.00 73.00 0.00 0.00 0.00 18.00 86.00 0.00 0.00 0.00 48.00 20.00 4.00 78.00 0.00 0.00 0.00 13.00 0.00 0.00 0.00 0.00 75.00 0.00 39.00 0.00 0.00 0.00 39.00 0.00 22.00 0.00
11 0.00 36.00 0.00 0.00 69.00 0.00 0.00 13.00 0.00 0.00 0.00 0.00 0.00 87.00 69.00 0.00 19.00 0.00 12.00 0.00 35.00 94.00 51.00 0.00 0.00 76.00 10.00 0.00 40.00 0.00 97.00 32.00 0.00 19.00 49.00 43.00 0.00 0.00 11.00 0.00 0.00 0.00 0.00 0.00 0.00 48.00 54.00 0.00 0.00 0.00
12 78.00 89.00 28.00 0.00 6.00 0.00 68.00 0.00 28.00 11.00 28.00 0.00 0.00 41.00 20.00 0.00 70.00 0.00 73.00 0.00 18.00 0.00 25.00 2.00 70.00 63.00 0.00 0.00 44.00 0.00 0.00 0.00 63.00 0.00 65.00 0.00 0.00 91.00 0.00 0.00 0.00 27.00 0.00 92.00 0.00 0.00 41.00 86.00 0.00 89.00
13 44.00 55.00 0.00 0.00 0.00 77.00 98.00 0.00 0.00 77.00 0.00 87.00 41.00 0.00 31.00 53.00 0.00 0.00 7.00 0.00 58.00 0.00 0.00 4.00 2.00 66.00 0.00 62.00 0.00 98.00 47.00 0.00 0.00 13.00 92.00 0.00 74.00 78.00 39.00 0.00 98.00 61.00 0.00 90.00 0.00 84.00 100.00 0.00 0.00 0.00
14 0.00 0.00 2.00 0.00 0.00 73.00 0.00 74.00 43.00 0.00 19.00 69.00 20.00 31.00 0.00 21.00 0.00 0.00 0.00 0.00 0.00 0.00 0.00 0.00 0.00 96.00 87.00 2.00 41.00 86.00 0.00 0.00 2.00 94.00 0.00 0.00 39.00 0.00 48.00 52.00 0.00 0.00 47.00 0.00 0.00 0.00 55.00 9.00 0.00 43.00
15 37.00 0.00 15.00 49.00 0.00 0.00 25.00 12.00 55.00 0.00 30.00 0.00 0.00 53.00 21.00 0.00 90.00 3.00 12.00 81.00 0.00 43.00 18.00 0.00 20.00 0.00 52.00 0.00 0.00 0.00 59.00 0.00 21.00 0.00 46.00 0.00 7.00 0.00 0.00 0.00 0.00 16.00 0.00 0.00 0.00 6.00 45.00 15.00 77.00 59.00
16 0.00 53.00 42.00 54.00 27.00 63.00 0.00 0.00 77.00 0.00 0.00 19.00 70.00 0.00 0.00 90.00 0.00 0.00 8.00 0.00 0.00 29.00 0.00 0.00 43.00 43.00 25.00 0.00 0.00 0.00 0.00 0.00 0.00 0.00 53.00 77.00 66.00 67.00 64.00 0.00 0.00 87.00 0.00 0.00 0.00 0.00 0.00 51.00 0.00 94.00
17 0.00 45.00 0.00 93.00 16.00 56.00 43.00 0.00 0.00 71.00 0.00 0.00 0.00 0.00 0.00 3.00 0.00 0.00 0.00 35.00 0.00 0.00 0.00 0.00 90.00 0.00 45.00 87.00 0.00 97.00 0.00 37.00 0.00 30.00 45.00 12.00 96.00 68.00 97.00 0.00 67.00 57.00 0.00 24.00 34.00 0.00 48.00 0.00 45.00 88.00
18 0.00 0.00 0.00 0.00 38.00 63.00 99.00 0.00 0.00 77.00 70.00 12.00 73.00 7.00 0.00 12.00 8.00 0.00 0.00 69.00 85.00 0.00 0.00 0.00 0.00 25.00 51.00 0.00 42.00 0.00 74.00 83.00 0.00 1.00 0.00 53.00 0.00 69.00 0.00 93.00 0.00 11.00 68.00 0.00 73.00 0.00 0.00 0.00 20.00 92.00
19 0.00 52.00 89.00 0.00 0.00 88.00 12.00 90.00 6.00 40.00 73.00 0.00 0.00 0.00 0.00 81.00 0.00 35.00 69.00 0.00 0.00 0.00 0.00 33.00 54.00 0.00 59.00 0.00 24.00 74.00 0.00 0.00 75.00 0.00 67.00 96.00 30.00 33.00 22.00 26.00 56.00 0.00 61.00 24.00 0.00 58.00 0.00 84.00 58.00 0.00
20 0.00 36.00 0.00 0.00 34.00 0.00 17.00 0.00 98.00 0.00 0.00 35.00 18.00 58.00 0.00 0.00 0.00 0.00 85.00 0.00 0.00 0.00 66.00 0.00 43.00 0.00 85.00 0.00 0.00 14.00 0.00 0.00 0.00 64.00 99.00 11.00 0.00 60.00 0.00 0.00 91.00 96.00 18.00 0.00 91.00 0.00 0.00 0.00 74.00 82.00
21 0.00 0.00 0.00 50.00 0.00 0.00 25.00 13.00 0.00 19.00 0.00 94.00 0.00 0.00 0.00 43.00 29.00 0.00 0.00 0.00 0.00 0.00 0.00 0.00 15.00 63.00 0.00 0.00 0.00 55.00 88.00 0.00 0.00 0.00 0.00 46.00 23.00 39.00 0.00 0.00 93.00 0.00 88.00 52.00 0.00 86.00 0.00 0.00 97.00 16.00
22 61.00 10.00 0.00 42.00 0.00 0.00 0.00 16.00 0.00 0.00 0.00 51.00 25.00 0.00 0.00 18.00 0.00 0.00 0.00 0.00 66.00 0.00 0.00 3.00 0.00 0.00 64.00 38.00 93.00 0.00 0.00 0.00 35.00 72.00 0.00 0.00 79.00 0.00 0.00 83.00 0.00 0.00 48.00 0.00 0.00 0.00 0.00 0.00 19.00 0.00
23 80.00 59.00 11.00 0.00 57.00 0.00 91.00 0.00 0.00 0.00 18.00 0.00 2.00 4.00 0.00 0.00 0.00 0.00 0.00 33.00 0.00 0.00 3.00 0.00 0.00 59.00 98.00 92.00 0.00 0.00 0.00 96.00 12.00 62.00 0.00 82.00 0.00 0.00 2.00 82.00 0.00 0.00 44.00 25.00 30.00 49.00 61.00 0.00 74.00 0.00
24 3.00 0.00 62.00 69.00 0.00 23.00 70.00 33.00 62.00 0.00 86.00 0.00 70.00 2.00 0.00 20.00 43.00 90.00 0.00 54.00 43.00 15.00 0.00 0.00 0.00 0.00 0.00 13.00 0.00 0.00 0.00 0.00 0.00 5.00 77.00 2.00 97.00 61.00 83.00 0.00 0.00 0.00 47.00 0.00 0.00 0.00 0.00 66.00 25.00 33.00
25 54.00 47.00 0.00 52.00 85.00 0.00 96.00 0.00 66.00 13.00 0.00 76.00 63.00 66.00 96.00 0.00 43.00 0.00 25.00 0.00 0.00 63.00 0.00 59.00 0.00 0.00 3.00 0.00 0.00 0.00 0.00 0.00 41.00 8.00 88.00 14.00 2.00 42.00 35.00 46.00 1.00 0.00 0.00 59.00 0.00 88.00 40.00 49.00 0.00 0.00
26 0.00 43.00 0.00 0.00 55.00 0.00 0.00 17.00 36.00 35.00 0.00 10.00 0.00 0.00 87.00 52.00 25.00 45.00 51.00 59.00 85.00 0.00 64.00 98.00 0.00 3.00 0.00 13.00 44.00 0.00 72.00 0.00 28.00 90.00 0.00 0.00 40.00 99.00 11.00 0.00 0.00 35.00 55.00 0.00 11.00 35.00 0.00 0.00 0.00 5.00
27 37.00 92.00 0.00 7.00 0.00 0.00 21.00 36.00 46.00 0.00 0.00 0.00 0.00 62.00 2.00 0.00 0.00 87.00 0.00 0.00 0.00 0.00 38.00 92.00 13.00 0.00 13.00 0.00 0.00 0.00 0.00 83.00 48.00 21.00 0.00 0.00 0.00 0.00 0.00 94.00 0.00 84.00 100.00 100.00 77.00 73.00 92.00 66.00 16.00 0.00
28 57.00 74.00 72.00 51.00 0.00 0.00 95.00 0.00 0.00 46.00 48.00 40.00 44.00 0.00 41.00 0.00 0.00 0.00 42.00 24.00 0.00 0.00 93.00 0.00 0.00 0.00 44.00 0.00 0.00 83.00 0.00 0.00 0.00 99.00 21.00 97.00 0.00 74.00 0.00 0.00 90.00 0.00 72.00 45.00 0.00 28.00 0.00 0.00 0.00 0.00
29 0.00 70.00 0.00 0.00 70.00 75.00 0.00 53.00 61.00 74.00 20.00 0.00 0.00 98.00 86.00 0.00 0.00 97.00 0.00 74.00 14.00 55.00 0.00 0.00 0.00 0.00 0.00 0.00 83.00 0.00 49.00 0.00 0.00 0.00 9.00 0.00 69.00 0.00 93.00 47.00 82.00 0.00 18.00 89.00 37.00 0.00 85.00 0.00 0.00 2.00
30 38.00 81.00 82.00 0.00 93.00 89.00 0.00 69.00 0.00 65.00 4.00 97.00 0.00 47.00 0.00 59.00 0.00 0.00 74.00 0.00 0.00 88.00 0.00 0.00 0.00 0.00 72.00 0.00 0.00 49.00 0.00 25.00 64.00 44.00 0.00 28.00 0.00 42.00 36.00 0.00 0.00 95.00 93.00 21.00 0.00 36.00 44.00 0.00 0.00 45.00
31 74.00 0.00 10.00 65.00 70.00 0.00 28.00 0.00 0.00 2.00 78.00 32.00 0.00 0.00 0.00 0.00 0.00 37.00 83.00 0.00 0.00 0.00 0.00 96.00 0.00 0.00 0.00 83.00 0.00 0.00 25.00 0.00 5.00 75.00 0.00 0.00 0.00 87.00 0.00 47.00 0.00 0.00 0.00 66.00 99.00 0.00 76.00 29.00 0.00 0.00
32 33.00 0.00 0.00 21.00 30.00 0.00 20.00 0.00 19.00 0.00 0.00 0.00 63.00 0.00 2.00 21.00 0.00 0.00 0.00 75.00 0.00 0.00 35.00 12.00 0.00 41.00 28.00 48.00 0.00 0.00 64.00 5.00 0.00 0.00 13.00 45.00 53.00 0.00 37.00 11.00 79.00 82.00 0.00 0.00 44.00 53.00 23.00 16.00 0.00 0.00
33 58.00 0.00 0.00 31.00 32.00 0.00 26.00 69.00 44.00 0.00 0.00 19.00 0.00 13.00 94.00 0.00 0.00 30.00 1.00 0.00 64.00 0.00 72.00 62.00 5.00 8.00 90.00 21.00 99.00 0.00 44.00 75.00 0.00 0.00 3.00 21.00 0.00 0.00 0.00 0.00 0.00 69.00 0.00 55.00 0.00 24.00 0.00 0.00 88.00 6.00
34 75.00 11.00 0.00 40.00 0.00 43.00 61.00 2.00 0.00 51.00 0.00 49.00 65.00 92.00 0.00 46.00 53.00 45.00 0.00 67.00 99.00 0.00 0.00 0.00 77.00 88.00 0.00 0.00 21.00 9.00 0.00 0.00 13.00 3.00 0.00 78.00 17.00 52.00 67.00 0.00 44.00 11.00 41.00 18.00 0.00 73.00 0.00 0.00 6.00 0.00
35 0.00 42.00 7.00 0.00 30.00 0.00 0.00 39.00 0.00 0.00 13.00 43.00 0.00 0.00 0.00 0.00 77.00 12.00 53.00 96.00 11.00 46.00 0.00 82.00 2.00 14.00 0.00 0.00 97.00 0.00 28.00 0.00 45.00 21.00 78.00 0.00 19.00 96.00 0.00 51.00 0.00 44.00 51.00 0.00 87.00 6.00 72.00 22.00 9.00 0.00
36 88.00 0.00 0.00 0.00 90.00 52.00 36.00 15.00 0.00 64.00 0.00 0.00 0.00 74.00 39.00 7.00 66.00 96.00 0.00 30.00 0.00 23.00 79.00 0.00 97.00 2.00 40.00 0.00 0.00 69.00 0.00 0.00 53.00 0.00 17.00 19.00 0.00 88.00 85.00 0.00 0.00 33.00 0.00 80.00 0.00 18.00 0.00 0.00 0.00 93.00
37 78.00 0.00 0.00 67.00 0.00 0.00 0.00 0.00 71.00 9.00 0.00 0.00 91.00 78.00 0.00 0.00 67.00 68.00 69.00 33.00 60.00 39.00 0.00 0.00 61.00 42.00 99.00 0.00 74.00 0.00 42.00 87.00 0.00 0.00 52.00 96.00 88.00 0.00 5.00 22.00 19.00 0.00 55.00 0.00 77.00 0.00 92.00 88.00 0.00 14.00
38 0.00 0.00 0.00 0.00 39.00 0.00 0.00 52.00 0.00 0.00 0.00 11.00 0.00 39.00 48.00 0.00 64.00 97.00 0.00 22.00 0.00 0.00 0.00 2.00 83.00 35.00 11.00 0.00 0.00 93.00 36.00 0.00 37.00 0.00 67.00 0.00 85.00 5.00 0.00 27.00 0.00 29.00 8.00 0.00 0.00 99.00 0.00 0.00 0.00 0.00
39 71.00 20.00 0.00 0.00 60.00 0.00 0.00 0.00 11.00 0.00 0.00 0.00 0.00 0.00 52.00 0.00 0.00 0.00 93.00 26.00 0.00 0.00 83.00 82.00 0.00 46.00 0.00 94.00 0.00 47.00 0.00 47.00 11.00 0.00 0.00 51.00 0.00 22.00 27.00 0.00 0.00 0.00 0.00 0.00 85.00 35.00 84.00 0.00 11.00 0.00
40 45.00 0.00 83.00 0.00 0.00 0.00 0.00 0.00 82.00 86.00 75.00 0.00 0.00 98.00 0.00 0.00 0.00 67.00 0.00 56.00 91.00 93.00 0.00 0.00 0.00 1.00 0.00 0.00 90.00 82.00 0.00 0.00 79.00 0.00 44.00 0.00 0.00 19.00 0.00 0.00 0.00 57.00 0.00 0.00 34.00 23.00 0.00 69.00 0.00 94.00
41 0.00 79.00 0.00 0.00 0.00 65.00 0.00 86.00 0.00 0.00 0.00 0.00 27.00 61.00 0.00 16.00 87.00 57.00 11.00 0.00 96.00 0.00 0.00 0.00 0.00 0.00 35.00 84.00 0.00 0.00 95.00 0.00 82.00 69.00 11.00 44.00 33.00 0.00 29.00 0.00 57.00 0.00 0.00 0.00 0.00 0.00 75.00 0.00 0.00 14.00
42 9.00 44.00 0.00 0.00 0.00 28.00 0.00 0.00 92.00 0.00 39.00 0.00 0.00 0.00 47.00 0.00 0.00 0.00 68.00 61.00 18.00 88.00 48.00 44.00 47.00 0.00 55.00 100.00 72.00 18.00 93.00 0.00 0.00 0.00 41.00 51.00 0.00 55.00 8.00 0.00 0.00 0.00 0.00 0.00 0.00 60.00 85.00 0.00 85.00 62.00
43 47.00 0.00 69.00 0.00 89.00 0.00 25.00 19.00 0.00 0.00 0.00 0.00 92.00 90.00 0.00 0.00 0.00 24.00 0.00 24.00 0.00 52.00 0.00 25.00 0.00 59.00 0.00 100.00 45.00 89.00 21.00 66.00 0.00 55.00 18.00 0.00 80.00 0.00 0.00 0.00 0.00 0.00 0.00 0.00 2.00 0.00 69.00 0.00 0.00 0.00
44 0.00 0.00 58.00 62.00 0.00 2.00 0.00 58.00 0.00 22.00 0.00 0.00 0.00 0.00 0.00 0.00 0.00 34.00 73.00 0.00 91.00 0.00 0.00 30.00 0.00 0.00 11.00 77.00 0.00 37.00 0.00 99.00 44.00 0.00 0.00 87.00 0.00 77.00 0.00 85.00 34.00 0.00 0.00 2.00 0.00 0.00 24.00 22.00 61.00 0.00
45 0.00 95.00 0.00 0.00 24.00 45.00 0.00 33.00 21.00 0.00 0.00 48.00 0.00 84.00 0.00 6.00 0.00 0.00 0.00 58.00 0.00 86.00 0.00 49.00 0.00 88.00 35.00 73.00 28.00 0.00 36.00 0.00 53.00 24.00 73.00 6.00 18.00 0.00 99.00 35.00 23.00 0.00 60.00 0.00 0.00 0.00 59.00 0.00 9.00 61.00
46 0.00 0.00 77.00 0.00 0.00 0.00 59.00 99.00 77.00 14.00 39.00 54.00 41.00 100.00 55.00 45.00 0.00 48.00 0.00 0.00 0.00 0.00 0.00 61.00 0.00 40.00 0.00 92.00 0.00 85.00 44.00 76.00 23.00 0.00 0.00 72.00 0.00 92.00 0.00 84.00 0.00 75.00 85.00 69.00 24.00 59.00 0.00 0.00 61.00 0.00
47 0.00 0.00 0.00 34.00 35.00 0.00 16.00 97.00 49.00 26.00 0.00 0.00 86.00 0.00 9.00 15.00 51.00 0.00 0.00 84.00 0.00 0.00 0.00 0.00 66.00 49.00 0.00 66.00 0.00 0.00 0.00 29.00 16.00 0.00 0.00 22.00 0.00 88.00 0.00 0.00 69.00 0.00 0.00 0.00 22.00 0.00 0.00 0.00 0.00 68.00
48 0.00 68.00 0.00 5.00 58.00 76.00 0.00 0.00 0.00 72.00 22.00 0.00 0.00 0.00 0.00 77.00 0.00 45.00 20.00 58.00 74.00 97.00 19.00 74.00 25.00 0.00 0.00 16.00 0.00 0.00 0.00 0.00 0.00 88.00 6.00 9.00 0.00 0.00 0.00 11.00 0.00 0.00 85.00 0.00 61.00 9.00 61.00 0.00 0.00 0.00
49 0.00 90.00 10.00 0.00 0.00 0.00 0.00 0.00 0.00 10.00 0.00 0.00 89.00 0.00 43.00 59.00 94.00 88.00 92.00 0.00 82.00 16.00 0.00 0.00 33.00 0.00 5.00 0.00 0.00 2.00 45.00 0.00 0.00 6.00 0.00 0.00 93.00 14.00 0.00 0.00 94.00 14.00 62.00 0.00 0.00 61.00 0.00 68.00 0.00 0.00
mcp_obj 45
mcp_gap 0
mcp_x 1 1 1 1 1 1 1 1 1 1 1 1 0 1 1 1 0 1 1 1 1 1 1 1 1 1 1 1 0 1 1 1 1 1 1 1 0 1 1 1 0 1 1 1 1 1 1 1 1 1
