NAME N50_rc_0.7_rGamma_1_dc_0.035_dGamma_0.0005_jeu_50_75_6.txt
NUM_ITEMS 50
SOURCE jeu_50_75_6
PARAMETERS
r_c 0.7
r_Gamma 1
d_c 0.035
d_Gamma 0.0005

BOUNDS
c_lb 0.00
c_ub 127.03
Gamma_lb 8
Gamma_ub 37
B_i_1_lb 0.00 0.00 0.00 0.00 0.00 0.00 0.00 0.00 0.00 0.00 0.00 0.00 0.00 0.00 0.00 0.00 0.00 0.00 0.00 0.00 0.00 0.00 0.00 0.00 0.00 0.00 0.00 0.00 0.00 0.00 0.00 0.00 0.00 0.00 0.00 0.00 0.00 0.00 0.00 0.00 0.00 0.00 0.00 0.00 0.00 0.00 0.00 0.00 0.00 0.00
B_i_1_ub 46.89 58.01 52.85 40.97 45.19 58.02 47.15 48.49 57.42 53.72 39.75 59.04 46.90 54.27 57.30 51.66 53.59 55.33 50.86 48.33 44.82 57.69 46.72 50.39 48.60 38.25 60.33 50.18 55.50 49.60 59.99 43.04 53.99 65.17 57.00 55.82 56.37 52.55 55.66 54.92 68.77 47.90 61.32 57.22 57.63 47.32 49.94 62.44 63.07 50.81
B_i_0_lb 0.00 0.00 0.00 0.00 0.00 0.00 0.00 0.00 0.00 0.00 0.00 0.00 0.00 0.00 0.00 0.00 0.00 0.00 0.00 0.00 0.00 0.00 0.00 0.00 0.00 0.00 0.00 0.00 0.00 0.00 0.00 0.00 0.00 0.00 0.00 0.00 0.00 0.00 0.00 0.00 0.00 0.00 0.00 0.00 0.00 0.00 0.00 0.00 0.00 0.00
B_i_0_ub 47.62 58.47 52.85 41.70 45.65 58.02 48.34 49.93 58.22 55.26 39.86 59.81 47.42 55.82 58.74 53.06 55.27 56.17 52.37 50.15 45.16 58.57 47.74 50.99 49.16 38.46 61.23 51.44 55.64 51.35 61.95 44.62 54.59 65.45 58.54 56.84 56.97 53.50 57.31 56.46 70.73 48.05 62.27 58.02 57.94 48.37 49.94 62.75 63.49 51.86
c_i_1_lb 37.10 56.70 25.20 7.70 63.70 0.00 16.80 25.20 49.00 0.00 0.00 0.00 24.50 46.90 42.00 0.70 70.00 0.00 19.60 25.20 13.30 9.10 11.20 34.30 25.90 0.00 65.80 37.80 0.00 0.00 25.90 16.80 69.30 1.40 0.00 15.40 21.70 1.40 0.00 63.70 0.00 18.20 35.70 51.10 0.00 0.00 51.10 0.00 0.00 0.00
c_i_1_ub 83.99 114.71 78.05 48.67 108.89 58.02 63.95 73.69 106.42 53.72 39.75 59.04 71.40 101.17 99.30 52.36 123.59 55.33 70.46 73.53 58.12 66.79 57.92 84.69 74.50 38.25 126.13 87.98 55.50 49.60 85.89 59.84 123.29 66.57 57.00 71.22 78.07 53.95 55.66 118.62 68.77 66.10 97.02 108.32 57.63 47.32 101.04 62.44 63.07 50.81
c_i_0_lb 37.10 56.70 25.20 7.70 63.70 0.00 16.80 25.20 49.00 0.00 0.00 0.00 24.50 46.90 42.00 0.70 70.00 0.00 19.60 25.20 13.30 9.10 11.20 34.30 25.90 0.00 65.80 37.80 0.00 0.00 25.90 16.80 69.30 1.40 0.00 15.40 21.70 1.40 0.00 63.70 0.00 18.20 35.70 51.10 0.00 0.00 51.10 0.00 0.00 0.00
c_i_0_ub 84.72 115.17 78.05 49.40 109.35 58.02 65.14 75.13 107.22 55.26 39.86 59.81 71.92 102.72 100.74 53.76 125.27 56.17 71.97 75.35 58.46 67.67 58.94 85.29 75.06 38.46 127.03 89.24 55.64 51.35 87.85 61.42 123.89 66.85 58.54 72.24 78.67 54.90 57.31 120.16 70.73 66.25 97.97 109.12 57.94 48.37 101.04 62.75 63.49 51.86
c_1_lb 0.00
c_1_ub 126.13
c_0_lb 0.00
c_0_ub 127.03

BOUND_TIMES
k_max_time 0.001086
Gamma_ub_time 0.000291
B_i_1_lb_time 0.002336
B_i_1_ub_time 0.009475
B_i_0_lb_time 0.002650
B_i_0_ub_time 0.009381

DDRO_PARAMETERS
a_0 8
b_0i 0 1 1 0 0 1 0 1 1 1 0 1 1 1 1 1 1 1 1 0 0 1 0 0 1 0 1 1 1 1 1 0 1 1 1 1 1 1 1 1 1 1 1 1 1 0 1 1 1 1
a_i 37.10 56.70 25.20 7.70 63.70 0.00 16.80 25.20 49.00 0.00 0.00 0.00 24.50 46.90 42.00 0.70 70.00 0.00 19.60 25.20 13.30 9.10 11.20 34.30 25.90 0.00 65.80 37.80 0.00 0.00 25.90 16.80 69.30 1.40 0.00 15.40 21.70 1.40 0.00 63.70 0.00 18.20 35.70 51.10 0.00 0.00 51.10 0.00 0.00 0.00
b_ij
0 0.00 2.80 1.96 0.98 0.46 0.32 0.63 0.95 0.00 2.42 0.28 0.00 0.70 0.74 2.00 0.42 2.80 0.81 0.04 0.00 0.00 0.77 0.07 0.00 1.89 0.00 0.00 0.00 0.81 1.82 2.94 1.54 0.00 1.23 2.24 0.00 0.00 0.00 2.28 0.28 2.70 2.73 2.28 1.65 0.81 1.86 2.38 1.75 1.68 0.28
1 2.80 0.00 3.08 0.21 0.07 1.02 0.00 1.26 1.12 2.14 0.42 3.01 1.89 0.11 2.98 2.10 2.49 1.30 0.00 0.00 3.01 0.32 0.00 2.98 0.00 0.00 3.01 2.80 0.84 1.89 1.37 0.00 0.70 2.10 1.61 1.79 3.08 2.94 1.16 0.00 3.19 0.84 1.16 0.00 2.87 0.00 0.00 0.53 2.00 2.03
2 1.96 3.08 0.00 0.00 2.24 1.40 1.05 0.00 3.01 0.42 1.37 2.52 0.00 3.12 1.54 0.00 1.02 0.00 1.96 1.09 0.00 0.00 2.38 0.88 2.31 0.00 0.95 1.51 2.52 1.54 1.65 1.23 1.33 1.02 1.54 0.00 2.10 0.00 0.88 0.95 2.45 0.00 3.40 1.02 0.00 0.88 1.96 2.87 2.45 0.60
3 0.98 0.21 0.00 0.00 0.00 2.49 2.73 0.00 1.72 1.37 0.00 1.82 1.12 0.00 3.12 1.72 0.00 0.14 0.77 1.75 0.00 0.00 2.31 3.19 0.18 1.54 0.00 1.47 0.04 1.79 2.70 0.00 0.00 0.07 0.00 1.51 0.04 2.38 0.00 0.00 0.00 0.21 0.11 1.16 1.33 2.14 2.52 0.28 2.14 1.05
4 0.46 0.07 2.24 0.00 0.00 1.02 2.73 2.31 1.61 0.00 0.00 3.15 0.28 0.00 0.35 0.21 0.00 0.53 3.43 0.84 1.96 1.23 0.53 1.61 0.11 0.00 2.77 0.81 0.56 1.93 0.84 0.00 3.22 3.29 1.86 1.89 0.60 0.00 0.60 0.00 2.66 0.00 0.00 0.00 0.00 0.42 0.00 2.14 1.65 0.00
5 0.32 1.02 1.40 2.49 1.02 0.00 0.91 0.14 2.59 2.17 1.30 2.56 0.00 0.00 0.00 0.07 2.31 2.84 0.00 0.88 2.52 3.29 0.67 0.00 1.58 0.00 0.00 1.61 0.00 0.00 3.01 0.00 1.12 3.47 0.98 0.00 3.12 0.00 2.77 2.42 2.24 0.00 0.14 3.40 2.87 0.00 0.21 3.36 2.45 0.21
6 0.63 0.00 1.05 2.73 2.73 0.91 0.00 0.00 0.00 1.54 0.70 2.03 0.67 0.63 0.00 2.59 0.32 1.33 1.82 0.18 1.68 0.00 1.16 1.30 1.47 0.00 0.04 0.00 2.21 1.68 0.00 0.00 0.00 2.28 0.18 2.03 2.94 0.21 1.23 1.33 2.56 1.47 1.12 0.00 0.00 0.07 2.84 2.35 0.00 2.35
7 0.95 1.26 0.00 0.00 2.31 0.14 0.00 0.00 0.00 1.47 0.60 2.70 0.00 1.44 0.95 0.00 3.05 1.89 0.00 0.21 0.00 3.43 0.00 0.00 1.54 2.42 1.09 0.25 2.07 0.00 1.96 0.67 2.59 2.07 0.00 2.14 2.35 0.00 2.73 3.36 2.07 0.42 0.00 1.75 0.00 1.33 0.00 0.21 2.87 0.11
8 0.00 1.12 3.01 1.72 1.61 2.59 0.00 0.00 0.00 2.77 2.17 1.33 0.00 1.68 0.74 0.25 0.42 1.86 0.00 1.19 0.98 0.32 0.77 0.00 2.45 3.22 1.79 0.00 3.36 1.02 0.74 3.33 0.00 1.54 1.40 0.00 1.23 0.00 1.54 2.03 1.37 0.77 1.96 2.10 0.53 0.00 3.19 3.47 2.63 0.00
9 2.42 2.14 0.42 1.37 0.00 2.17 1.54 1.47 2.77 0.00 0.91 0.00 0.00 2.94 2.35 0.35 3.33 0.00 0.00 0.60 0.00 2.10 3.26 1.75 1.51 2.73 1.26 2.70 1.19 1.51 0.00 0.00 2.00 3.19 0.00 0.04 0.00 1.26 2.87 1.54 1.30 2.31 0.42 0.11 0.35 2.49 0.00 0.74 1.12 0.00
10 0.28 0.42 1.37 0.00 0.00 1.30 0.70 0.60 2.17 0.91 0.00 1.02 0.00 0.56 0.42 0.00 2.07 0.00 0.00 0.00 0.00 0.00 0.00 1.58 0.56 0.00 0.00 0.00 1.79 1.89 1.65 1.65 0.00 0.84 2.42 2.87 1.05 0.14 0.46 0.98 0.00 3.47 2.66 0.00 3.33 0.00 0.00 0.11 3.05 0.39
11 0.00 3.01 2.52 1.82 3.15 2.56 2.03 2.70 1.33 0.00 1.02 0.00 0.91 2.35 0.77 1.09 0.00 0.18 0.00 2.49 1.82 0.00 0.00 0.91 3.40 0.11 2.63 0.00 0.00 1.61 0.00 0.00 1.02 1.75 0.25 2.63 0.77 0.56 1.86 0.88 3.26 0.53 0.00 0.00 2.77 0.21 1.40 2.24 3.50 2.17
12 0.70 1.89 0.00 1.12 0.28 0.00 0.67 0.00 0.00 0.00 0.00 0.91 0.00 0.18 0.53 0.63 1.72 3.33 0.18 0.14 0.18 1.47 1.16 0.00 0.00 1.26 3.08 1.30 3.08 1.09 2.98 3.19 0.56 1.51 1.79 1.72 0.00 0.74 3.36 1.82 2.84 0.00 2.49 0.91 1.09 0.25 0.00 0.21 1.82 2.91
13 0.74 0.11 3.12 0.00 0.00 0.00 0.63 1.44 1.68 2.94 0.56 2.35 0.18 0.00 0.46 3.26 2.59 3.43 0.21 0.00 3.19 0.32 0.49 0.00 0.63 0.00 3.19 1.26 0.00 3.19 0.21 0.00 0.35 2.77 1.86 3.50 0.63 2.00 0.70 1.33 3.26 2.24 0.00 0.63 1.54 3.08 0.28 0.00 2.03 1.58
14 2.00 2.98 1.54 3.12 0.35 0.00 0.00 0.95 0.74 2.35 0.42 0.77 0.53 0.46 0.00 1.30 1.82 1.37 1.61 3.08 3.43 1.33 0.00 2.84 0.00 1.09 1.75 0.00 2.28 2.14 3.05 0.00 0.56 3.01 1.23 1.86 0.00 0.00 0.95 3.22 3.50 2.45 1.05 0.63 2.17 1.44 0.60 3.40 0.74 0.32
15 0.42 2.10 0.00 1.72 0.21 0.07 2.59 0.00 0.25 0.35 0.00 1.09 0.63 3.26 1.30 0.00 0.00 1.37 0.00 0.00 0.46 2.42 2.91 2.35 1.68 0.00 0.00 0.49 2.66 0.81 0.00 1.47 2.56 3.19 2.28 2.07 0.00 0.00 0.67 1.40 2.10 2.03 0.07 1.26 0.00 2.87 2.70 3.47 0.00 2.77
16 2.80 2.49 1.02 0.00 0.00 2.31 0.32 3.05 0.42 3.33 2.07 0.00 1.72 2.59 1.82 0.00 0.00 0.00 1.51 1.16 0.00 0.70 0.00 0.00 0.00 1.23 0.42 1.68 1.44 2.28 2.73 0.28 0.53 0.00 2.66 0.00 3.47 2.17 0.14 1.96 0.28 0.11 1.93 0.67 0.98 3.08 1.86 2.63 0.11 2.42
17 0.81 1.30 0.00 0.14 0.53 2.84 1.33 1.89 1.86 0.00 0.00 0.18 3.33 3.43 1.37 1.37 0.00 0.00 2.52 1.79 1.86 0.00 0.18 1.12 1.89 0.00 3.01 0.00 2.38 0.98 0.00 0.74 0.00 1.19 3.33 2.94 0.00 1.30 1.72 0.00 1.09 0.91 3.08 0.04 0.70 0.00 1.40 3.08 2.21 2.03
18 0.04 0.00 1.96 0.77 3.43 0.00 1.82 0.00 0.00 0.00 0.00 0.00 0.18 0.21 1.61 0.00 1.51 2.52 0.00 0.00 0.00 1.05 0.67 0.00 3.29 0.00 1.02 0.00 1.23 0.00 2.73 1.23 1.44 0.42 3.15 1.54 3.40 2.94 1.26 0.39 1.89 1.26 3.01 2.63 1.72 0.00 0.53 3.05 1.19 0.60
19 0.00 0.00 1.09 1.75 0.84 0.88 0.18 0.21 1.19 0.60 0.00 2.49 0.14 0.00 3.08 0.00 1.16 1.79 0.00 0.00 0.00 2.73 0.53 0.11 2.31 0.46 0.00 0.39 0.00 0.53 1.58 3.05 3.12 2.59 0.18 0.00 3.47 2.73 2.91 0.14 2.94 0.14 2.98 0.11 0.00 1.44 0.00 1.19 1.58 1.12
20 0.00 3.01 0.00 0.00 1.96 2.52 1.68 0.00 0.98 0.00 0.00 1.82 0.18 3.19 3.43 0.46 0.00 1.86 0.00 0.00 0.00 0.00 0.00 1.09 0.49 0.00 0.46 0.00 3.29 1.54 2.52 1.86 0.00 0.84 0.00 1.23 0.00 2.59 0.00 0.32 0.00 0.00 0.91 1.65 1.30 0.42 0.00 0.00 2.14 3.26
21 0.77 0.32 0.00 0.00 1.23 3.29 0.00 3.43 0.32 2.10 0.00 0.00 1.47 0.32 1.33 2.42 0.70 0.00 1.05 2.73 0.00 0.00 2.87 2.49 2.07 1.86 2.17 3.22 1.72 0.77 2.94 0.39 0.88 2.52 0.00 2.52 0.07 3.50 1.44 2.80 2.63 3.26 2.31 0.11 0.67 0.00 0.32 1.82 0.00 0.00
22 0.07 0.00 2.38 2.31 0.53 0.67 1.16 0.00 0.77 3.26 0.00 0.00 1.16 0.49 0.00 2.91 0.00 0.18 0.67 0.53 0.00 2.87 0.00 0.00 0.91 1.51 0.00 1.75 1.75 1.47 0.00 0.00 3.12 3.05 0.00 0.98 0.42 0.32 0.21 2.35 1.02 0.00 1.68 1.96 3.08 0.00 0.35 1.23 2.63 1.23
23 0.00 2.98 0.88 3.19 1.61 0.00 1.30 0.00 0.00 1.75 1.58 0.91 0.00 0.00 2.84 2.35 0.00 1.12 0.00 0.11 1.09 2.49 0.00 0.00 0.49 0.00 0.63 1.54 0.00 0.00 0.00 0.00 0.00 3.40 0.60 0.00 0.00 3.47 1.37 3.08 0.00 2.17 2.38 3.22 0.00 0.25 0.00 2.31 2.24 0.32
24 1.89 0.00 2.31 0.18 0.11 1.58 1.47 1.54 2.45 1.51 0.56 3.40 0.00 0.63 0.00 1.68 0.00 1.89 3.29 2.31 0.49 2.07 0.91 0.49 0.00 1.44 0.00 1.19 1.23 0.35 0.00 1.54 2.63 2.80 2.38 0.67 2.03 2.21 1.16 0.67 2.84 0.00 1.37 3.29 1.58 0.00 0.00 0.60 0.11 0.70
25 0.00 0.00 0.00 1.54 0.00 0.00 0.00 2.42 3.22 2.73 0.00 0.11 1.26 0.00 1.09 0.00 1.23 0.00 0.00 0.46 0.00 1.86 1.51 0.00 1.44 0.00 0.00 0.00 2.56 0.00 1.37 0.00 0.00 0.91 2.31 0.00 0.77 0.11 0.00 2.56 0.00 0.00 1.09 3.26 1.05 0.00 2.00 1.05 0.77 0.25
26 0.00 3.01 0.95 0.00 2.77 0.00 0.04 1.09 1.79 1.26 0.00 2.63 3.08 3.19 1.75 0.00 0.42 3.01 1.02 0.00 0.46 2.17 0.00 0.63 0.00 0.00 0.00 1.96 0.00 2.28 3.22 0.56 0.00 3.15 0.00 3.43 2.73 3.33 0.49 0.00 0.00 0.00 3.47 3.50 1.40 2.91 0.74 2.52 0.04 2.24
27 0.00 2.80 1.51 1.47 0.81 1.61 0.00 0.25 0.00 2.70 0.00 0.00 1.30 1.26 0.00 0.49 1.68 0.00 0.00 0.39 0.00 3.22 1.75 1.54 1.19 0.00 1.96 0.00 1.75 0.18 1.09 0.95 2.80 2.77 1.44 1.72 1.16 0.35 2.66 1.72 1.51 1.93 0.14 0.74 0.07 3.22 1.26 0.56 1.86 2.63
28 0.81 0.84 2.52 0.04 0.56 0.00 2.21 2.07 3.36 1.19 1.79 0.00 3.08 0.00 2.28 2.66 1.44 2.38 1.23 0.00 3.29 1.72 1.75 0.00 1.23 2.56 0.00 1.75 0.00 0.04 0.00 0.56 0.00 0.00 0.95 3.15 0.00 0.00 0.00 2.87 2.59 1.37 0.63 2.21 3.05 2.28 0.28 3.19 0.14 0.70
29 1.82 1.89 1.54 1.79 1.93 0.00 1.68 0.00 1.02 1.51 1.89 1.61 1.09 3.19 2.14 0.81 2.28 0.98 0.00 0.53 1.54 0.77 1.47 0.00 0.35 0.00 2.28 0.18 0.04 0.00 2.70 0.04 0.00 1.75 2.56 0.46 1.79 3.40 3.29 1.44 1.72 1.51 0.07 1.72 0.18 0.39 0.14 0.00 2.73 0.63
30 2.94 1.37 1.65 2.70 0.84 3.01 0.00 1.96 0.74 0.00 1.65 0.00 2.98 0.21 3.05 0.00 2.73 0.00 2.73 1.58 2.52 2.94 0.00 0.00 0.00 1.37 3.22 1.09 0.00 2.70 0.00 1.86 0.46 0.39 0.00 2.38 2.70 1.82 0.04 1.02 2.63 0.32 1.16 1.96 2.03 0.67 0.00 0.35 2.59 3.26
31 1.54 0.00 1.23 0.00 0.00 0.00 0.00 0.67 3.33 0.00 1.65 0.00 3.19 0.00 0.00 1.47 0.28 0.74 1.23 3.05 1.86 0.39 0.00 0.00 1.54 0.00 0.56 0.95 0.56 0.04 1.86 0.00 1.93 0.00 0.49 2.14 2.38 0.00 0.00 2.66 0.00 3.15 1.26 0.84 1.33 0.67 2.56 0.00 0.00 1.61
32 0.00 0.70 1.33 0.00 3.22 1.12 0.00 2.59 0.00 2.00 0.00 1.02 0.56 0.35 0.56 2.56 0.53 0.00 1.44 3.12 0.00 0.88 3.12 0.00 2.63 0.00 0.00 2.80 0.00 0.00 0.46 1.93 0.00 1.89 0.00 0.39 0.00 1.44 1.16 1.68 3.01 2.28 3.05 3.29 0.28 2.00 1.40 2.94 1.72 2.66
33 1.23 2.10 1.02 0.07 3.29 3.47 2.28 2.07 1.54 3.19 0.84 1.75 1.51 2.77 3.01 3.19 0.00 1.19 0.42 2.59 0.84 2.52 3.05 3.40 2.80 0.91 3.15 2.77 0.00 1.75 0.39 0.00 1.89 0.00 0.00 2.21 2.45 0.00 0.25 2.87 3.01 1.51 0.88 2.63 3.22 2.31 1.26 3.19 0.81 2.56
34 2.24 1.61 1.54 0.00 1.86 0.98 0.18 0.00 1.40 0.00 2.42 0.25 1.79 1.86 1.23 2.28 2.66 3.33 3.15 0.18 0.00 0.00 0.00 0.60 2.38 2.31 0.00 1.44 0.95 2.56 0.00 0.49 0.00 0.00 0.00 3.43 0.00 2.59 0.00 0.77 0.00 1.58 2.07 2.03 0.00 1.54 0.00 3.50 3.29 1.96
35 0.00 1.79 0.00 1.51 1.89 0.00 2.03 2.14 0.00 0.04 2.87 2.63 1.72 3.50 1.86 2.07 0.00 2.94 1.54 0.00 1.23 2.52 0.98 0.00 0.67 0.00 3.43 1.72 3.15 0.46 2.38 2.14 0.39 2.21 3.43 0.00 0.00 0.00 2.91 0.60 1.47 0.00 0.88 0.00 0.18 1.44 2.03 2.91 0.00 0.00
36 0.00 3.08 2.10 0.04 0.60 3.12 2.94 2.35 1.23 0.00 1.05 0.77 0.00 0.63 0.00 0.00 3.47 0.00 3.40 3.47 0.00 0.07 0.42 0.00 2.03 0.77 2.73 1.16 0.00 1.79 2.70 2.38 0.00 2.45 0.00 0.00 0.00 0.00 2.91 0.00 3.19 2.56 2.73 0.18 1.82 0.14 0.00 0.00 2.10 0.00
37 0.00 2.94 0.00 2.38 0.00 0.00 0.21 0.00 0.00 1.26 0.14 0.56 0.74 2.00 0.00 0.00 2.17 1.30 2.94 2.73 2.59 3.50 0.32 3.47 2.21 0.11 3.33 0.35 0.00 3.40 1.82 0.00 1.44 0.00 2.59 0.00 0.00 0.00 1.61 0.00 0.53 2.73 3.40 0.70 0.00 0.00 0.00 1.54 1.58 0.95
38 2.28 1.16 0.88 0.00 0.60 2.77 1.23 2.73 1.54 2.87 0.46 1.86 3.36 0.70 0.95 0.67 0.14 1.72 1.26 2.91 0.00 1.44 0.21 1.37 1.16 0.00 0.49 2.66 0.00 3.29 0.04 0.00 1.16 0.25 0.00 2.91 2.91 1.61 0.00 2.73 0.00 0.00 1.44 0.00 2.91 0.88 2.49 2.94 3.33 0.28
39 0.28 0.00 0.95 0.00 0.00 2.42 1.33 3.36 2.03 1.54 0.98 0.88 1.82 1.33 3.22 1.40 1.96 0.00 0.39 0.14 0.32 2.80 2.35 3.08 0.67 2.56 0.00 1.72 2.87 1.44 1.02 2.66 1.68 2.87 0.77 0.60 0.00 0.00 2.73 0.00 0.11 1.12 3.43 0.00 0.74 1.05 3.29 0.81 1.89 0.00
40 2.70 3.19 2.45 0.00 2.66 2.24 2.56 2.07 1.37 1.30 0.00 3.26 2.84 3.26 3.50 2.10 0.28 1.09 1.89 2.94 0.00 2.63 1.02 0.00 2.84 0.00 0.00 1.51 2.59 1.72 2.63 0.00 3.01 3.01 0.00 1.47 3.19 0.53 0.00 0.11 0.00 0.00 0.00 0.00 0.74 1.37 3.26 2.31 3.50 3.15
41 2.73 0.84 0.00 0.21 0.00 0.00 1.47 0.42 0.77 2.31 3.47 0.53 0.00 2.24 2.45 2.03 0.11 0.91 1.26 0.14 0.00 3.26 0.00 2.17 0.00 0.00 0.00 1.93 1.37 1.51 0.32 3.15 2.28 1.51 1.58 0.00 2.56 2.73 0.00 1.12 0.00 0.00 0.00 2.42 2.42 0.14 0.00 1.72 1.93 0.63
42 2.28 1.16 3.40 0.11 0.00 0.14 1.12 0.00 1.96 0.42 2.66 0.00 2.49 0.00 1.05 0.07 1.93 3.08 3.01 2.98 0.91 2.31 1.68 2.38 1.37 1.09 3.47 0.14 0.63 0.07 1.16 1.26 3.05 0.88 2.07 0.88 2.73 3.40 1.44 3.43 0.00 0.00 0.00 0.00 1.47 2.07 2.21 0.00 3.19 2.59
43 1.65 0.00 1.02 1.16 0.00 3.40 0.00 1.75 2.10 0.11 0.00 0.00 0.91 0.63 0.63 1.26 0.67 0.04 2.63 0.11 1.65 0.11 1.96 3.22 3.29 3.26 3.50 0.74 2.21 1.72 1.96 0.84 3.29 2.63 2.03 0.00 0.18 0.70 0.00 0.00 0.00 2.42 0.00 0.00 2.03 0.00 3.40 1.47 0.46 1.40
44 0.81 2.87 0.00 1.33 0.00 2.87 0.00 0.00 0.53 0.35 3.33 2.77 1.09 1.54 2.17 0.00 0.98 0.70 1.72 0.00 1.30 0.67 3.08 0.00 1.58 1.05 1.40 0.07 3.05 0.18 2.03 1.33 0.28 3.22 0.00 0.18 1.82 0.00 2.91 0.74 0.74 2.42 1.47 2.03 0.00 2.94 3.29 0.00 2.87 0.00
45 1.86 0.00 0.88 2.14 0.42 0.00 0.07 1.33 0.00 2.49 0.00 0.21 0.25 3.08 1.44 2.87 3.08 0.00 0.00 1.44 0.42 0.00 0.00 0.25 0.00 0.00 2.91 3.22 2.28 0.39 0.67 0.67 2.00 2.31 1.54 1.44 0.14 0.00 0.88 1.05 1.37 0.14 2.07 0.00 2.94 0.00 3.40 1.23 1.02 0.00
46 2.38 0.00 1.96 2.52 0.00 0.21 2.84 0.00 3.19 0.00 0.00 1.40 0.00 0.28 0.60 2.70 1.86 1.40 0.53 0.00 0.00 0.32 0.35 0.00 0.00 2.00 0.74 1.26 0.28 0.14 0.00 2.56 1.40 1.26 0.00 2.03 0.00 0.00 2.49 3.29 3.26 0.00 2.21 3.40 3.29 3.40 0.00 0.00 0.67 0.00
47 1.75 0.53 2.87 0.28 2.14 3.36 2.35 0.21 3.47 0.74 0.11 2.24 0.21 0.00 3.40 3.47 2.63 3.08 3.05 1.19 0.00 1.82 1.23 2.31 0.60 1.05 2.52 0.56 3.19 0.00 0.35 0.00 2.94 3.19 3.50 2.91 0.00 1.54 2.94 0.81 2.31 1.72 0.00 1.47 0.00 1.23 0.00 0.00 0.42 0.49
48 1.68 2.00 2.45 2.14 1.65 2.45 0.00 2.87 2.63 1.12 3.05 3.50 1.82 2.03 0.74 0.00 0.11 2.21 1.19 1.58 2.14 0.00 2.63 2.24 0.11 0.77 0.04 1.86 0.14 2.73 2.59 0.00 1.72 0.81 3.29 0.00 2.10 1.58 3.33 1.89 3.50 1.93 3.19 0.46 2.87 1.02 0.67 0.42 0.00 2.17
49 0.28 2.03 0.60 1.05 0.00 0.21 2.35 0.11 0.00 0.00 0.39 2.17 2.91 1.58 0.32 2.77 2.42 2.03 0.60 1.12 3.26 0.00 1.23 0.32 0.70 0.25 2.24 2.63 0.70 0.63 3.26 1.61 2.66 2.56 1.96 0.00 0.00 0.95 0.28 0.00 3.15 0.63 2.59 1.40 0.00 0.00 0.00 0.49 2.17 0.00

ITEMS
nominal_profits 53.00 81.00 36.00 11.00 91.00 0.00 24.00 36.00 70.00 0.00 0.00 0.00 35.00 67.00 60.00 1.00 100.00 0.00 28.00 36.00 19.00 13.00 16.00 49.00 37.00 0.00 94.00 54.00 0.00 0.00 37.00 24.00 99.00 2.00 0.00 22.00 31.00 2.00 0.00 91.00 0.00 26.00 51.00 73.00 0.00 0.00 73.00 0.00 0.00 0.00
weights 20 8 2 17 15 3 32 36 26 36 4 37 9 38 34 44 40 29 43 46 9 22 40 41 7 17 11 36 5 41 33 49 25 1 38 25 31 14 34 38 37 2 11 33 23 37 6 5 6 24
capacity 543
k_max 33

COMMENTS
original_pairwise_profits
0 0.00 80.00 56.00 28.00 13.00 9.00 18.00 27.00 0.00 69.00 8.00 0.00 20.00 21.00 57.00 12.00 80.00 23.00 1.00 0.00 0.00 22.00 2.00 0.00 54.00 0.00 0.00 0.00 23.00 52.00 84.00 44.00 0.00 35.00 64.00 0.00 0.00 0.00 65.00 8.00 77.00 78.00 65.00 47.00 23.00 53.00 68.00 50.00 48.00 8.00
1 80.00 0.00 88.00 6.00 2.00 29.00 0.00 36.00 32.00 61.00 12.00 86.00 54.00 3.00 85.00 60.00 71.00 37.00 0.00 0.00 86.00 9.00 0.00 85.00 0.00 0.00 86.00 80.00 24.00 54.00 39.00 0.00 20.00 60.00 46.00 51.00 88.00 84.00 33.00 0.00 91.00 24.00 33.00 0.00 82.00 0.00 0.00 15.00 57.00 58.00
2 56.00 88.00 0.00 0.00 64.00 40.00 30.00 0.00 86.00 12.00 39.00 72.00 0.00 89.00 44.00 0.00 29.00 0.00 56.00 31.00 0.00 0.00 68.00 25.00 66.00 0.00 27.00 43.00 72.00 44.00 47.00 35.00 38.00 29.00 44.00 0.00 60.00 0.00 25.00 27.00 70.00 0.00 97.00 29.00 0.00 25.00 56.00 82.00 70.00 17.00
3 28.00 6.00 0.00 0.00 0.00 71.00 78.00 0.00 49.00 39.00 0.00 52.00 32.00 0.00 89.00 49.00 0.00 4.00 22.00 50.00 0.00 0.00 66.00 91.00 5.00 44.00 0.00 42.00 1.00 51.00 77.00 0.00 0.00 2.00 0.00 43.00 1.00 68.00 0.00 0.00 0.00 6.00 3.00 33.00 38.00 61.00 72.00 8.00 61.00 30.00
4 13.00 2.00 64.00 0.00 0.00 29.00 78.00 66.00 46.00 0.00 0.00 90.00 8.00 0.00 10.00 6.00 0.00 15.00 98.00 24.00 56.00 35.00 15.00 46.00 3.00 0.00 79.00 23.00 16.00 55.00 24.00 0.00 92.00 94.00 53.00 54.00 17.00 0.00 17.00 0.00 76.00 0.00 0.00 0.00 0.00 12.00 0.00 61.00 47.00 0.00
5 9.00 29.00 40.00 71.00 29.00 0.00 26.00 4.00 74.00 62.00 37.00 73.00 0.00 0.00 0.00 2.00 66.00 81.00 0.00 25.00 72.00 94.00 19.00 0.00 45.00 0.00 0.00 46.00 0.00 0.00 86.00 0.00 32.00 99.00 28.00 0.00 89.00 0.00 79.00 69.00 64.00 0.00 4.00 97.00 82.00 0.00 6.00 96.00 70.00 6.00
6 18.00 0.00 30.00 78.00 78.00 26.00 0.00 0.00 0.00 44.00 20.00 58.00 19.00 18.00 0.00 74.00 9.00 38.00 52.00 5.00 48.00 0.00 33.00 37.00 42.00 0.00 1.00 0.00 63.00 48.00 0.00 0.00 0.00 65.00 5.00 58.00 84.00 6.00 35.00 38.00 73.00 42.00 32.00 0.00 0.00 2.00 81.00 67.00 0.00 67.00
7 27.00 36.00 0.00 0.00 66.00 4.00 0.00 0.00 0.00 42.00 17.00 77.00 0.00 41.00 27.00 0.00 87.00 54.00 0.00 6.00 0.00 98.00 0.00 0.00 44.00 69.00 31.00 7.00 59.00 0.00 56.00 19.00 74.00 59.00 0.00 61.00 67.00 0.00 78.00 96.00 59.00 12.00 0.00 50.00 0.00 38.00 0.00 6.00 82.00 3.00
8 0.00 32.00 86.00 49.00 46.00 74.00 0.00 0.00 0.00 79.00 62.00 38.00 0.00 48.00 21.00 7.00 12.00 53.00 0.00 34.00 28.00 9.00 22.00 0.00 70.00 92.00 51.00 0.00 96.00 29.00 21.00 95.00 0.00 44.00 40.00 0.00 35.00 0.00 44.00 58.00 39.00 22.00 56.00 60.00 15.00 0.00 91.00 99.00 75.00 0.00
9 69.00 61.00 12.00 39.00 0.00 62.00 44.00 42.00 79.00 0.00 26.00 0.00 0.00 84.00 67.00 10.00 95.00 0.00 0.00 17.00 0.00 60.00 93.00 50.00 43.00 78.00 36.00 77.00 34.00 43.00 0.00 0.00 57.00 91.00 0.00 1.00 0.00 36.00 82.00 44.00 37.00 66.00 12.00 3.00 10.00 71.00 0.00 21.00 32.00 0.00
10 8.00 12.00 39.00 0.00 0.00 37.00 20.00 17.00 62.00 26.00 0.00 29.00 0.00 16.00 12.00 0.00 59.00 0.00 0.00 0.00 0.00 0.00 0.00 45.00 16.00 0.00 0.00 0.00 51.00 54.00 47.00 47.00 0.00 24.00 69.00 82.00 30.00 4.00 13.00 28.00 0.00 99.00 76.00 0.00 95.00 0.00 0.00 3.00 87.00 11.00
11 0.00 86.00 72.00 52.00 90.00 73.00 58.00 77.00 38.00 0.00 29.00 0.00 26.00 67.00 22.00 31.00 0.00 5.00 0.00 71.00 52.00 0.00 0.00 26.00 97.00 3.00 75.00 0.00 0.00 46.00 0.00 0.00 29.00 50.00 7.00 75.00 22.00 16.00 53.00 25.00 93.00 15.00 0.00 0.00 79.00 6.00 40.00 64.00 100.00 62.00
12 20.00 54.00 0.00 32.00 8.00 0.00 19.00 0.00 0.00 0.00 0.00 26.00 0.00 5.00 15.00 18.00 49.00 95.00 5.00 4.00 5.00 42.00 33.00 0.00 0.00 36.00 88.00 37.00 88.00 31.00 85.00 91.00 16.00 43.00 51.00 49.00 0.00 21.00 96.00 52.00 81.00 0.00 71.00 26.00 31.00 7.00 0.00 6.00 52.00 83.00
13 21.00 3.00 89.00 0.00 0.00 0.00 18.00 41.00 48.00 84.00 16.00 67.00 5.00 0.00 13.00 93.00 74.00 98.00 6.00 0.00 91.00 9.00 14.00 0.00 18.00 0.00 91.00 36.00 0.00 91.00 6.00 0.00 10.00 79.00 53.00 100.00 18.00 57.00 20.00 38.00 93.00 64.00 0.00 18.00 44.00 88.00 8.00 0.00 58.00 45.00
14 57.00 85.00 44.00 89.00 10.00 0.00 0.00 27.00 21.00 67.00 12.00 22.00 15.00 13.00 0.00 37.00 52.00 39.00 46.00 88.00 98.00 38.00 0.00 81.00 0.00 31.00 50.00 0.00 65.00 61.00 87.00 0.00 16.00 86.00 35.00 53.00 0.00 0.00 27.00 92.00 100.00 70.00 30.00 18.00 62.00 41.00 17.00 97.00 21.00 9.00
15 12.00 60.00 0.00 49.00 6.00 2.00 74.00 0.00 7.00 10.00 0.00 31.00 18.00 93.00 37.00 0.00 0.00 39.00 0.00 0.00 13.00 69.00 83.00 67.00 48.00 0.00 0.00 14.00 76.00 23.00 0.00 42.00 73.00 91.00 65.00 59.00 0.00 0.00 19.00 40.00 60.00 58.00 2.00 36.00 0.00 82.00 77.00 99.00 0.00 79.00
16 80.00 71.00 29.00 0.00 0.00 66.00 9.00 87.00 12.00 95.00 59.00 0.00 49.00 74.00 52.00 0.00 0.00 0.00 43.00 33.00 0.00 20.00 0.00 0.00 0.00 35.00 12.00 48.00 41.00 65.00 78.00 8.00 15.00 0.00 76.00 0.00 99.00 62.00 4.00 56.00 8.00 3.00 55.00 19.00 28.00 88.00 53.00 75.00 3.00 69.00
17 23.00 37.00 0.00 4.00 15.00 81.00 38.00 54.00 53.00 0.00 0.00 5.00 95.00 98.00 39.00 39.00 0.00 0.00 72.00 51.00 53.00 0.00 5.00 32.00 54.00 0.00 86.00 0.00 68.00 28.00 0.00 21.00 0.00 34.00 95.00 84.00 0.00 37.00 49.00 0.00 31.00 26.00 88.00 1.00 20.00 0.00 40.00 88.00 63.00 58.00
18 1.00 0.00 56.00 22.00 98.00 0.00 52.00 0.00 0.00 0.00 0.00 0.00 5.00 6.00 46.00 0.00 43.00 72.00 0.00 0.00 0.00 30.00 19.00 0.00 94.00 0.00 29.00 0.00 35.00 0.00 78.00 35.00 41.00 12.00 90.00 44.00 97.00 84.00 36.00 11.00 54.00 36.00 86.00 75.00 49.00 0.00 15.00 87.00 34.00 17.00
19 0.00 0.00 31.00 50.00 24.00 25.00 5.00 6.00 34.00 17.00 0.00 71.00 4.00 0.00 88.00 0.00 33.00 51.00 0.00 0.00 0.00 78.00 15.00 3.00 66.00 13.00 0.00 11.00 0.00 15.00 45.00 87.00 89.00 74.00 5.00 0.00 99.00 78.00 83.00 4.00 84.00 4.00 85.00 3.00 0.00 41.00 0.00 34.00 45.00 32.00
20 0.00 86.00 0.00 0.00 56.00 72.00 48.00 0.00 28.00 0.00 0.00 52.00 5.00 91.00 98.00 13.00 0.00 53.00 0.00 0.00 0.00 0.00 0.00 31.00 14.00 0.00 13.00 0.00 94.00 44.00 72.00 53.00 0.00 24.00 0.00 35.00 0.00 74.00 0.00 9.00 0.00 0.00 26.00 47.00 37.00 12.00 0.00 0.00 61.00 93.00
21 22.00 9.00 0.00 0.00 35.00 94.00 0.00 98.00 9.00 60.00 0.00 0.00 42.00 9.00 38.00 69.00 20.00 0.00 30.00 78.00 0.00 0.00 82.00 71.00 59.00 53.00 62.00 92.00 49.00 22.00 84.00 11.00 25.00 72.00 0.00 72.00 2.00 100.00 41.00 80.00 75.00 93.00 66.00 3.00 19.00 0.00 9.00 52.00 0.00 0.00
22 2.00 0.00 68.00 66.00 15.00 19.00 33.00 0.00 22.00 93.00 0.00 0.00 33.00 14.00 0.00 83.00 0.00 5.00 19.00 15.00 0.00 82.00 0.00 0.00 26.00 43.00 0.00 50.00 50.00 42.00 0.00 0.00 89.00 87.00 0.00 28.00 12.00 9.00 6.00 67.00 29.00 0.00 48.00 56.00 88.00 0.00 10.00 35.00 75.00 35.00
23 0.00 85.00 25.00 91.00 46.00 0.00 37.00 0.00 0.00 50.00 45.00 26.00 0.00 0.00 81.00 67.00 0.00 32.00 0.00 3.00 31.00 71.00 0.00 0.00 14.00 0.00 18.00 44.00 0.00 0.00 0.00 0.00 0.00 97.00 17.00 0.00 0.00 99.00 39.00 88.00 0.00 62.00 68.00 92.00 0.00 7.00 0.00 66.00 64.00 9.00
24 54.00 0.00 66.00 5.00 3.00 45.00 42.00 44.00 70.00 43.00 16.00 97.00 0.00 18.00 0.00 48.00 0.00 54.00 94.00 66.00 14.00 59.00 26.00 14.00 0.00 41.00 0.00 34.00 35.00 10.00 0.00 44.00 75.00 80.00 68.00 19.00 58.00 63.00 33.00 19.00 81.00 0.00 39.00 94.00 45.00 0.00 0.00 17.00 3.00 20.00
25 0.00 0.00 0.00 44.00 0.00 0.00 0.00 69.00 92.00 78.00 0.00 3.00 36.00 0.00 31.00 0.00 35.00 0.00 0.00 13.00 0.00 53.00 43.00 0.00 41.00 0.00 0.00 0.00 73.00 0.00 39.00 0.00 0.00 26.00 66.00 0.00 22.00 3.00 0.00 73.00 0.00 0.00 31.00 93.00 30.00 0.00 57.00 30.00 22.00 7.00
26 0.00 86.00 27.00 0.00 79.00 0.00 1.00 31.00 51.00 36.00 0.00 75.00 88.00 91.00 50.00 0.00 12.00 86.00 29.00 0.00 13.00 62.00 0.00 18.00 0.00 0.00 0.00 56.00 0.00 65.00 92.00 16.00 0.00 90.00 0.00 98.00 78.00 95.00 14.00 0.00 0.00 0.00 99.00 100.00 40.00 83.00 21.00 72.00 1.00 64.00
27 0.00 80.00 43.00 42.00 23.00 46.00 0.00 7.00 0.00 77.00 0.00 0.00 37.00 36.00 0.00 14.00 48.00 0.00 0.00 11.00 0.00 92.00 50.00 44.00 34.00 0.00 56.00 0.00 50.00 5.00 31.00 27.00 80.00 79.00 41.00 49.00 33.00 10.00 76.00 49.00 43.00 55.00 4.00 21.00 2.00 92.00 36.00 16.00 53.00 75.00
28 23.00 24.00 72.00 1.00 16.00 0.00 63.00 59.00 96.00 34.00 51.00 0.00 88.00 0.00 65.00 76.00 41.00 68.00 35.00 0.00 94.00 49.00 50.00 0.00 35.00 73.00 0.00 50.00 0.00 1.00 0.00 16.00 0.00 0.00 27.00 90.00 0.00 0.00 0.00 82.00 74.00 39.00 18.00 63.00 87.00 65.00 8.00 91.00 4.00 20.00
29 52.00 54.00 44.00 51.00 55.00 0.00 48.00 0.00 29.00 43.00 54.00 46.00 31.00 91.00 61.00 23.00 65.00 28.00 0.00 15.00 44.00 22.00 42.00 0.00 10.00 0.00 65.00 5.00 1.00 0.00 77.00 1.00 0.00 50.00 73.00 13.00 51.00 97.00 94.00 41.00 49.00 43.00 2.00 49.00 5.00 11.00 4.00 0.00 78.00 18.00
30 84.00 39.00 47.00 77.00 24.00 86.00 0.00 56.00 21.00 0.00 47.00 0.00 85.00 6.00 87.00 0.00 78.00 0.00 78.00 45.00 72.00 84.00 0.00 0.00 0.00 39.00 92.00 31.00 0.00 77.00 0.00 53.00 13.00 11.00 0.00 68.00 77.00 52.00 1.00 29.00 75.00 9.00 33.00 56.00 58.00 19.00 0.00 10.00 74.00 93.00
31 44.00 0.00 35.00 0.00 0.00 0.00 0.00 19.00 95.00 0.00 47.00 0.00 91.00 0.00 0.00 42.00 8.00 21.00 35.00 87.00 53.00 11.00 0.00 0.00 44.00 0.00 16.00 27.00 16.00 1.00 53.00 0.00 55.00 0.00 14.00 61.00 68.00 0.00 0.00 76.00 0.00 90.00 36.00 24.00 38.00 19.00 73.00 0.00 0.00 46.00
32 0.00 20.00 38.00 0.00 92.00 32.00 0.00 74.00 0.00 57.00 0.00 29.00 16.00 10.00 16.00 73.00 15.00 0.00 41.00 89.00 0.00 25.00 89.00 0.00 75.00 0.00 0.00 80.00 0.00 0.00 13.00 55.00 0.00 54.00 0.00 11.00 0.00 41.00 33.00 48.00 86.00 65.00 87.00 94.00 8.00 57.00 40.00 84.00 49.00 76.00
33 35.00 60.00 29.00 2.00 94.00 99.00 65.00 59.00 44.00 91.00 24.00 50.00 43.00 79.00 86.00 91.00 0.00 34.00 12.00 74.00 24.00 72.00 87.00 97.00 80.00 26.00 90.00 79.00 0.00 50.00 11.00 0.00 54.00 0.00 0.00 63.00 70.00 0.00 7.00 82.00 86.00 43.00 25.00 75.00 92.00 66.00 36.00 91.00 23.00 73.00
34 64.00 46.00 44.00 0.00 53.00 28.00 5.00 0.00 40.00 0.00 69.00 7.00 51.00 53.00 35.00 65.00 76.00 95.00 90.00 5.00 0.00 0.00 0.00 17.00 68.00 66.00 0.00 41.00 27.00 73.00 0.00 14.00 0.00 0.00 0.00 98.00 0.00 74.00 0.00 22.00 0.00 45.00 59.00 58.00 0.00 44.00 0.00 100.00 94.00 56.00
35 0.00 51.00 0.00 43.00 54.00 0.00 58.00 61.00 0.00 1.00 82.00 75.00 49.00 100.00 53.00 59.00 0.00 84.00 44.00 0.00 35.00 72.00 28.00 0.00 19.00 0.00 98.00 49.00 90.00 13.00 68.00 61.00 11.00 63.00 98.00 0.00 0.00 0.00 83.00 17.00 42.00 0.00 25.00 0.00 5.00 41.00 58.00 83.00 0.00 0.00
36 0.00 88.00 60.00 1.00 17.00 89.00 84.00 67.00 35.00 0.00 30.00 22.00 0.00 18.00 0.00 0.00 99.00 0.00 97.00 99.00 0.00 2.00 12.00 0.00 58.00 22.00 78.00 33.00 0.00 51.00 77.00 68.00 0.00 70.00 0.00 0.00 0.00 0.00 83.00 0.00 91.00 73.00 78.00 5.00 52.00 4.00 0.00 0.00 60.00 0.00
37 0.00 84.00 0.00 68.00 0.00 0.00 6.00 0.00 0.00 36.00 4.00 16.00 21.00 57.00 0.00 0.00 62.00 37.00 84.00 78.00 74.00 100.00 9.00 99.00 63.00 3.00 95.00 10.00 0.00 97.00 52.00 0.00 41.00 0.00 74.00 0.00 0.00 0.00 46.00 0.00 15.00 78.00 97.00 20.00 0.00 0.00 0.00 44.00 45.00 27.00
38 65.00 33.00 25.00 0.00 17.00 79.00 35.00 78.00 44.00 82.00 13.00 53.00 96.00 20.00 27.00 19.00 4.00 49.00 36.00 83.00 0.00 41.00 6.00 39.00 33.00 0.00 14.00 76.00 0.00 94.00 1.00 0.00 33.00 7.00 0.00 83.00 83.00 46.00 0.00 78.00 0.00 0.00 41.00 0.00 83.00 25.00 71.00 84.00 95.00 8.00
39 8.00 0.00 27.00 0.00 0.00 69.00 38.00 96.00 58.00 44.00 28.00 25.00 52.00 38.00 92.00 40.00 56.00 0.00 11.00 4.00 9.00 80.00 67.00 88.00 19.00 73.00 0.00 49.00 82.00 41.00 29.00 76.00 48.00 82.00 22.00 17.00 0.00 0.00 78.00 0.00 3.00 32.00 98.00 0.00 21.00 30.00 94.00 23.00 54.00 0.00
40 77.00 91.00 70.00 0.00 76.00 64.00 73.00 59.00 39.00 37.00 0.00 93.00 81.00 93.00 100.00 60.00 8.00 31.00 54.00 84.00 0.00 75.00 29.00 0.00 81.00 0.00 0.00 43.00 74.00 49.00 75.00 0.00 86.00 86.00 0.00 42.00 91.00 15.00 0.00 3.00 0.00 0.00 0.00 0.00 21.00 39.00 93.00 66.00 100.00 90.00
41 78.00 24.00 0.00 6.00 0.00 0.00 42.00 12.00 22.00 66.00 99.00 15.00 0.00 64.00 70.00 58.00 3.00 26.00 36.00 4.00 0.00 93.00 0.00 62.00 0.00 0.00 0.00 55.00 39.00 43.00 9.00 90.00 65.00 43.00 45.00 0.00 73.00 78.00 0.00 32.00 0.00 0.00 0.00 69.00 69.00 4.00 0.00 49.00 55.00 18.00
42 65.00 33.00 97.00 3.00 0.00 4.00 32.00 0.00 56.00 12.00 76.00 0.00 71.00 0.00 30.00 2.00 55.00 88.00 86.00 85.00 26.00 66.00 48.00 68.00 39.00 31.00 99.00 4.00 18.00 2.00 33.00 36.00 87.00 25.00 59.00 25.00 78.00 97.00 41.00 98.00 0.00 0.00 0.00 0.00 42.00 59.00 63.00 0.00 91.00 74.00
43 47.00 0.00 29.00 33.00 0.00 97.00 0.00 50.00 60.00 3.00 0.00 0.00 26.00 18.00 18.00 36.00 19.00 1.00 75.00 3.00 47.00 3.00 56.00 92.00 94.00 93.00 100.00 21.00 63.00 49.00 56.00 24.00 94.00 75.00 58.00 0.00 5.00 20.00 0.00 0.00 0.00 69.00 0.00 0.00 58.00 0.00 97.00 42.00 13.00 40.00
44 23.00 82.00 0.00 38.00 0.00 82.00 0.00 0.00 15.00 10.00 95.00 79.00 31.00 44.00 62.00 0.00 28.00 20.00 49.00 0.00 37.00 19.00 88.00 0.00 45.00 30.00 40.00 2.00 87.00 5.00 58.00 38.00 8.00 92.00 0.00 5.00 52.00 0.00 83.00 21.00 21.00 69.00 42.00 58.00 0.00 84.00 94.00 0.00 82.00 0.00
45 53.00 0.00 25.00 61.00 12.00 0.00 2.00 38.00 0.00 71.00 0.00 6.00 7.00 88.00 41.00 82.00 88.00 0.00 0.00 41.00 12.00 0.00 0.00 7.00 0.00 0.00 83.00 92.00 65.00 11.00 19.00 19.00 57.00 66.00 44.00 41.00 4.00 0.00 25.00 30.00 39.00 4.00 59.00 0.00 84.00 0.00 97.00 35.00 29.00 0.00
46 68.00 0.00 56.00 72.00 0.00 6.00 81.00 0.00 91.00 0.00 0.00 40.00 0.00 8.00 17.00 77.00 53.00 40.00 15.00 0.00 0.00 9.00 10.00 0.00 0.00 57.00 21.00 36.00 8.00 4.00 0.00 73.00 40.00 36.00 0.00 58.00 0.00 0.00 71.00 94.00 93.00 0.00 63.00 97.00 94.00 97.00 0.00 0.00 19.00 0.00
47 50.00 15.00 82.00 8.00 61.00 96.00 67.00 6.00 99.00 21.00 3.00 64.00 6.00 0.00 97.00 99.00 75.00 88.00 87.00 34.00 0.00 52.00 35.00 66.00 17.00 30.00 72.00 16.00 91.00 0.00 10.00 0.00 84.00 91.00 100.00 83.00 0.00 44.00 84.00 23.00 66.00 49.00 0.00 42.00 0.00 35.00 0.00 0.00 12.00 14.00
48 48.00 57.00 70.00 61.00 47.00 70.00 0.00 82.00 75.00 32.00 87.00 100.00 52.00 58.00 21.00 0.00 3.00 63.00 34.00 45.00 61.00 0.00 75.00 64.00 3.00 22.00 1.00 53.00 4.00 78.00 74.00 0.00 49.00 23.00 94.00 0.00 60.00 45.00 95.00 54.00 100.00 55.00 91.00 13.00 82.00 29.00 19.00 12.00 0.00 62.00
49 8.00 58.00 17.00 30.00 0.00 6.00 67.00 3.00 0.00 0.00 11.00 62.00 83.00 45.00 9.00 79.00 69.00 58.00 17.00 32.00 93.00 0.00 35.00 9.00 20.00 7.00 64.00 75.00 20.00 18.00 93.00 46.00 76.00 73.00 56.00 0.00 0.00 27.00 8.00 0.00 90.00 18.00 74.00 40.00 0.00 0.00 0.00 14.00 62.00 0.00
mcp_obj 33
mcp_gap 0
mcp_x 1 1 1 1 1 1 1 0 1 0 1 0 1 0 1 0 0 1 0 0 1 1 0 0 1 1 1 0 1 0 1 0 1 1 0 1 1 1 1 0 0 1 1 1 1 0 1 1 1 1
