NAME N50_rc_0.7_rGamma_1_dc_0.035_dGamma_0.0005_jeu_50_75_7.txt
NUM_ITEMS 50
SOURCE jeu_50_75_7
PARAMETERS
r_c 0.7
r_Gamma 1
d_c 0.035
d_Gamma 0.0005

BOUNDS
c_lb 0.00
c_ub 132.19
Gamma_lb 9
Gamma_ub 44
B_i_1_lb 0.00 0.00 0.00 0.00 0.00 0.00 0.00 0.00 0.00 0.00 0.00 0.00 0.00 0.00 0.00 0.00 0.00 0.00 0.00 0.00 0.00 0.00 0.00 0.00 0.00 0.00 0.00 0.00 0.00 0.00 0.00 0.00 0.00 0.00 0.00 0.00 0.00 0.00 0.00 0.00 0.00 0.00 0.00 0.00 0.00 0.00 0.00 0.00 0.00 0.00
B_i_1_ub 59.36 59.86 59.83 53.00 60.89 65.27 65.60 54.30 57.46 62.31 74.86 56.68 52.35 62.75 47.81 56.89 60.81 64.72 47.47 60.25 62.61 55.86 53.65 74.65 46.62 65.63 55.19 64.51 57.52 72.43 47.40 59.79 58.02 55.67 74.63 59.93 49.30 63.75 53.72 63.31 58.12 60.26 62.84 55.87 65.03 60.09 64.41 67.25 67.86 62.65
B_i_0_lb 0.00 0.00 0.00 0.00 0.00 0.00 0.00 0.00 0.00 0.00 0.00 0.00 0.00 0.00 0.00 0.00 0.00 0.00 0.00 0.00 0.00 0.00 0.00 0.00 0.00 0.00 0.00 0.00 0.00 0.00 0.00 0.00 0.00 0.00 0.00 0.00 0.00 0.00 0.00 0.00 0.00 0.00 0.00 0.00 0.00 0.00 0.00 0.00 0.00 0.00
B_i_0_ub 59.85 60.49 60.53 53.70 61.38 66.39 67.42 54.79 58.06 62.76 75.17 57.03 54.07 63.38 48.26 57.14 61.03 65.43 48.07 60.67 62.86 56.53 53.86 76.09 46.84 65.74 55.68 65.32 58.22 74.15 48.07 60.53 58.69 55.67 76.81 60.00 49.30 65.19 54.70 63.80 58.33 60.71 64.38 56.36 65.59 60.89 65.22 67.25 68.35 62.90
c_i_1_lb 49.70 46.90 47.60 2.80 0.00 65.80 37.80 1.40 15.40 31.50 18.90 64.40 9.80 49.00 11.90 56.00 0.00 42.00 30.10 53.20 0.00 18.90 46.20 46.20 0.00 0.00 21.70 0.70 61.60 29.40 67.90 13.30 0.00 0.00 18.90 0.00 18.20 0.00 22.40 18.90 0.00 0.00 25.20 54.60 39.20 59.50 0.00 62.30 0.00 0.00
c_i_1_ub 109.06 106.76 107.43 55.80 60.89 131.07 103.40 55.70 72.86 93.81 93.76 121.08 62.15 111.75 59.71 112.89 60.81 106.72 77.57 113.45 62.61 74.76 99.85 120.85 46.62 65.63 76.89 65.21 119.12 101.83 115.30 73.09 58.02 55.67 93.53 59.93 67.50 63.75 76.12 82.21 58.12 60.26 88.04 110.47 104.23 119.59 64.41 129.55 67.86 62.65
c_i_0_lb 49.70 46.90 47.60 2.80 0.00 65.80 37.80 1.40 15.40 31.50 18.90 64.40 9.80 49.00 11.90 56.00 0.00 42.00 30.10 53.20 0.00 18.90 46.20 46.20 0.00 0.00 21.70 0.70 61.60 29.40 67.90 13.30 0.00 0.00 18.90 0.00 18.20 0.00 22.40 18.90 0.00 0.00 25.20 54.60 39.20 59.50 0.00 62.30 0.00 0.00
c_i_0_ub 109.55 107.39 108.13 56.50 61.38 132.19 105.22 56.19 73.46 94.26 94.07 121.43 63.87 112.38 60.16 113.14 61.03 107.43 78.17 113.87 62.86 75.43 100.06 122.29 46.84 65.74 77.38 66.02 119.82 103.55 115.97 73.83 58.69 55.67 95.71 60.00 67.50 65.19 77.10 82.70 58.33 60.71 89.58 110.96 104.79 120.39 65.22 129.55 68.35 62.90
c_1_lb 0.00
c_1_ub 131.07
c_0_lb 0.00
c_0_ub 132.19

BOUND_TIMES
k_max_time 0.001231
Gamma_ub_time 0.000347
B_i_1_lb_time 0.002344
B_i_1_ub_time 0.010790
B_i_0_lb_time 0.002550
B_i_0_ub_time 0.010129

DDRO_PARAMETERS
a_0 9
b_0i 1 1 1 1 1 1 1 1 1 1 1 1 1 1 0 1 1 1 0 1 1 1 1 1 0 1 1 1 1 1 0 1 1 1 1 1 0 1 1 1 1 1 1 1 1 1 1 1 1 1
a_i 49.70 46.90 47.60 2.80 0.00 65.80 37.80 1.40 15.40 31.50 18.90 64.40 9.80 49.00 11.90 56.00 0.00 42.00 30.10 53.20 0.00 18.90 46.20 46.20 0.00 0.00 21.70 0.70 61.60 29.40 67.90 13.30 0.00 0.00 18.90 0.00 18.20 0.00 22.40 18.90 0.00 0.00 25.20 54.60 39.20 59.50 0.00 62.30 0.00 0.00
b_ij
0 0.00 2.21 1.89 0.00 1.96 0.00 3.43 0.00 0.00 2.84 3.40 0.00 3.05 0.00 0.18 0.00 0.00 0.00 2.73 0.00 1.26 0.98 0.84 0.56 2.42 0.00 0.60 2.17 2.17 3.26 0.00 0.00 2.35 3.47 2.35 0.00 0.98 1.86 0.00 0.00 0.04 0.74 0.67 0.18 2.03 0.00 2.73 3.01 2.42 1.47
1 2.21 0.00 0.25 0.42 2.63 1.30 0.95 0.00 0.49 2.91 0.49 0.00 0.00 0.63 0.60 1.40 0.74 0.32 0.11 3.05 2.80 1.93 0.00 2.07 0.70 0.25 1.26 0.00 2.28 0.00 0.00 3.26 0.21 0.67 2.31 2.87 1.23 2.91 3.36 1.54 0.98 3.26 1.75 1.61 2.94 0.42 0.00 0.32 3.50 0.63
2 1.89 0.25 0.00 2.42 1.86 3.08 1.96 0.95 1.05 1.58 0.00 3.47 1.26 0.00 0.00 3.19 0.00 0.28 0.28 3.12 2.03 0.00 1.19 0.35 0.00 2.56 2.52 0.00 2.00 0.88 0.67 0.60 3.12 1.72 0.25 2.87 0.88 2.94 1.05 0.53 1.89 0.00 0.00 2.56 2.14 0.00 1.02 2.66 0.00 0.18
3 0.00 0.42 2.42 0.00 1.30 1.61 1.09 2.73 2.17 0.35 0.70 0.95 1.30 0.74 0.00 1.23 0.49 0.39 0.07 0.77 2.94 3.29 0.11 0.00 0.35 0.07 1.37 2.14 3.40 0.11 0.00 0.00 0.00 0.42 0.00 1.26 0.00 3.05 0.28 2.80 0.00 1.09 2.66 0.00 2.31 0.14 3.12 0.00 2.00 3.12
4 1.96 2.63 1.86 1.30 0.00 2.59 0.60 3.26 1.72 0.11 0.00 0.00 0.00 1.09 0.00 0.88 0.81 0.00 1.86 1.51 2.66 0.00 1.61 2.87 0.00 0.00 1.86 0.39 3.50 0.00 1.33 3.01 0.00 0.67 2.56 3.22 0.00 0.74 0.18 2.03 1.79 0.00 0.39 1.65 2.49 0.00 2.00 2.63 0.28 3.15
5 0.00 1.30 3.08 1.61 2.59 0.00 0.00 2.21 0.00 1.54 0.95 1.51 0.00 0.28 2.77 0.00 2.49 0.00 0.81 1.33 0.00 2.91 2.49 1.72 0.00 1.72 3.29 2.31 0.00 2.00 1.47 1.23 2.70 3.47 2.49 0.49 0.88 2.14 0.00 0.00 2.91 0.00 2.77 0.00 0.00 1.61 3.40 0.60 3.50 0.63
6 3.43 0.95 1.96 1.09 0.60 0.00 0.00 1.40 2.38 0.91 1.51 0.00 2.70 0.81 2.84 0.00 2.91 3.36 2.77 0.25 0.00 2.10 0.56 2.07 1.96 2.42 0.70 0.04 0.00 2.98 0.00 2.98 1.82 3.19 0.11 2.00 2.91 1.82 2.80 1.93 0.63 0.35 1.89 2.59 3.33 0.00 2.17 1.65 0.84 0.00
7 0.00 0.00 0.95 2.73 3.26 2.21 1.40 0.00 3.08 0.00 0.00 0.28 2.63 0.18 1.16 1.79 3.26 3.05 0.00 1.30 0.98 1.37 0.00 1.54 0.28 0.00 0.00 1.79 0.70 1.54 2.56 0.11 0.00 2.14 0.32 1.30 3.15 2.49 0.67 0.00 0.00 0.74 0.91 2.07 3.22 1.54 0.35 0.35 0.00 0.21
8 0.00 0.49 1.05 2.17 1.72 0.00 2.38 3.08 0.00 2.35 0.00 3.15 1.40 1.58 0.60 1.58 0.00 0.00 1.26 1.12 0.98 0.42 0.00 0.00 0.00 0.00 2.59 1.75 0.00 1.96 0.00 3.26 0.32 0.00 0.39 2.94 0.00 0.00 1.19 0.00 0.00 3.26 3.33 1.93 2.07 2.28 2.28 2.49 0.00 2.31
9 2.84 2.91 1.58 0.35 0.11 1.54 0.91 0.00 2.35 0.00 0.74 3.29 0.63 2.77 1.05 0.42 0.49 0.07 0.00 0.00 3.43 1.82 2.70 2.38 0.60 3.01 0.11 3.33 1.33 2.98 0.98 1.12 0.18 0.00 3.22 1.23 0.60 0.00 3.01 2.56 0.00 0.77 0.00 0.81 0.04 3.50 1.26 2.00 0.00 1.86
10 3.40 0.49 0.00 0.70 0.00 0.95 1.51 0.00 0.00 0.74 0.00 2.14 0.00 3.08 2.59 2.35 0.84 0.00 1.26 2.24 3.43 1.26 0.00 0.00 1.82 1.86 0.70 2.21 3.22 2.49 0.00 0.00 2.59 0.21 0.35 2.63 2.66 0.32 3.36 2.38 3.12 3.29 2.84 0.00 3.29 3.15 3.26 0.77 2.87 2.31
11 0.00 0.00 3.47 0.95 0.00 1.51 0.00 0.28 3.15 3.29 2.14 0.00 0.42 2.70 0.00 1.68 1.40 0.00 0.00 0.00 0.35 0.67 0.00 0.60 1.65 0.00 1.61 1.40 0.00 1.51 1.09 0.28 1.89 1.96 0.00 2.63 0.81 2.03 1.86 3.43 0.74 2.28 1.61 2.14 1.89 0.00 0.00 0.00 1.65 2.94
12 3.05 0.00 1.26 1.30 0.00 0.00 2.70 2.63 1.40 0.63 0.00 0.42 0.00 2.84 0.84 0.81 1.12 2.31 2.49 1.47 0.46 2.17 0.39 3.22 1.05 0.00 0.04 1.02 1.40 2.56 0.18 2.94 1.09 0.28 3.40 1.68 2.87 0.28 0.77 1.30 0.00 0.88 1.05 1.68 0.00 2.73 0.04 0.00 0.00 0.00
13 0.00 0.63 0.00 0.74 1.09 0.28 0.81 0.18 1.58 2.77 3.08 2.70 2.84 0.00 0.63 2.77 0.53 0.42 0.11 2.17 0.49 1.68 1.75 3.36 0.00 0.49 0.60 1.47 1.58 1.47 0.00 2.80 0.91 3.05 2.35 2.24 0.49 0.00 0.00 2.59 0.53 2.80 1.89 2.31 0.70 1.09 0.32 2.52 2.73 2.14
14 0.18 0.60 0.00 0.00 0.00 2.77 2.84 1.16 0.60 1.05 2.59 0.00 0.84 0.63 0.00 1.82 0.00 0.04 0.00 2.66 0.00 0.00 2.70 0.81 0.00 0.21 0.98 1.75 1.12 0.95 3.29 1.09 0.00 0.00 1.93 0.00 0.00 2.49 1.47 0.74 3.26 2.07 0.00 0.81 1.47 0.00 2.17 0.00 2.59 0.00
15 0.00 1.40 3.19 1.23 0.88 0.00 0.00 1.79 1.58 0.42 2.35 1.68 0.81 2.77 1.82 0.00 0.11 0.18 1.54 0.70 3.26 0.00 0.88 3.50 3.12 3.26 0.91 0.39 2.31 3.22 0.00 2.56 0.98 0.91 0.35 0.07 0.81 1.02 0.00 0.46 0.00 3.19 1.09 1.89 1.37 0.00 0.00 1.26 0.00 0.25
16 0.00 0.74 0.00 0.49 0.81 2.49 2.91 3.26 0.00 0.49 0.84 1.40 1.12 0.53 0.00 0.11 0.00 1.82 3.19 3.47 2.38 2.87 3.50 0.00 2.35 0.07 0.00 0.00 1.75 2.70 0.14 2.87 2.10 0.00 1.40 0.00 2.03 2.73 3.22 2.59 0.00 2.49 0.67 0.49 0.00 3.08 0.00 0.84 0.18 0.00
17 0.00 0.32 0.28 0.39 0.00 0.00 3.36 3.05 0.00 0.07 0.00 0.00 2.31 0.42 0.04 0.18 1.82 0.00 3.40 2.91 0.21 1.40 2.28 0.07 1.51 3.36 0.39 3.29 2.45 3.50 0.18 0.00 0.00 0.00 2.70 2.84 0.42 0.00 2.66 0.00 2.56 1.23 3.33 1.75 2.77 2.45 0.53 2.28 2.84 1.12
18 2.73 0.11 0.28 0.07 1.86 0.81 2.77 0.00 1.26 0.00 1.26 0.00 2.49 0.11 0.00 1.54 3.19 3.40 0.00 0.70 3.12 0.00 1.05 0.49 1.79 0.46 0.00 2.21 0.00 0.60 0.67 0.07 2.45 0.18 2.07 0.00 0.91 0.00 2.42 0.32 3.05 0.00 0.21 0.00 1.26 0.00 1.89 0.00 0.00 1.12
19 0.00 3.05 3.12 0.77 1.51 1.33 0.25 1.30 1.12 0.00 2.24 0.00 1.47 2.17 2.66 0.70 3.47 2.91 0.70 0.00 0.00 0.00 0.00 0.00 0.74 2.00 3.43 0.25 0.00 0.00 3.15 1.61 2.98 0.00 0.00 3.29 0.81 2.70 0.49 0.00 1.09 0.28 0.00 0.63 1.96 2.42 1.37 2.28 0.95 1.93
20 1.26 2.80 2.03 2.94 2.66 0.00 0.00 0.98 0.98 3.43 3.43 0.35 0.46 0.49 0.00 3.26 2.38 0.21 3.12 0.00 0.00 0.42 1.44 3.26 1.23 1.09 0.91 0.00 0.11 3.15 0.00 2.14 2.10 1.09 1.16 0.25 0.25 0.00 0.46 1.54 0.21 1.40 1.82 1.65 2.80 2.28 0.00 0.00 3.19 0.07
21 0.98 1.93 0.00 3.29 0.00 2.91 2.10 1.37 0.42 1.82 1.26 0.67 2.17 1.68 0.00 0.00 2.87 1.40 0.00 0.00 0.42 0.00 2.07 3.50 0.00 0.35 0.00 0.84 0.18 2.87 2.31 0.67 1.16 3.26 0.00 0.00 0.00 0.67 0.00 3.50 2.14 2.56 1.58 0.00 1.02 1.02 0.00 0.88 1.37 0.98
22 0.84 0.00 1.19 0.11 1.61 2.49 0.56 0.00 0.00 2.70 0.00 0.00 0.39 1.75 2.70 0.88 3.50 2.28 1.05 0.00 1.44 2.07 0.00 3.01 0.18 0.00 3.22 1.26 0.00 1.05 0.39 0.00 0.18 2.73 2.77 0.63 0.28 2.24 0.07 2.45 1.58 0.00 3.05 0.00 0.53 1.79 2.28 1.33 0.00 0.00
23 0.56 2.07 0.35 0.00 2.87 1.72 2.07 1.54 0.00 2.38 0.00 0.60 3.22 3.36 0.81 3.50 0.00 0.07 0.49 0.00 3.26 3.50 3.01 0.00 2.98 3.29 2.52 1.75 0.00 3.36 2.07 1.72 0.04 1.44 2.91 0.00 0.00 0.00 2.17 2.28 2.77 2.70 2.52 0.95 1.68 2.59 1.68 2.10 0.60 2.31
24 2.42 0.70 0.00 0.35 0.00 0.00 1.96 0.28 0.00 0.60 1.82 1.65 1.05 0.00 0.00 3.12 2.35 1.51 1.79 0.74 1.23 0.00 0.18 2.98 0.00 0.74 0.00 2.03 0.56 2.07 0.32 1.86 0.46 2.21 2.56 0.88 1.51 0.00 0.46 2.80 0.00 0.00 1.19 0.00 1.02 0.95 0.00 1.37 0.67 0.00
25 0.00 0.25 2.56 0.07 0.00 1.72 2.42 0.00 0.00 3.01 1.86 0.00 0.00 0.49 0.21 3.26 0.07 3.36 0.46 2.00 1.09 0.35 0.00 3.29 0.74 0.00 1.19 3.22 0.00 3.15 0.74 2.63 2.59 1.37 2.38 1.12 0.00 0.70 3.15 2.38 3.50 2.21 0.00 0.00 2.24 2.00 2.07 1.72 2.77 0.63
26 0.60 1.26 2.52 1.37 1.86 3.29 0.70 0.00 2.59 0.11 0.70 1.61 0.04 0.60 0.98 0.91 0.00 0.39 0.00 3.43 0.91 0.00 3.22 2.52 0.00 1.19 0.00 0.49 3.47 0.00 0.53 0.00 2.21 2.84 0.00 0.39 0.00 1.65 0.00 1.54 0.98 1.47 0.81 0.00 2.80 1.79 1.79 3.19 0.56 0.42
27 2.17 0.00 0.00 2.14 0.39 2.31 0.04 1.79 1.75 3.33 2.21 1.40 1.02 1.47 1.75 0.39 0.00 3.29 2.21 0.25 0.00 0.84 1.26 1.75 2.03 3.22 0.49 0.00 0.00 1.72 2.17 2.98 2.28 0.00 2.87 0.81 0.53 1.19 0.32 0.00 2.07 0.00 1.16 0.42 3.50 1.19 0.00 3.47 3.26 3.19
28 2.17 2.28 2.00 3.40 3.50 0.00 0.00 0.70 0.00 1.33 3.22 0.00 1.40 1.58 1.12 2.31 1.75 2.45 0.00 0.00 0.11 0.18 0.00 0.00 0.56 0.00 3.47 0.00 0.00 1.82 2.98 1.19 0.70 0.00 3.05 0.00 0.00 0.00 1.16 3.19 0.00 1.12 2.66 0.56 2.56 0.00 0.00 2.10 0.00 3.05
29 3.26 0.00 0.88 0.11 0.00 2.00 2.98 1.54 1.96 2.98 2.49 1.51 2.56 1.47 0.95 3.22 2.70 3.50 0.60 0.00 3.15 2.87 1.05 3.36 2.07 3.15 0.00 1.72 1.82 0.00 0.46 3.26 1.72 1.05 1.79 0.00 0.00 0.04 1.12 3.19 3.05 1.37 0.35 3.26 0.07 1.40 3.19 2.14 0.00 0.42
30 0.00 0.00 0.67 0.00 1.33 1.47 0.00 2.56 0.00 0.98 0.00 1.09 0.18 0.00 3.29 0.00 0.14 0.18 0.67 3.15 0.00 2.31 0.39 2.07 0.32 0.74 0.53 2.17 2.98 0.46 0.00 1.93 1.40 0.00 2.21 0.35 3.15 1.37 0.00 0.67 0.00 1.26 0.91 0.00 0.81 1.68 2.70 0.00 2.77 0.67
31 0.00 3.26 0.60 0.00 3.01 1.23 2.98 0.11 3.26 1.12 0.00 0.28 2.94 2.80 1.09 2.56 2.87 0.00 0.07 1.61 2.14 0.67 0.00 1.72 1.86 2.63 0.00 2.98 1.19 3.26 1.93 0.00 0.00 0.00 2.52 0.00 0.00 1.54 0.74 0.00 0.35 2.17 0.00 2.91 0.88 0.60 0.21 2.45 0.00 0.32
32 2.35 0.21 3.12 0.00 0.00 2.70 1.82 0.00 0.32 0.18 2.59 1.89 1.09 0.91 0.00 0.98 2.10 0.00 2.45 2.98 2.10 1.16 0.18 0.04 0.46 2.59 2.21 2.28 0.70 1.72 1.40 0.00 0.00 0.32 3.50 0.81 0.35 0.00 1.89 0.35 0.00 3.50 3.43 0.00 0.00 0.00 0.00 0.00 1.72 3.36
33 3.47 0.67 1.72 0.42 0.67 3.47 3.19 2.14 0.00 0.00 0.21 1.96 0.28 3.05 0.00 0.91 0.00 0.00 0.18 0.00 1.09 3.26 2.73 1.44 2.21 1.37 2.84 0.00 0.00 1.05 0.00 0.00 0.32 0.00 0.46 1.72 0.14 2.70 2.17 1.82 0.56 0.00 0.46 0.00 2.21 1.44 0.63 1.05 1.89 1.68
34 2.35 2.31 0.25 0.00 2.56 2.49 0.11 0.32 0.39 3.22 0.35 0.00 3.40 2.35 1.93 0.35 1.40 2.70 2.07 0.00 1.16 0.00 2.77 2.91 2.56 2.38 0.00 2.87 3.05 1.79 2.21 2.52 3.50 0.46 0.00 3.43 2.77 1.44 0.00 0.00 1.68 2.87 2.42 2.52 1.96 3.36 0.07 0.67 1.61 0.25
35 0.00 2.87 2.87 1.26 3.22 0.49 2.00 1.30 2.94 1.23 2.63 2.63 1.68 2.24 0.00 0.07 0.00 2.84 0.00 3.29 0.25 0.00 0.63 0.00 0.88 1.12 0.39 0.81 0.00 0.00 0.35 0.00 0.81 1.72 3.43 0.00 3.08 0.00 0.00 2.52 3.22 1.02 0.21 2.00 0.46 0.07 0.00 3.47 0.00 0.53
36 0.98 1.23 0.88 0.00 0.00 0.88 2.91 3.15 0.00 0.60 2.66 0.81 2.87 0.49 0.00 0.81 2.03 0.42 0.91 0.81 0.25 0.00 0.28 0.00 1.51 0.00 0.00 0.53 0.00 0.00 3.15 0.00 0.35 0.14 2.77 3.08 0.00 1.65 1.54 0.00 1.16 1.93 3.47 1.79 2.03 0.00 0.00 0.00 0.00 2.00
37 1.86 2.91 2.94 3.05 0.74 2.14 1.82 2.49 0.00 0.00 0.32 2.03 0.28 0.00 2.49 1.02 2.73 0.00 0.00 2.70 0.00 0.67 2.24 0.00 0.00 0.70 1.65 1.19 0.00 0.04 1.37 1.54 0.00 2.70 1.44 0.00 1.65 0.00 2.21 2.73 0.00 0.00 1.79 3.43 0.00 0.77 3.29 2.49 2.49 2.59
38 0.00 3.36 1.05 0.28 0.18 0.00 2.80 0.67 1.19 3.01 3.36 1.86 0.77 0.00 1.47 0.00 3.22 2.66 2.42 0.49 0.46 0.00 0.07 2.17 0.46 3.15 0.00 0.32 1.16 1.12 0.00 0.74 1.89 2.17 0.00 0.00 1.54 2.21 0.00 0.00 0.42 0.53 0.00 0.00 0.00 2.77 0.81 2.14 0.00 3.40
39 0.00 1.54 0.53 2.80 2.03 0.00 1.93 0.00 0.00 2.56 2.38 3.43 1.30 2.59 0.74 0.46 2.59 0.00 0.32 0.00 1.54 3.50 2.45 2.28 2.80 2.38 1.54 0.00 3.19 3.19 0.67 0.00 0.35 1.82 0.00 2.52 0.00 2.73 0.00 0.00 0.00 0.00 1.86 2.14 0.00 0.67 2.80 0.00 1.30 0.00
40 0.04 0.98 1.89 0.00 1.79 2.91 0.63 0.00 0.00 0.00 3.12 0.74 0.00 0.53 3.26 0.00 0.00 2.56 3.05 1.09 0.21 2.14 1.58 2.77 0.00 3.50 0.98 2.07 0.00 3.05 0.00 0.35 0.00 0.56 1.68 3.22 1.16 0.00 0.42 0.00 0.00 0.77 0.00 0.88 0.35 1.75 0.00 3.33 2.49 2.87
41 0.74 3.26 0.00 1.09 0.00 0.00 0.35 0.74 3.26 0.77 3.29 2.28 0.88 2.80 2.07 3.19 2.49 1.23 0.00 0.28 1.40 2.56 0.00 2.70 0.00 2.21 1.47 0.00 1.12 1.37 1.26 2.17 3.50 0.00 2.87 1.02 1.93 0.00 0.53 0.00 0.77 0.00 0.21 0.32 1.16 2.07 2.31 1.33 1.02 1.23
42 0.67 1.75 0.00 2.66 0.39 2.77 1.89 0.91 3.33 0.00 2.84 1.61 1.05 1.89 0.00 1.09 0.67 3.33 0.21 0.00 1.82 1.58 3.05 2.52 1.19 0.00 0.81 1.16 2.66 0.35 0.91 0.00 3.43 0.46 2.42 0.21 3.47 1.79 0.00 1.86 0.00 0.21 0.00 0.56 3.05 1.47 1.54 0.00 3.12 3.05
43 0.18 1.61 2.56 0.00 1.65 0.00 2.59 2.07 1.93 0.81 0.00 2.14 1.68 2.31 0.81 1.89 0.49 1.75 0.00 0.63 1.65 0.00 0.00 0.95 0.00 0.00 0.00 0.42 0.56 3.26 0.00 2.91 0.00 0.00 2.52 2.00 1.79 3.43 0.00 2.14 0.88 0.32 0.56 0.00 0.21 2.17 3.08 2.42 2.73 0.25
44 2.03 2.94 2.14 2.31 2.49 0.00 3.33 3.22 2.07 0.04 3.29 1.89 0.00 0.70 1.47 1.37 0.00 2.77 1.26 1.96 2.80 1.02 0.53 1.68 1.02 2.24 2.80 3.50 2.56 0.07 0.81 0.88 0.00 2.21 1.96 0.46 2.03 0.00 0.00 0.00 0.35 1.16 3.05 0.21 0.00 0.00 0.00 1.68 0.00 0.00
45 0.00 0.42 0.00 0.14 0.00 1.61 0.00 1.54 2.28 3.50 3.15 0.00 2.73 1.09 0.00 0.00 3.08 2.45 0.00 2.42 2.28 1.02 1.79 2.59 0.95 2.00 1.79 1.19 0.00 1.40 1.68 0.60 0.00 1.44 3.36 0.07 0.00 0.77 2.77 0.67 1.75 2.07 1.47 2.17 0.00 0.00 2.07 0.35 2.94 0.91
46 2.73 0.00 1.02 3.12 2.00 3.40 2.17 0.35 2.28 1.26 3.26 0.00 0.04 0.32 2.17 0.00 0.00 0.53 1.89 1.37 0.00 0.00 2.28 1.68 0.00 2.07 1.79 0.00 0.00 3.19 2.70 0.21 0.00 0.63 0.07 0.00 0.00 3.29 0.81 2.80 0.00 2.31 1.54 3.08 0.00 2.07 0.00 1.58 3.33 3.05
47 3.01 0.32 2.66 0.00 2.63 0.60 1.65 0.35 2.49 2.00 0.77 0.00 0.00 2.52 0.00 1.26 0.84 2.28 0.00 2.28 0.00 0.88 1.33 2.10 1.37 1.72 3.19 3.47 2.10 2.14 0.00 2.45 0.00 1.05 0.67 3.47 0.00 2.49 2.14 0.00 3.33 1.33 0.00 2.42 1.68 0.35 1.58 0.00 2.77 2.31
48 2.42 3.50 0.00 2.00 0.28 3.50 0.84 0.00 0.00 0.00 2.87 1.65 0.00 2.73 2.59 0.00 0.18 2.84 0.00 0.95 3.19 1.37 0.00 0.60 0.67 2.77 0.56 3.26 0.00 0.00 2.77 0.00 1.72 1.89 1.61 0.00 0.00 2.49 0.00 1.30 2.49 1.02 3.12 2.73 0.00 2.94 3.33 2.77 0.00 1.86
49 1.47 0.63 0.18 3.12 3.15 0.63 0.00 0.21 2.31 1.86 2.31 2.94 0.00 2.14 0.00 0.25 0.00 1.12 1.12 1.93 0.07 0.98 0.00 2.31 0.00 0.63 0.42 3.19 3.05 0.42 0.67 0.32 3.36 1.68 0.25 0.53 2.00 2.59 3.40 0.00 2.87 1.23 3.05 0.25 0.00 0.91 3.05 2.31 1.86 0.00

ITEMS
nominal_profits 71.00 67.00 68.00 4.00 0.00 94.00 54.00 2.00 22.00 45.00 27.00 92.00 14.00 70.00 17.00 80.00 0.00 60.00 43.00 76.00 0.00 27.00 66.00 66.00 0.00 0.00 31.00 1.00 88.00 42.00 97.00 19.00 0.00 0.00 27.00 0.00 26.00 0.00 32.00 27.00 0.00 0.00 36.00 78.00 56.00 85.00 0.00 89.00 0.00 0.00
weights 32 22 31 34 17 28 36 19 40 17 14 12 47 23 34 10 12 49 30 18 22 34 8 25 17 9 30 30 34 44 26 43 34 2 46 13 5 50 48 27 23 8 43 14 21 30 41 9 4 16
capacity 747
k_max 37

COMMENTS
original_pairwise_profits
0 0.00 63.00 54.00 0.00 56.00 0.00 98.00 0.00 0.00 81.00 97.00 0.00 87.00 0.00 5.00 0.00 0.00 0.00 78.00 0.00 36.00 28.00 24.00 16.00 69.00 0.00 17.00 62.00 62.00 93.00 0.00 0.00 67.00 99.00 67.00 0.00 28.00 53.00 0.00 0.00 1.00 21.00 19.00 5.00 58.00 0.00 78.00 86.00 69.00 42.00
1 63.00 0.00 7.00 12.00 75.00 37.00 27.00 0.00 14.00 83.00 14.00 0.00 0.00 18.00 17.00 40.00 21.00 9.00 3.00 87.00 80.00 55.00 0.00 59.00 20.00 7.00 36.00 0.00 65.00 0.00 0.00 93.00 6.00 19.00 66.00 82.00 35.00 83.00 96.00 44.00 28.00 93.00 50.00 46.00 84.00 12.00 0.00 9.00 100.00 18.00
2 54.00 7.00 0.00 69.00 53.00 88.00 56.00 27.00 30.00 45.00 0.00 99.00 36.00 0.00 0.00 91.00 0.00 8.00 8.00 89.00 58.00 0.00 34.00 10.00 0.00 73.00 72.00 0.00 57.00 25.00 19.00 17.00 89.00 49.00 7.00 82.00 25.00 84.00 30.00 15.00 54.00 0.00 0.00 73.00 61.00 0.00 29.00 76.00 0.00 5.00
3 0.00 12.00 69.00 0.00 37.00 46.00 31.00 78.00 62.00 10.00 20.00 27.00 37.00 21.00 0.00 35.00 14.00 11.00 2.00 22.00 84.00 94.00 3.00 0.00 10.00 2.00 39.00 61.00 97.00 3.00 0.00 0.00 0.00 12.00 0.00 36.00 0.00 87.00 8.00 80.00 0.00 31.00 76.00 0.00 66.00 4.00 89.00 0.00 57.00 89.00
4 56.00 75.00 53.00 37.00 0.00 74.00 17.00 93.00 49.00 3.00 0.00 0.00 0.00 31.00 0.00 25.00 23.00 0.00 53.00 43.00 76.00 0.00 46.00 82.00 0.00 0.00 53.00 11.00 100.00 0.00 38.00 86.00 0.00 19.00 73.00 92.00 0.00 21.00 5.00 58.00 51.00 0.00 11.00 47.00 71.00 0.00 57.00 75.00 8.00 90.00
5 0.00 37.00 88.00 46.00 74.00 0.00 0.00 63.00 0.00 44.00 27.00 43.00 0.00 8.00 79.00 0.00 71.00 0.00 23.00 38.00 0.00 83.00 71.00 49.00 0.00 49.00 94.00 66.00 0.00 57.00 42.00 35.00 77.00 99.00 71.00 14.00 25.00 61.00 0.00 0.00 83.00 0.00 79.00 0.00 0.00 46.00 97.00 17.00 100.00 18.00
6 98.00 27.00 56.00 31.00 17.00 0.00 0.00 40.00 68.00 26.00 43.00 0.00 77.00 23.00 81.00 0.00 83.00 96.00 79.00 7.00 0.00 60.00 16.00 59.00 56.00 69.00 20.00 1.00 0.00 85.00 0.00 85.00 52.00 91.00 3.00 57.00 83.00 52.00 80.00 55.00 18.00 10.00 54.00 74.00 95.00 0.00 62.00 47.00 24.00 0.00
7 0.00 0.00 27.00 78.00 93.00 63.00 40.00 0.00 88.00 0.00 0.00 8.00 75.00 5.00 33.00 51.00 93.00 87.00 0.00 37.00 28.00 39.00 0.00 44.00 8.00 0.00 0.00 51.00 20.00 44.00 73.00 3.00 0.00 61.00 9.00 37.00 90.00 71.00 19.00 0.00 0.00 21.00 26.00 59.00 92.00 44.00 10.00 10.00 0.00 6.00
8 0.00 14.00 30.00 62.00 49.00 0.00 68.00 88.00 0.00 67.00 0.00 90.00 40.00 45.00 17.00 45.00 0.00 0.00 36.00 32.00 28.00 12.00 0.00 0.00 0.00 0.00 74.00 50.00 0.00 56.00 0.00 93.00 9.00 0.00 11.00 84.00 0.00 0.00 34.00 0.00 0.00 93.00 95.00 55.00 59.00 65.00 65.00 71.00 0.00 66.00
9 81.00 83.00 45.00 10.00 3.00 44.00 26.00 0.00 67.00 0.00 21.00 94.00 18.00 79.00 30.00 12.00 14.00 2.00 0.00 0.00 98.00 52.00 77.00 68.00 17.00 86.00 3.00 95.00 38.00 85.00 28.00 32.00 5.00 0.00 92.00 35.00 17.00 0.00 86.00 73.00 0.00 22.00 0.00 23.00 1.00 100.00 36.00 57.00 0.00 53.00
10 97.00 14.00 0.00 20.00 0.00 27.00 43.00 0.00 0.00 21.00 0.00 61.00 0.00 88.00 74.00 67.00 24.00 0.00 36.00 64.00 98.00 36.00 0.00 0.00 52.00 53.00 20.00 63.00 92.00 71.00 0.00 0.00 74.00 6.00 10.00 75.00 76.00 9.00 96.00 68.00 89.00 94.00 81.00 0.00 94.00 90.00 93.00 22.00 82.00 66.00
11 0.00 0.00 99.00 27.00 0.00 43.00 0.00 8.00 90.00 94.00 61.00 0.00 12.00 77.00 0.00 48.00 40.00 0.00 0.00 0.00 10.00 19.00 0.00 17.00 47.00 0.00 46.00 40.00 0.00 43.00 31.00 8.00 54.00 56.00 0.00 75.00 23.00 58.00 53.00 98.00 21.00 65.00 46.00 61.00 54.00 0.00 0.00 0.00 47.00 84.00
12 87.00 0.00 36.00 37.00 0.00 0.00 77.00 75.00 40.00 18.00 0.00 12.00 0.00 81.00 24.00 23.00 32.00 66.00 71.00 42.00 13.00 62.00 11.00 92.00 30.00 0.00 1.00 29.00 40.00 73.00 5.00 84.00 31.00 8.00 97.00 48.00 82.00 8.00 22.00 37.00 0.00 25.00 30.00 48.00 0.00 78.00 1.00 0.00 0.00 0.00
13 0.00 18.00 0.00 21.00 31.00 8.00 23.00 5.00 45.00 79.00 88.00 77.00 81.00 0.00 18.00 79.00 15.00 12.00 3.00 62.00 14.00 48.00 50.00 96.00 0.00 14.00 17.00 42.00 45.00 42.00 0.00 80.00 26.00 87.00 67.00 64.00 14.00 0.00 0.00 74.00 15.00 80.00 54.00 66.00 20.00 31.00 9.00 72.00 78.00 61.00
14 5.00 17.00 0.00 0.00 0.00 79.00 81.00 33.00 17.00 30.00 74.00 0.00 24.00 18.00 0.00 52.00 0.00 1.00 0.00 76.00 0.00 0.00 77.00 23.00 0.00 6.00 28.00 50.00 32.00 27.00 94.00 31.00 0.00 0.00 55.00 0.00 0.00 71.00 42.00 21.00 93.00 59.00 0.00 23.00 42.00 0.00 62.00 0.00 74.00 0.00
15 0.00 40.00 91.00 35.00 25.00 0.00 0.00 51.00 45.00 12.00 67.00 48.00 23.00 79.00 52.00 0.00 3.00 5.00 44.00 20.00 93.00 0.00 25.00 100.00 89.00 93.00 26.00 11.00 66.00 92.00 0.00 73.00 28.00 26.00 10.00 2.00 23.00 29.00 0.00 13.00 0.00 91.00 31.00 54.00 39.00 0.00 0.00 36.00 0.00 7.00
16 0.00 21.00 0.00 14.00 23.00 71.00 83.00 93.00 0.00 14.00 24.00 40.00 32.00 15.00 0.00 3.00 0.00 52.00 91.00 99.00 68.00 82.00 100.00 0.00 67.00 2.00 0.00 0.00 50.00 77.00 4.00 82.00 60.00 0.00 40.00 0.00 58.00 78.00 92.00 74.00 0.00 71.00 19.00 14.00 0.00 88.00 0.00 24.00 5.00 0.00
17 0.00 9.00 8.00 11.00 0.00 0.00 96.00 87.00 0.00 2.00 0.00 0.00 66.00 12.00 1.00 5.00 52.00 0.00 97.00 83.00 6.00 40.00 65.00 2.00 43.00 96.00 11.00 94.00 70.00 100.00 5.00 0.00 0.00 0.00 77.00 81.00 12.00 0.00 76.00 0.00 73.00 35.00 95.00 50.00 79.00 70.00 15.00 65.00 81.00 32.00
18 78.00 3.00 8.00 2.00 53.00 23.00 79.00 0.00 36.00 0.00 36.00 0.00 71.00 3.00 0.00 44.00 91.00 97.00 0.00 20.00 89.00 0.00 30.00 14.00 51.00 13.00 0.00 63.00 0.00 17.00 19.00 2.00 70.00 5.00 59.00 0.00 26.00 0.00 69.00 9.00 87.00 0.00 6.00 0.00 36.00 0.00 54.00 0.00 0.00 32.00
19 0.00 87.00 89.00 22.00 43.00 38.00 7.00 37.00 32.00 0.00 64.00 0.00 42.00 62.00 76.00 20.00 99.00 83.00 20.00 0.00 0.00 0.00 0.00 0.00 21.00 57.00 98.00 7.00 0.00 0.00 90.00 46.00 85.00 0.00 0.00 94.00 23.00 77.00 14.00 0.00 31.00 8.00 0.00 18.00 56.00 69.00 39.00 65.00 27.00 55.00
20 36.00 80.00 58.00 84.00 76.00 0.00 0.00 28.00 28.00 98.00 98.00 10.00 13.00 14.00 0.00 93.00 68.00 6.00 89.00 0.00 0.00 12.00 41.00 93.00 35.00 31.00 26.00 0.00 3.00 90.00 0.00 61.00 60.00 31.00 33.00 7.00 7.00 0.00 13.00 44.00 6.00 40.00 52.00 47.00 80.00 65.00 0.00 0.00 91.00 2.00
21 28.00 55.00 0.00 94.00 0.00 83.00 60.00 39.00 12.00 52.00 36.00 19.00 62.00 48.00 0.00 0.00 82.00 40.00 0.00 0.00 12.00 0.00 59.00 100.00 0.00 10.00 0.00 24.00 5.00 82.00 66.00 19.00 33.00 93.00 0.00 0.00 0.00 19.00 0.00 100.00 61.00 73.00 45.00 0.00 29.00 29.00 0.00 25.00 39.00 28.00
22 24.00 0.00 34.00 3.00 46.00 71.00 16.00 0.00 0.00 77.00 0.00 0.00 11.00 50.00 77.00 25.00 100.00 65.00 30.00 0.00 41.00 59.00 0.00 86.00 5.00 0.00 92.00 36.00 0.00 30.00 11.00 0.00 5.00 78.00 79.00 18.00 8.00 64.00 2.00 70.00 45.00 0.00 87.00 0.00 15.00 51.00 65.00 38.00 0.00 0.00
23 16.00 59.00 10.00 0.00 82.00 49.00 59.00 44.00 0.00 68.00 0.00 17.00 92.00 96.00 23.00 100.00 0.00 2.00 14.00 0.00 93.00 100.00 86.00 0.00 85.00 94.00 72.00 50.00 0.00 96.00 59.00 49.00 1.00 41.00 83.00 0.00 0.00 0.00 62.00 65.00 79.00 77.00 72.00 27.00 48.00 74.00 48.00 60.00 17.00 66.00
24 69.00 20.00 0.00 10.00 0.00 0.00 56.00 8.00 0.00 17.00 52.00 47.00 30.00 0.00 0.00 89.00 67.00 43.00 51.00 21.00 35.00 0.00 5.00 85.00 0.00 21.00 0.00 58.00 16.00 59.00 9.00 53.00 13.00 63.00 73.00 25.00 43.00 0.00 13.00 80.00 0.00 0.00 34.00 0.00 29.00 27.00 0.00 39.00 19.00 0.00
25 0.00 7.00 73.00 2.00 0.00 49.00 69.00 0.00 0.00 86.00 53.00 0.00 0.00 14.00 6.00 93.00 2.00 96.00 13.00 57.00 31.00 10.00 0.00 94.00 21.00 0.00 34.00 92.00 0.00 90.00 21.00 75.00 74.00 39.00 68.00 32.00 0.00 20.00 90.00 68.00 100.00 63.00 0.00 0.00 64.00 57.00 59.00 49.00 79.00 18.00
26 17.00 36.00 72.00 39.00 53.00 94.00 20.00 0.00 74.00 3.00 20.00 46.00 1.00 17.00 28.00 26.00 0.00 11.00 0.00 98.00 26.00 0.00 92.00 72.00 0.00 34.00 0.00 14.00 99.00 0.00 15.00 0.00 63.00 81.00 0.00 11.00 0.00 47.00 0.00 44.00 28.00 42.00 23.00 0.00 80.00 51.00 51.00 91.00 16.00 12.00
27 62.00 0.00 0.00 61.00 11.00 66.00 1.00 51.00 50.00 95.00 63.00 40.00 29.00 42.00 50.00 11.00 0.00 94.00 63.00 7.00 0.00 24.00 36.00 50.00 58.00 92.00 14.00 0.00 0.00 49.00 62.00 85.00 65.00 0.00 82.00 23.00 15.00 34.00 9.00 0.00 59.00 0.00 33.00 12.00 100.00 34.00 0.00 99.00 93.00 91.00
28 62.00 65.00 57.00 97.00 100.00 0.00 0.00 20.00 0.00 38.00 92.00 0.00 40.00 45.00 32.00 66.00 50.00 70.00 0.00 0.00 3.00 5.00 0.00 0.00 16.00 0.00 99.00 0.00 0.00 52.00 85.00 34.00 20.00 0.00 87.00 0.00 0.00 0.00 33.00 91.00 0.00 32.00 76.00 16.00 73.00 0.00 0.00 60.00 0.00 87.00
29 93.00 0.00 25.00 3.00 0.00 57.00 85.00 44.00 56.00 85.00 71.00 43.00 73.00 42.00 27.00 92.00 77.00 100.00 17.00 0.00 90.00 82.00 30.00 96.00 59.00 90.00 0.00 49.00 52.00 0.00 13.00 93.00 49.00 30.00 51.00 0.00 0.00 1.00 32.00 91.00 87.00 39.00 10.00 93.00 2.00 40.00 91.00 61.00 0.00 12.00
30 0.00 0.00 19.00 0.00 38.00 42.00 0.00 73.00 0.00 28.00 0.00 31.00 5.00 0.00 94.00 0.00 4.00 5.00 19.00 90.00 0.00 66.00 11.00 59.00 9.00 21.00 15.00 62.00 85.00 13.00 0.00 55.00 40.00 0.00 63.00 10.00 90.00 39.00 0.00 19.00 0.00 36.00 26.00 0.00 23.00 48.00 77.00 0.00 79.00 19.00
31 0.00 93.00 17.00 0.00 86.00 35.00 85.00 3.00 93.00 32.00 0.00 8.00 84.00 80.00 31.00 73.00 82.00 0.00 2.00 46.00 61.00 19.00 0.00 49.00 53.00 75.00 0.00 85.00 34.00 93.00 55.00 0.00 0.00 0.00 72.00 0.00 0.00 44.00 21.00 0.00 10.00 62.00 0.00 83.00 25.00 17.00 6.00 70.00 0.00 9.00
32 67.00 6.00 89.00 0.00 0.00 77.00 52.00 0.00 9.00 5.00 74.00 54.00 31.00 26.00 0.00 28.00 60.00 0.00 70.00 85.00 60.00 33.00 5.00 1.00 13.00 74.00 63.00 65.00 20.00 49.00 40.00 0.00 0.00 9.00 100.00 23.00 10.00 0.00 54.00 10.00 0.00 100.00 98.00 0.00 0.00 0.00 0.00 0.00 49.00 96.00
33 99.00 19.00 49.00 12.00 19.00 99.00 91.00 61.00 0.00 0.00 6.00 56.00 8.00 87.00 0.00 26.00 0.00 0.00 5.00 0.00 31.00 93.00 78.00 41.00 63.00 39.00 81.00 0.00 0.00 30.00 0.00 0.00 9.00 0.00 13.00 49.00 4.00 77.00 62.00 52.00 16.00 0.00 13.00 0.00 63.00 41.00 18.00 30.00 54.00 48.00
34 67.00 66.00 7.00 0.00 73.00 71.00 3.00 9.00 11.00 92.00 10.00 0.00 97.00 67.00 55.00 10.00 40.00 77.00 59.00 0.00 33.00 0.00 79.00 83.00 73.00 68.00 0.00 82.00 87.00 51.00 63.00 72.00 100.00 13.00 0.00 98.00 79.00 41.00 0.00 0.00 48.00 82.00 69.00 72.00 56.00 96.00 2.00 19.00 46.00 7.00
35 0.00 82.00 82.00 36.00 92.00 14.00 57.00 37.00 84.00 35.00 75.00 75.00 48.00 64.00 0.00 2.00 0.00 81.00 0.00 94.00 7.00 0.00 18.00 0.00 25.00 32.00 11.00 23.00 0.00 0.00 10.00 0.00 23.00 49.00 98.00 0.00 88.00 0.00 0.00 72.00 92.00 29.00 6.00 57.00 13.00 2.00 0.00 99.00 0.00 15.00
36 28.00 35.00 25.00 0.00 0.00 25.00 83.00 90.00 0.00 17.00 76.00 23.00 82.00 14.00 0.00 23.00 58.00 12.00 26.00 23.00 7.00 0.00 8.00 0.00 43.00 0.00 0.00 15.00 0.00 0.00 90.00 0.00 10.00 4.00 79.00 88.00 0.00 47.00 44.00 0.00 33.00 55.00 99.00 51.00 58.00 0.00 0.00 0.00 0.00 57.00
37 53.00 83.00 84.00 87.00 21.00 61.00 52.00 71.00 0.00 0.00 9.00 58.00 8.00 0.00 71.00 29.00 78.00 0.00 0.00 77.00 0.00 19.00 64.00 0.00 0.00 20.00 47.00 34.00 0.00 1.00 39.00 44.00 0.00 77.00 41.00 0.00 47.00 0.00 63.00 78.00 0.00 0.00 51.00 98.00 0.00 22.00 94.00 71.00 71.00 74.00
38 0.00 96.00 30.00 8.00 5.00 0.00 80.00 19.00 34.00 86.00 96.00 53.00 22.00 0.00 42.00 0.00 92.00 76.00 69.00 14.00 13.00 0.00 2.00 62.00 13.00 90.00 0.00 9.00 33.00 32.00 0.00 21.00 54.00 62.00 0.00 0.00 44.00 63.00 0.00 0.00 12.00 15.00 0.00 0.00 0.00 79.00 23.00 61.00 0.00 97.00
39 0.00 44.00 15.00 80.00 58.00 0.00 55.00 0.00 0.00 73.00 68.00 98.00 37.00 74.00 21.00 13.00 74.00 0.00 9.00 0.00 44.00 100.00 70.00 65.00 80.00 68.00 44.00 0.00 91.00 91.00 19.00 0.00 10.00 52.00 0.00 72.00 0.00 78.00 0.00 0.00 0.00 0.00 53.00 61.00 0.00 19.00 80.00 0.00 37.00 0.00
40 1.00 28.00 54.00 0.00 51.00 83.00 18.00 0.00 0.00 0.00 89.00 21.00 0.00 15.00 93.00 0.00 0.00 73.00 87.00 31.00 6.00 61.00 45.00 79.00 0.00 100.00 28.00 59.00 0.00 87.00 0.00 10.00 0.00 16.00 48.00 92.00 33.00 0.00 12.00 0.00 0.00 22.00 0.00 25.00 10.00 50.00 0.00 95.00 71.00 82.00
41 21.00 93.00 0.00 31.00 0.00 0.00 10.00 21.00 93.00 22.00 94.00 65.00 25.00 80.00 59.00 91.00 71.00 35.00 0.00 8.00 40.00 73.00 0.00 77.00 0.00 63.00 42.00 0.00 32.00 39.00 36.00 62.00 100.00 0.00 82.00 29.00 55.00 0.00 15.00 0.00 22.00 0.00 6.00 9.00 33.00 59.00 66.00 38.00 29.00 35.00
42 19.00 50.00 0.00 76.00 11.00 79.00 54.00 26.00 95.00 0.00 81.00 46.00 30.00 54.00 0.00 31.00 19.00 95.00 6.00 0.00 52.00 45.00 87.00 72.00 34.00 0.00 23.00 33.00 76.00 10.00 26.00 0.00 98.00 13.00 69.00 6.00 99.00 51.00 0.00 53.00 0.00 6.00 0.00 16.00 87.00 42.00 44.00 0.00 89.00 87.00
43 5.00 46.00 73.00 0.00 47.00 0.00 74.00 59.00 55.00 23.00 0.00 61.00 48.00 66.00 23.00 54.00 14.00 50.00 0.00 18.00 47.00 0.00 0.00 27.00 0.00 0.00 0.00 12.00 16.00 93.00 0.00 83.00 0.00 0.00 72.00 57.00 51.00 98.00 0.00 61.00 25.00 9.00 16.00 0.00 6.00 62.00 88.00 69.00 78.00 7.00
44 58.00 84.00 61.00 66.00 71.00 0.00 95.00 92.00 59.00 1.00 94.00 54.00 0.00 20.00 42.00 39.00 0.00 79.00 36.00 56.00 80.00 29.00 15.00 48.00 29.00 64.00 80.00 100.00 73.00 2.00 23.00 25.00 0.00 63.00 56.00 13.00 58.00 0.00 0.00 0.00 10.00 33.00 87.00 6.00 0.00 0.00 0.00 48.00 0.00 0.00
45 0.00 12.00 0.00 4.00 0.00 46.00 0.00 44.00 65.00 100.00 90.00 0.00 78.00 31.00 0.00 0.00 88.00 70.00 0.00 69.00 65.00 29.00 51.00 74.00 27.00 57.00 51.00 34.00 0.00 40.00 48.00 17.00 0.00 41.00 96.00 2.00 0.00 22.00 79.00 19.00 50.00 59.00 42.00 62.00 0.00 0.00 59.00 10.00 84.00 26.00
46 78.00 0.00 29.00 89.00 57.00 97.00 62.00 10.00 65.00 36.00 93.00 0.00 1.00 9.00 62.00 0.00 0.00 15.00 54.00 39.00 0.00 0.00 65.00 48.00 0.00 59.00 51.00 0.00 0.00 91.00 77.00 6.00 0.00 18.00 2.00 0.00 0.00 94.00 23.00 80.00 0.00 66.00 44.00 88.00 0.00 59.00 0.00 45.00 95.00 87.00
47 86.00 9.00 76.00 0.00 75.00 17.00 47.00 10.00 71.00 57.00 22.00 0.00 0.00 72.00 0.00 36.00 24.00 65.00 0.00 65.00 0.00 25.00 38.00 60.00 39.00 49.00 91.00 99.00 60.00 61.00 0.00 70.00 0.00 30.00 19.00 99.00 0.00 71.00 61.00 0.00 95.00 38.00 0.00 69.00 48.00 10.00 45.00 0.00 79.00 66.00
48 69.00 100.00 0.00 57.00 8.00 100.00 24.00 0.00 0.00 0.00 82.00 47.00 0.00 78.00 74.00 0.00 5.00 81.00 0.00 27.00 91.00 39.00 0.00 17.00 19.00 79.00 16.00 93.00 0.00 0.00 79.00 0.00 49.00 54.00 46.00 0.00 0.00 71.00 0.00 37.00 71.00 29.00 89.00 78.00 0.00 84.00 95.00 79.00 0.00 53.00
49 42.00 18.00 5.00 89.00 90.00 18.00 0.00 6.00 66.00 53.00 66.00 84.00 0.00 61.00 0.00 7.00 0.00 32.00 32.00 55.00 2.00 28.00 0.00 66.00 0.00 18.00 12.00 91.00 87.00 12.00 19.00 9.00 96.00 48.00 7.00 15.00 57.00 74.00 97.00 0.00 82.00 35.00 87.00 7.00 0.00 26.00 87.00 66.00 53.00 0.00
mcp_obj 37
mcp_gap 0
mcp_x 1 1 1 0 1 1 0 1 0 1 1 1 0 1 1 1 1 0 1 1 1 0 1 1 1 1 1 1 1 0 1 0 1 1 0 1 1 0 0 1 1 1 0 1 1 1 0 1 1 1
