NAME N50_rc_0.7_rGamma_1_dc_0.035_dGamma_0.0005_jeu_50_75_8.txt
NUM_ITEMS 50
SOURCE jeu_50_75_8
PARAMETERS
r_c 0.7
r_Gamma 1
d_c 0.035
d_Gamma 0.0005

BOUNDS
c_lb 0.00
c_ub 128.52
Gamma_lb 8
Gamma_ub 37
B_i_1_lb 0.00 0.00 0.00 0.00 0.00 0.00 0.00 0.00 0.00 0.00 0.00 0.00 0.00 0.00 0.00 0.00 0.00 0.00 0.00 0.00 0.00 0.00 0.00 0.00 0.00 0.00 0.00 0.00 0.00 0.00 0.00 0.00 0.00 0.00 0.00 0.00 0.00 0.00 0.00 0.00 0.00 0.00 0.00 0.00 0.00 0.00 0.00 0.00 0.00 0.00
B_i_1_ub 46.99 54.17 55.57 54.45 52.71 43.47 47.44 48.20 58.78 41.23 49.89 47.50 43.22 49.32 49.52 47.67 61.29 49.68 47.77 49.57 53.48 53.05 47.51 54.06 55.99 50.97 52.84 53.44 44.86 45.28 52.64 53.64 58.43 52.17 42.64 61.29 54.77 52.19 52.34 45.63 50.60 58.69 50.75 54.26 46.94 59.02 44.57 47.33 53.46 58.39
B_i_0_lb 0.00 0.00 0.00 0.00 0.00 0.00 0.00 0.00 0.00 0.00 0.00 0.00 0.00 0.00 0.00 0.00 0.00 0.00 0.00 0.00 0.00 0.00 0.00 0.00 0.00 0.00 0.00 0.00 0.00 0.00 0.00 0.00 0.00 0.00 0.00 0.00 0.00 0.00 0.00 0.00 0.00 0.00 0.00 0.00 0.00 0.00 0.00 0.00 0.00 0.00
B_i_0_ub 47.34 54.69 56.38 54.98 53.13 43.86 48.52 49.01 60.91 41.23 52.87 47.95 44.09 50.96 49.88 48.75 63.29 52.87 50.54 51.25 53.48 53.05 49.78 55.11 58.37 52.90 52.84 55.82 46.26 46.75 53.73 57.04 59.30 54.23 43.38 61.32 58.20 53.17 54.59 48.19 51.26 60.30 53.97 57.48 48.20 60.84 47.34 48.87 53.64 59.27
c_i_1_lb 18.20 27.30 30.10 46.90 44.80 0.00 2.80 0.00 8.40 0.00 64.40 0.00 25.20 0.00 67.90 60.20 0.00 0.00 49.70 13.30 28.00 65.80 49.00 0.00 23.10 59.50 36.40 33.60 39.90 24.50 10.50 5.60 57.40 37.10 67.90 67.20 0.00 0.00 0.00 0.00 15.40 27.30 0.00 0.00 23.10 35.70 43.40 44.80 0.70 44.80
c_i_1_ub 65.19 81.47 85.67 101.35 97.51 43.47 50.24 48.20 67.18 41.23 114.29 47.50 68.42 49.32 117.42 107.87 61.29 49.68 97.47 62.87 81.48 118.85 96.51 54.06 79.09 110.47 89.24 87.04 84.76 69.78 63.14 59.24 115.83 89.27 110.54 128.49 54.77 52.19 52.34 45.63 66.00 85.99 50.75 54.26 70.04 94.72 87.97 92.13 54.16 103.19
c_i_0_lb 18.20 27.30 30.10 46.90 44.80 0.00 2.80 0.00 8.40 0.00 64.40 0.00 25.20 0.00 67.90 60.20 0.00 0.00 49.70 13.30 28.00 65.80 49.00 0.00 23.10 59.50 36.40 33.60 39.90 24.50 10.50 5.60 57.40 37.10 67.90 67.20 0.00 0.00 0.00 0.00 15.40 27.30 0.00 0.00 23.10 35.70 43.40 44.80 0.70 44.80
c_i_0_ub 65.54 81.99 86.48 101.88 97.93 43.86 51.32 49.01 69.31 41.23 117.27 47.95 69.29 50.96 117.78 108.95 63.29 52.87 100.24 64.55 81.48 118.85 98.78 55.11 81.47 112.40 89.24 89.42 86.16 71.25 64.23 62.64 116.70 91.33 111.28 128.52 58.20 53.17 54.59 48.19 66.66 87.60 53.97 57.48 71.30 96.54 90.74 93.67 54.34 104.07
c_1_lb 0.00
c_1_ub 128.49
c_0_lb 0.00
c_0_ub 128.52

BOUND_TIMES
k_max_time 0.001142
Gamma_ub_time 0.000322
B_i_1_lb_time 0.002186
B_i_1_ub_time 0.008724
B_i_0_lb_time 0.002266
B_i_0_ub_time 0.008543

DDRO_PARAMETERS
a_0 8
b_0i 1 1 1 1 1 0 1 1 1 0 1 1 1 1 1 1 1 1 1 1 1 1 1 1 1 1 1 1 0 1 1 1 1 1 0 1 1 1 1 1 1 1 1 1 1 1 1 1 1 1
a_i 18.20 27.30 30.10 46.90 44.80 0.00 2.80 0.00 8.40 0.00 64.40 0.00 25.20 0.00 67.90 60.20 0.00 0.00 49.70 13.30 28.00 65.80 49.00 0.00 23.10 59.50 36.40 33.60 39.90 24.50 10.50 5.60 57.40 37.10 67.90 67.20 0.00 0.00 0.00 0.00 15.40 27.30 0.00 0.00 23.10 35.70 43.40 44.80 0.70 44.80
b_ij
0 0.00 0.07 2.10 1.47 0.60 1.26 0.00 2.49 1.12 1.05 0.39 0.35 0.18 0.00 0.00 0.00 3.47 1.51 2.77 1.16 0.81 2.73 0.21 0.81 1.72 0.42 0.11 2.07 0.35 3.29 1.05 1.93 3.40 0.00 0.00 2.80 1.79 2.45 3.05 2.00 1.54 1.09 0.53 3.15 2.45 0.00 0.00 0.00 1.89 0.00
1 0.07 0.00 3.36 3.12 1.93 1.47 2.17 3.08 0.21 0.00 0.00 1.58 2.77 0.49 0.56 2.00 1.93 3.05 2.80 3.08 0.00 0.00 1.02 0.56 0.42 0.56 1.02 3.26 0.00 0.00 1.02 0.49 2.87 0.46 1.02 2.45 0.00 2.94 2.17 0.00 0.00 1.93 1.19 2.07 2.17 3.29 2.28 0.00 1.86 0.00
2 2.10 3.36 0.00 1.09 2.73 1.61 2.77 0.81 3.36 0.95 0.46 2.00 2.63 0.00 0.98 0.00 1.86 0.00 0.42 0.91 2.17 2.80 0.00 1.23 2.07 2.66 0.00 0.00 0.00 1.05 1.44 0.00 0.00 0.00 0.67 2.59 2.73 0.98 0.00 0.18 2.14 1.61 1.40 0.39 0.00 2.07 2.17 1.16 2.98 2.66
3 1.47 3.12 1.09 0.00 0.00 0.53 1.82 0.28 3.05 0.00 0.00 3.12 0.81 2.31 2.00 0.32 0.56 1.54 3.05 3.33 3.36 0.00 0.00 3.05 0.00 2.00 3.36 0.42 3.33 0.42 1.40 0.18 1.65 1.58 3.43 0.00 2.35 3.22 0.00 0.53 0.00 2.66 1.16 2.03 0.70 2.07 1.33 0.49 0.00 2.80
4 0.60 1.93 2.73 0.00 0.00 0.00 0.00 2.45 0.00 0.67 0.70 0.07 1.40 3.43 1.47 2.94 3.47 3.40 0.00 2.52 2.73 0.00 2.31 1.19 3.40 2.38 0.00 0.81 1.05 1.86 2.94 2.49 1.33 0.00 2.94 3.22 1.16 0.00 1.26 2.21 0.28 3.22 1.72 2.73 0.00 0.11 0.00 2.77 0.00 0.00
5 1.26 1.47 1.61 0.53 0.00 0.00 0.00 1.89 0.00 3.40 0.00 1.05 0.53 0.00 0.00 0.95 0.00 0.00 0.00 0.00 1.96 0.00 2.14 2.73 3.33 2.52 0.04 2.80 0.81 3.19 2.24 3.26 2.49 2.52 3.08 0.00 0.00 0.00 0.00 2.56 0.28 0.00 2.70 0.00 0.39 0.70 0.00 0.77 0.35 0.70
6 0.00 2.17 2.77 1.82 0.00 0.00 0.00 2.56 0.00 0.00 3.33 0.00 0.00 1.96 2.38 0.39 3.43 0.25 2.52 0.00 0.84 0.00 1.23 1.05 0.35 0.00 2.38 0.11 0.04 3.08 0.00 2.14 0.00 3.08 0.21 0.00 0.46 0.74 0.74 0.00 0.00 2.56 0.00 0.60 3.40 1.51 2.59 1.33 3.33 2.70
7 2.49 3.08 0.81 0.28 2.45 1.89 2.56 0.00 0.00 0.53 0.00 1.19 0.32 2.98 0.91 2.31 2.17 1.19 2.63 2.03 0.00 2.70 0.74 2.45 0.00 0.63 1.23 0.00 2.28 0.00 1.40 2.91 0.00 0.00 0.11 2.80 3.08 2.24 2.10 0.39 0.49 0.18 0.81 2.38 0.00 1.19 0.00 0.56 2.52 0.00
8 1.12 0.21 3.36 3.05 0.00 0.00 0.00 0.00 0.00 0.00 2.59 0.32 3.19 0.00 1.93 2.80 1.02 1.72 1.30 1.37 2.70 3.26 0.67 0.39 3.33 0.88 0.49 2.42 1.58 2.63 2.91 1.61 2.10 0.00 2.21 3.12 0.00 1.47 0.00 0.95 1.72 2.56 0.00 3.33 0.98 3.08 2.03 2.21 3.01 0.46
9 1.05 0.00 0.95 0.00 0.67 3.40 0.00 0.53 0.00 0.00 2.91 1.86 0.00 0.00 3.19 0.00 1.51 0.42 0.00 0.00 2.00 0.00 2.84 0.00 1.65 1.65 0.00 2.35 0.00 0.00 2.10 0.07 1.09 0.00 0.98 0.00 2.84 0.00 0.00 0.00 1.72 0.84 0.00 2.94 0.00 0.60 2.59 1.86 3.22 0.63
10 0.39 0.00 0.46 0.00 0.70 0.00 3.33 0.00 2.59 2.91 0.00 1.65 0.11 0.95 0.00 0.91 0.00 3.19 1.26 0.00 0.28 3.19 0.00 0.56 0.07 2.80 0.63 3.12 0.00 0.00 0.00 2.63 1.19 3.50 1.26 2.63 0.00 3.01 1.16 1.37 0.00 2.87 2.45 3.22 3.33 3.47 3.36 0.00 1.65 1.93
11 0.35 1.58 2.00 3.12 0.07 1.05 0.00 1.19 0.32 1.86 1.65 0.00 0.84 2.17 2.91 0.28 2.98 0.42 0.00 0.00 0.74 1.72 1.61 0.95 3.01 1.86 2.56 2.98 2.42 1.02 0.25 0.63 1.40 3.19 0.00 1.54 0.70 0.88 3.19 0.56 0.81 0.00 2.80 1.68 0.00 0.00 0.00 0.11 2.73 0.00
12 0.18 2.77 2.63 0.81 1.40 0.53 0.00 0.32 3.19 0.00 0.11 0.84 0.00 1.89 0.00 0.00 2.10 0.00 2.14 0.98 2.28 1.89 1.26 0.00 0.42 2.91 2.03 0.35 0.70 0.00 1.33 2.66 0.11 0.11 1.40 1.65 1.47 2.07 0.49 1.40 0.81 0.00 2.52 0.00 0.00 2.98 0.04 2.07 0.00 2.14
13 0.00 0.49 0.00 2.31 3.43 0.00 1.96 2.98 0.00 0.00 0.95 2.17 1.89 0.00 1.09 2.52 1.40 1.89 1.12 0.35 3.40 0.07 0.04 0.74 0.53 1.44 3.36 0.91 1.02 2.59 2.17 0.46 0.21 0.46 1.37 0.00 0.00 2.70 0.74 2.56 0.00 0.00 1.02 2.66 2.66 2.70 1.12 0.00 2.59 0.21
14 0.00 0.56 0.98 2.00 1.47 0.00 2.38 0.91 1.93 3.19 0.00 2.91 0.00 1.09 0.00 3.15 2.49 3.19 0.00 0.00 0.00 0.70 0.00 0.00 0.95 0.00 1.93 0.00 0.00 0.32 2.87 0.98 3.12 0.60 0.00 0.39 3.36 0.00 1.75 1.37 0.00 2.77 0.81 0.25 2.84 1.16 0.00 2.84 2.35 0.00
15 0.00 2.00 0.00 0.32 2.94 0.95 0.39 2.31 2.80 0.00 0.91 0.28 0.00 2.52 3.15 0.00 0.53 3.05 2.14 2.10 0.00 0.00 3.01 0.00 0.00 0.42 0.67 0.00 1.40 0.00 0.84 2.70 1.02 1.75 1.96 2.24 1.54 1.54 0.00 2.94 3.01 2.03 0.00 0.14 3.43 2.77 2.35 2.45 0.32 0.88
16 3.47 1.93 1.86 0.56 3.47 0.00 3.43 2.17 1.02 1.51 0.00 2.98 2.10 1.40 2.49 0.53 0.00 2.91 0.00 1.82 2.07 2.42 3.01 2.52 2.94 0.14 3.01 0.14 0.00 1.61 0.00 3.12 0.00 2.70 1.09 2.84 2.35 0.07 1.44 0.00 0.04 2.49 2.98 2.94 0.21 0.04 0.00 2.14 3.26 0.00
17 1.51 3.05 0.00 1.54 3.40 0.00 0.25 1.19 1.72 0.42 3.19 0.42 0.00 1.89 3.19 3.05 2.91 0.00 0.00 2.66 0.32 2.10 0.00 2.80 0.14 0.00 0.98 2.80 0.00 1.79 1.82 0.00 1.33 1.82 0.00 2.63 3.43 2.59 2.49 2.38 0.11 0.28 0.00 2.31 0.46 1.19 1.89 0.00 1.79 0.88
18 2.77 2.80 0.42 3.05 0.00 0.00 2.52 2.63 1.30 0.00 1.26 0.00 2.14 1.12 0.00 2.14 0.00 0.00 0.00 3.47 0.35 0.00 0.00 1.54 0.00 0.00 3.01 0.63 3.50 0.00 0.00 2.98 0.91 1.05 0.00 1.93 2.28 1.23 2.28 3.12 3.26 0.00 0.00 2.77 1.79 1.26 1.93 0.00 0.00 2.63
19 1.16 3.08 0.91 3.33 2.52 0.00 0.00 2.03 1.37 0.00 0.00 0.00 0.98 0.35 0.00 2.10 1.82 2.66 3.47 0.00 0.00 0.00 1.79 2.80 2.87 1.47 1.79 1.89 0.00 0.00 3.50 0.00 3.36 0.88 0.63 3.43 0.00 0.77 0.00 0.00 2.00 0.42 3.40 1.79 1.26 2.49 0.00 0.67 1.12 0.53
20 0.81 0.00 2.17 3.36 2.73 1.96 0.84 0.00 2.70 2.00 0.28 0.74 2.28 3.40 0.00 0.00 2.07 0.32 0.35 0.00 0.00 1.44 1.33 2.63 0.56 1.40 0.88 3.19 0.11 2.52 0.70 1.12 2.42 0.53 0.00 3.50 0.70 1.61 2.73 0.00 2.14 3.05 0.67 1.79 2.31 0.56 0.00 0.00 0.00 0.00
21 2.73 0.00 2.80 0.00 0.00 0.00 0.00 2.70 3.26 0.00 3.19 1.72 1.89 0.07 0.70 0.00 2.42 2.10 0.00 0.00 1.44 0.00 0.39 1.47 0.00 2.52 0.00 2.00 0.00 0.14 1.89 0.70 3.22 2.91 0.14 2.59 2.56 2.91 2.28 2.59 1.86 3.29 0.00 0.63 2.35 1.72 0.28 0.00 0.00 3.40
22 0.21 1.02 0.00 0.00 2.31 2.14 1.23 0.74 0.67 2.84 0.00 1.61 1.26 0.04 0.00 3.01 3.01 0.00 0.00 1.79 1.33 0.39 0.00 0.14 2.38 1.02 2.10 2.77 0.63 2.35 0.46 1.82 3.50 0.00 0.00 0.00 0.77 1.68 0.00 2.80 0.00 2.49 3.01 2.59 2.17 0.00 0.25 3.12 0.70 0.00
23 0.81 0.56 1.23 3.05 1.19 2.73 1.05 2.45 0.39 0.00 0.56 0.95 0.00 0.74 0.00 0.00 2.52 2.80 1.54 2.80 2.63 1.47 0.14 0.00 0.00 0.35 2.66 3.50 1.79 0.35 1.23 0.00 1.51 2.10 3.19 1.33 2.00 0.00 1.05 2.87 1.65 2.77 0.53 0.00 1.40 1.05 3.19 3.47 0.00 3.29
24 1.72 0.42 2.07 0.00 3.40 3.33 0.35 0.00 3.33 1.65 0.07 3.01 0.42 0.53 0.95 0.00 2.94 0.14 0.00 2.87 0.56 0.00 2.38 0.00 0.00 2.70 1.16 1.37 1.26 2.31 0.60 2.07 2.66 2.80 3.47 2.38 2.38 0.00 1.30 0.42 0.00 2.45 0.00 2.28 3.22 3.40 2.49 3.19 0.00 0.00
25 0.42 0.56 2.66 2.00 2.38 2.52 0.00 0.63 0.88 1.65 2.80 1.86 2.91 1.44 0.00 0.42 0.14 0.00 0.00 1.47 1.40 2.52 1.02 0.35 2.70 0.00 3.08 1.89 0.84 0.00 0.00 0.00 2.59 0.00 0.00 0.25 0.98 1.68 3.26 0.63 0.00 3.36 2.77 2.31 2.73 0.00 2.14 0.00 0.00 2.91
26 0.11 1.02 0.00 3.36 0.00 0.04 2.38 1.23 0.49 0.00 0.63 2.56 2.03 3.36 1.93 0.67 3.01 0.98 3.01 1.79 0.88 0.00 2.10 2.66 1.16 3.08 0.00 0.98 1.72 1.61 2.07 0.00 0.28 2.21 0.00 0.00 3.33 2.35 0.00 0.32 2.84 2.56 3.26 2.14 0.00 2.91 0.88 0.04 2.45 3.50
27 2.07 3.26 0.00 0.42 0.81 2.80 0.11 0.00 2.42 2.35 3.12 2.98 0.35 0.91 0.00 0.00 0.14 2.80 0.63 1.89 3.19 2.00 2.77 3.50 1.37 1.89 0.98 0.00 1.23 3.05 0.00 2.73 0.81 3.22 1.02 1.82 0.00 1.05 0.00 0.84 0.00 2.17 1.51 1.79 2.49 3.19 1.86 0.67 1.89 0.00
28 0.35 0.00 0.00 3.33 1.05 0.81 0.04 2.28 1.58 0.00 0.00 2.42 0.70 1.02 0.00 1.40 0.00 0.00 3.50 0.00 0.11 0.00 0.63 1.79 1.26 0.84 1.72 1.23 0.00 0.00 2.10 0.00 2.94 0.00 2.91 3.50 0.00 2.31 0.60 2.98 0.95 1.79 0.46 0.00 1.40 0.00 0.00 0.00 2.73 0.35
29 3.29 0.00 1.05 0.42 1.86 3.19 3.08 0.00 2.63 0.00 0.00 1.02 0.00 2.59 0.32 0.00 1.61 1.79 0.00 0.00 2.52 0.14 2.35 0.35 2.31 0.00 1.61 3.05 0.00 0.00 0.00 0.00 1.58 0.00 1.37 2.80 2.52 0.95 2.17 1.79 1.82 0.00 1.16 2.91 1.23 0.25 0.32 2.03 0.00 0.81
30 1.05 1.02 1.44 1.40 2.94 2.24 0.00 1.40 2.91 2.10 0.00 0.25 1.33 2.17 2.87 0.84 0.00 1.82 0.00 3.50 0.70 1.89 0.46 1.23 0.60 0.00 2.07 0.00 2.10 0.00 0.00 0.00 1.09 3.40 2.00 2.56 1.30 3.19 1.30 2.07 0.00 0.00 1.89 0.39 0.11 2.35 0.00 0.00 1.09 2.63
31 1.93 0.49 0.00 0.18 2.49 3.26 2.14 2.91 1.61 0.07 2.63 0.63 2.66 0.46 0.98 2.70 3.12 0.00 2.98 0.00 1.12 0.70 1.82 0.00 2.07 0.00 0.00 2.73 0.00 0.00 0.00 0.00 3.47 2.66 0.18 2.66 0.00 3.36 3.15 2.45 2.77 0.98 3.22 0.18 0.42 0.91 1.51 2.28 0.04 3.50
32 3.40 2.87 0.00 1.65 1.33 2.49 0.00 0.00 2.10 1.09 1.19 1.40 0.11 0.21 3.12 1.02 0.00 1.33 0.91 3.36 2.42 3.22 3.50 1.51 2.66 2.59 0.28 0.81 2.94 1.58 1.09 3.47 0.00 2.07 0.35 0.70 1.16 2.87 3.15 0.00 1.68 0.00 1.26 0.00 1.82 2.45 3.50 1.65 1.44 3.08
33 0.00 0.46 0.00 1.58 0.00 2.52 3.08 0.00 0.00 0.00 3.50 3.19 0.11 0.46 0.60 1.75 2.70 1.82 1.05 0.88 0.53 2.91 0.00 2.10 2.80 0.00 2.21 3.22 0.00 0.00 3.40 2.66 2.07 0.00 2.28 1.68 0.00 2.45 0.32 2.63 3.15 0.60 0.70 0.00 0.14 0.74 3.19 1.82 0.00 0.42
34 0.00 1.02 0.67 3.43 2.94 3.08 0.21 0.11 2.21 0.98 1.26 0.00 1.40 1.37 0.00 1.96 1.09 0.00 0.00 0.63 0.00 0.14 0.00 3.19 3.47 0.00 0.00 1.02 2.91 1.37 2.00 0.18 0.35 2.28 0.00 0.00 0.35 0.00 3.36 2.80 3.15 0.53 0.00 0.67 0.98 0.28 0.46 1.65 0.00 0.00
35 2.80 2.45 2.59 0.00 3.22 0.00 0.00 2.80 3.12 0.00 2.63 1.54 1.65 0.00 0.39 2.24 2.84 2.63 1.93 3.43 3.50 2.59 0.00 1.33 2.38 0.25 0.00 1.82 3.50 2.80 2.56 2.66 0.70 1.68 0.00 0.00 3.05 0.00 1.51 1.19 0.00 2.42 0.84 3.29 1.86 3.15 0.00 2.63 2.70 3.08
36 1.79 0.00 2.73 2.35 1.16 0.00 0.46 3.08 0.00 2.84 0.00 0.70 1.47 0.00 3.36 1.54 2.35 3.43 2.28 0.00 0.70 2.56 0.77 2.00 2.38 0.98 3.33 0.00 0.00 2.52 1.30 0.00 1.16 0.00 0.35 3.05 0.00 1.23 1.23 2.80 1.16 0.84 1.30 2.35 1.79 2.24 3.12 2.21 2.10 0.14
37 2.45 2.94 0.98 3.22 0.00 0.00 0.74 2.24 1.47 0.00 3.01 0.88 2.07 2.70 0.00 1.54 0.07 2.59 1.23 0.77 1.61 2.91 1.68 0.00 0.00 1.68 2.35 1.05 2.31 0.95 3.19 3.36 2.87 2.45 0.00 0.00 1.23 0.00 2.98 0.00 3.12 2.87 0.00 2.66 2.10 0.74 0.00 0.00 0.49 2.31
38 3.05 2.17 0.00 0.00 1.26 0.00 0.74 2.10 0.00 0.00 1.16 3.19 0.49 0.74 1.75 0.00 1.44 2.49 2.28 0.00 2.73 2.28 0.00 1.05 1.30 3.26 0.00 0.00 0.60 2.17 1.30 3.15 3.15 0.32 3.36 1.51 1.23 2.98 0.00 1.23 0.00 2.49 0.00 2.21 1.54 2.56 1.72 3.19 0.32 2.10
39 2.00 0.00 0.18 0.53 2.21 2.56 0.00 0.39 0.95 0.00 1.37 0.56 1.40 2.56 1.37 2.94 0.00 2.38 3.12 0.00 0.00 2.59 2.80 2.87 0.42 0.63 0.32 0.84 2.98 1.79 2.07 2.45 0.00 2.63 2.80 1.19 2.80 0.00 1.23 0.00 2.03 0.95 2.91 1.79 0.11 0.00 0.00 3.43 0.00 1.44
40 1.54 0.00 2.14 0.00 0.28 0.28 0.00 0.49 1.72 1.72 0.00 0.81 0.81 0.00 0.00 3.01 0.04 0.11 3.26 2.00 2.14 1.86 0.00 1.65 0.00 0.00 2.84 0.00 0.95 1.82 0.00 2.77 1.68 3.15 3.15 0.00 1.16 3.12 0.00 2.03 0.00 2.24 2.87 0.39 1.23 3.50 1.61 0.00 1.65 3.08
41 1.09 1.93 1.61 2.66 3.22 0.00 2.56 0.18 2.56 0.84 2.87 0.00 0.00 0.00 2.77 2.03 2.49 0.28 0.00 0.42 3.05 3.29 2.49 2.77 2.45 3.36 2.56 2.17 1.79 0.00 0.00 0.98 0.00 0.60 0.53 2.42 0.84 2.87 2.49 0.95 2.24 0.00 2.73 3.22 0.07 0.25 0.00 1.16 1.37 1.58
42 0.53 1.19 1.40 1.16 1.72 2.70 0.00 0.81 0.00 0.00 2.45 2.80 2.52 1.02 0.81 0.00 2.98 0.00 0.00 3.40 0.67 0.00 3.01 0.53 0.00 2.77 3.26 1.51 0.46 1.16 1.89 3.22 1.26 0.70 0.00 0.84 1.30 0.00 0.00 2.91 2.87 2.73 0.00 1.79 0.63 3.05 2.35 0.00 3.47 0.14
43 3.15 2.07 0.39 2.03 2.73 0.00 0.60 2.38 3.33 2.94 3.22 1.68 0.00 2.66 0.25 0.14 2.94 2.31 2.77 1.79 1.79 0.63 2.59 0.00 2.28 2.31 2.14 1.79 0.00 2.91 0.39 0.18 0.00 0.00 0.67 3.29 2.35 2.66 2.21 1.79 0.39 3.22 1.79 0.00 0.00 0.00 1.12 1.05 1.51 1.23
44 2.45 2.17 0.00 0.70 0.00 0.39 3.40 0.00 0.98 0.00 3.33 0.00 0.00 2.66 2.84 3.43 0.21 0.46 1.79 1.26 2.31 2.35 2.17 1.40 3.22 2.73 0.00 2.49 1.40 1.23 0.11 0.42 1.82 0.14 0.98 1.86 1.79 2.10 1.54 0.11 1.23 0.07 0.63 0.00 0.00 0.98 1.44 0.00 1.05 0.00
45 0.00 3.29 2.07 2.07 0.11 0.70 1.51 1.19 3.08 0.60 3.47 0.00 2.98 2.70 1.16 2.77 0.04 1.19 1.26 2.49 0.56 1.72 0.00 1.05 3.40 0.00 2.91 3.19 0.00 0.25 2.35 0.91 2.45 0.74 0.28 3.15 2.24 0.74 2.56 0.00 3.50 0.25 3.05 0.00 0.98 0.00 3.12 1.89 3.08 3.33
46 0.00 2.28 2.17 1.33 0.00 0.00 2.59 0.00 2.03 2.59 3.36 0.00 0.04 1.12 0.00 2.35 0.00 1.89 1.93 0.00 0.00 0.28 0.25 3.19 2.49 2.14 0.88 1.86 0.00 0.32 0.00 1.51 3.50 3.19 0.46 0.00 3.12 0.00 1.72 0.00 1.61 0.00 2.35 1.12 1.44 3.12 0.00 2.07 0.32 3.01
47 0.00 0.00 1.16 0.49 2.77 0.77 1.33 0.56 2.21 1.86 0.00 0.11 2.07 0.00 2.84 2.45 2.14 0.00 0.00 0.67 0.00 0.00 3.12 3.47 3.19 0.00 0.04 0.67 0.00 2.03 0.00 2.28 1.65 1.82 1.65 2.63 2.21 0.00 3.19 3.43 0.00 1.16 0.00 1.05 0.00 1.89 2.07 0.00 0.00 2.98
48 1.89 1.86 2.98 0.00 0.00 0.35 3.33 2.52 3.01 3.22 1.65 2.73 0.00 2.59 2.35 0.32 3.26 1.79 0.00 1.12 0.00 0.00 0.70 0.00 0.00 0.00 2.45 1.89 2.73 0.00 1.09 0.04 1.44 0.00 0.00 2.70 2.10 0.49 0.32 0.00 1.65 1.37 3.47 1.51 1.05 3.08 0.32 0.00 0.00 2.45
49 0.00 0.00 2.66 2.80 0.00 0.70 2.70 0.00 0.46 0.63 1.93 0.00 2.14 0.21 0.00 0.88 0.00 0.88 2.63 0.53 0.00 3.40 0.00 3.29 0.00 2.91 3.50 0.00 0.35 0.81 2.63 3.50 3.08 0.42 0.00 3.08 0.14 2.31 2.10 1.44 3.08 1.58 0.14 1.23 0.00 3.33 3.01 2.98 2.45 0.00

ITEMS
nominal_profits 26.00 39.00 43.00 67.00 64.00 0.00 4.00 0.00 12.00 0.00 92.00 0.00 36.00 0.00 97.00 86.00 0.00 0.00 71.00 19.00 40.00 94.00 70.00 0.00 33.00 85.00 52.00 48.00 57.00 35.00 15.00 8.00 82.00 53.00 97.00 96.00 0.00 0.00 0.00 0.00 22.00 39.00 0.00 0.00 33.00 51.00 62.00 64.00 1.00 64.00
weights 8 16 14 6 5 7 18 14 31 3 42 8 14 37 3 14 28 44 49 26 1 2 30 21 29 31 1 37 39 25 22 50 13 35 21 1 46 12 43 37 10 14 44 44 27 21 40 20 6 11
capacity 389
k_max 31

COMMENTS
original_pairwise_profits
0 0.00 2.00 60.00 42.00 17.00 36.00 0.00 71.00 32.00 30.00 11.00 10.00 5.00 0.00 0.00 0.00 99.00 43.00 79.00 33.00 23.00 78.00 6.00 23.00 49.00 12.00 3.00 59.00 10.00 94.00 30.00 55.00 97.00 0.00 0.00 80.00 51.00 70.00 87.00 57.00 44.00 31.00 15.00 90.00 70.00 0.00 0.00 0.00 54.00 0.00
1 2.00 0.00 96.00 89.00 55.00 42.00 62.00 88.00 6.00 0.00 0.00 45.00 79.00 14.00 16.00 57.00 55.00 87.00 80.00 88.00 0.00 0.00 29.00 16.00 12.00 16.00 29.00 93.00 0.00 0.00 29.00 14.00 82.00 13.00 29.00 70.00 0.00 84.00 62.00 0.00 0.00 55.00 34.00 59.00 62.00 94.00 65.00 0.00 53.00 0.00
2 60.00 96.00 0.00 31.00 78.00 46.00 79.00 23.00 96.00 27.00 13.00 57.00 75.00 0.00 28.00 0.00 53.00 0.00 12.00 26.00 62.00 80.00 0.00 35.00 59.00 76.00 0.00 0.00 0.00 30.00 41.00 0.00 0.00 0.00 19.00 74.00 78.00 28.00 0.00 5.00 61.00 46.00 40.00 11.00 0.00 59.00 62.00 33.00 85.00 76.00
3 42.00 89.00 31.00 0.00 0.00 15.00 52.00 8.00 87.00 0.00 0.00 89.00 23.00 66.00 57.00 9.00 16.00 44.00 87.00 95.00 96.00 0.00 0.00 87.00 0.00 57.00 96.00 12.00 95.00 12.00 40.00 5.00 47.00 45.00 98.00 0.00 67.00 92.00 0.00 15.00 0.00 76.00 33.00 58.00 20.00 59.00 38.00 14.00 0.00 80.00
4 17.00 55.00 78.00 0.00 0.00 0.00 0.00 70.00 0.00 19.00 20.00 2.00 40.00 98.00 42.00 84.00 99.00 97.00 0.00 72.00 78.00 0.00 66.00 34.00 97.00 68.00 0.00 23.00 30.00 53.00 84.00 71.00 38.00 0.00 84.00 92.00 33.00 0.00 36.00 63.00 8.00 92.00 49.00 78.00 0.00 3.00 0.00 79.00 0.00 0.00
5 36.00 42.00 46.00 15.00 0.00 0.00 0.00 54.00 0.00 97.00 0.00 30.00 15.00 0.00 0.00 27.00 0.00 0.00 0.00 0.00 56.00 0.00 61.00 78.00 95.00 72.00 1.00 80.00 23.00 91.00 64.00 93.00 71.00 72.00 88.00 0.00 0.00 0.00 0.00 73.00 8.00 0.00 77.00 0.00 11.00 20.00 0.00 22.00 10.00 20.00
6 0.00 62.00 79.00 52.00 0.00 0.00 0.00 73.00 0.00 0.00 95.00 0.00 0.00 56.00 68.00 11.00 98.00 7.00 72.00 0.00 24.00 0.00 35.00 30.00 10.00 0.00 68.00 3.00 1.00 88.00 0.00 61.00 0.00 88.00 6.00 0.00 13.00 21.00 21.00 0.00 0.00 73.00 0.00 17.00 97.00 43.00 74.00 38.00 95.00 77.00
7 71.00 88.00 23.00 8.00 70.00 54.00 73.00 0.00 0.00 15.00 0.00 34.00 9.00 85.00 26.00 66.00 62.00 34.00 75.00 58.00 0.00 77.00 21.00 70.00 0.00 18.00 35.00 0.00 65.00 0.00 40.00 83.00 0.00 0.00 3.00 80.00 88.00 64.00 60.00 11.00 14.00 5.00 23.00 68.00 0.00 34.00 0.00 16.00 72.00 0.00
8 32.00 6.00 96.00 87.00 0.00 0.00 0.00 0.00 0.00 0.00 74.00 9.00 91.00 0.00 55.00 80.00 29.00 49.00 37.00 39.00 77.00 93.00 19.00 11.00 95.00 25.00 14.00 69.00 45.00 75.00 83.00 46.00 60.00 0.00 63.00 89.00 0.00 42.00 0.00 27.00 49.00 73.00 0.00 95.00 28.00 88.00 58.00 63.00 86.00 13.00
9 30.00 0.00 27.00 0.00 19.00 97.00 0.00 15.00 0.00 0.00 83.00 53.00 0.00 0.00 91.00 0.00 43.00 12.00 0.00 0.00 57.00 0.00 81.00 0.00 47.00 47.00 0.00 67.00 0.00 0.00 60.00 2.00 31.00 0.00 28.00 0.00 81.00 0.00 0.00 0.00 49.00 24.00 0.00 84.00 0.00 17.00 74.00 53.00 92.00 18.00
10 11.00 0.00 13.00 0.00 20.00 0.00 95.00 0.00 74.00 83.00 0.00 47.00 3.00 27.00 0.00 26.00 0.00 91.00 36.00 0.00 8.00 91.00 0.00 16.00 2.00 80.00 18.00 89.00 0.00 0.00 0.00 75.00 34.00 100.00 36.00 75.00 0.00 86.00 33.00 39.00 0.00 82.00 70.00 92.00 95.00 99.00 96.00 0.00 47.00 55.00
11 10.00 45.00 57.00 89.00 2.00 30.00 0.00 34.00 9.00 53.00 47.00 0.00 24.00 62.00 83.00 8.00 85.00 12.00 0.00 0.00 21.00 49.00 46.00 27.00 86.00 53.00 73.00 85.00 69.00 29.00 7.00 18.00 40.00 91.00 0.00 44.00 20.00 25.00 91.00 16.00 23.00 0.00 80.00 48.00 0.00 0.00 0.00 3.00 78.00 0.00
12 5.00 79.00 75.00 23.00 40.00 15.00 0.00 9.00 91.00 0.00 3.00 24.00 0.00 54.00 0.00 0.00 60.00 0.00 61.00 28.00 65.00 54.00 36.00 0.00 12.00 83.00 58.00 10.00 20.00 0.00 38.00 76.00 3.00 3.00 40.00 47.00 42.00 59.00 14.00 40.00 23.00 0.00 72.00 0.00 0.00 85.00 1.00 59.00 0.00 61.00
13 0.00 14.00 0.00 66.00 98.00 0.00 56.00 85.00 0.00 0.00 27.00 62.00 54.00 0.00 31.00 72.00 40.00 54.00 32.00 10.00 97.00 2.00 1.00 21.00 15.00 41.00 96.00 26.00 29.00 74.00 62.00 13.00 6.00 13.00 39.00 0.00 0.00 77.00 21.00 73.00 0.00 0.00 29.00 76.00 76.00 77.00 32.00 0.00 74.00 6.00
14 0.00 16.00 28.00 57.00 42.00 0.00 68.00 26.00 55.00 91.00 0.00 83.00 0.00 31.00 0.00 90.00 71.00 91.00 0.00 0.00 0.00 20.00 0.00 0.00 27.00 0.00 55.00 0.00 0.00 9.00 82.00 28.00 89.00 17.00 0.00 11.00 96.00 0.00 50.00 39.00 0.00 79.00 23.00 7.00 81.00 33.00 0.00 81.00 67.00 0.00
15 0.00 57.00 0.00 9.00 84.00 27.00 11.00 66.00 80.00 0.00 26.00 8.00 0.00 72.00 90.00 0.00 15.00 87.00 61.00 60.00 0.00 0.00 86.00 0.00 0.00 12.00 19.00 0.00 40.00 0.00 24.00 77.00 29.00 50.00 56.00 64.00 44.00 44.00 0.00 84.00 86.00 58.00 0.00 4.00 98.00 79.00 67.00 70.00 9.00 25.00
16 99.00 55.00 53.00 16.00 99.00 0.00 98.00 62.00 29.00 43.00 0.00 85.00 60.00 40.00 71.00 15.00 0.00 83.00 0.00 52.00 59.00 69.00 86.00 72.00 84.00 4.00 86.00 4.00 0.00 46.00 0.00 89.00 0.00 77.00 31.00 81.00 67.00 2.00 41.00 0.00 1.00 71.00 85.00 84.00 6.00 1.00 0.00 61.00 93.00 0.00
17 43.00 87.00 0.00 44.00 97.00 0.00 7.00 34.00 49.00 12.00 91.00 12.00 0.00 54.00 91.00 87.00 83.00 0.00 0.00 76.00 9.00 60.00 0.00 80.00 4.00 0.00 28.00 80.00 0.00 51.00 52.00 0.00 38.00 52.00 0.00 75.00 98.00 74.00 71.00 68.00 3.00 8.00 0.00 66.00 13.00 34.00 54.00 0.00 51.00 25.00
18 79.00 80.00 12.00 87.00 0.00 0.00 72.00 75.00 37.00 0.00 36.00 0.00 61.00 32.00 0.00 61.00 0.00 0.00 0.00 99.00 10.00 0.00 0.00 44.00 0.00 0.00 86.00 18.00 100.00 0.00 0.00 85.00 26.00 30.00 0.00 55.00 65.00 35.00 65.00 89.00 93.00 0.00 0.00 79.00 51.00 36.00 55.00 0.00 0.00 75.00
19 33.00 88.00 26.00 95.00 72.00 0.00 0.00 58.00 39.00 0.00 0.00 0.00 28.00 10.00 0.00 60.00 52.00 76.00 99.00 0.00 0.00 0.00 51.00 80.00 82.00 42.00 51.00 54.00 0.00 0.00 100.00 0.00 96.00 25.00 18.00 98.00 0.00 22.00 0.00 0.00 57.00 12.00 97.00 51.00 36.00 71.00 0.00 19.00 32.00 15.00
20 23.00 0.00 62.00 96.00 78.00 56.00 24.00 0.00 77.00 57.00 8.00 21.00 65.00 97.00 0.00 0.00 59.00 9.00 10.00 0.00 0.00 41.00 38.00 75.00 16.00 40.00 25.00 91.00 3.00 72.00 20.00 32.00 69.00 15.00 0.00 100.00 20.00 46.00 78.00 0.00 61.00 87.00 19.00 51.00 66.00 16.00 0.00 0.00 0.00 0.00
21 78.00 0.00 80.00 0.00 0.00 0.00 0.00 77.00 93.00 0.00 91.00 49.00 54.00 2.00 20.00 0.00 69.00 60.00 0.00 0.00 41.00 0.00 11.00 42.00 0.00 72.00 0.00 57.00 0.00 4.00 54.00 20.00 92.00 83.00 4.00 74.00 73.00 83.00 65.00 74.00 53.00 94.00 0.00 18.00 67.00 49.00 8.00 0.00 0.00 97.00
22 6.00 29.00 0.00 0.00 66.00 61.00 35.00 21.00 19.00 81.00 0.00 46.00 36.00 1.00 0.00 86.00 86.00 0.00 0.00 51.00 38.00 11.00 0.00 4.00 68.00 29.00 60.00 79.00 18.00 67.00 13.00 52.00 100.00 0.00 0.00 0.00 22.00 48.00 0.00 80.00 0.00 71.00 86.00 74.00 62.00 0.00 7.00 89.00 20.00 0.00
23 23.00 16.00 35.00 87.00 34.00 78.00 30.00 70.00 11.00 0.00 16.00 27.00 0.00 21.00 0.00 0.00 72.00 80.00 44.00 80.00 75.00 42.00 4.00 0.00 0.00 10.00 76.00 100.00 51.00 10.00 35.00 0.00 43.00 60.00 91.00 38.00 57.00 0.00 30.00 82.00 47.00 79.00 15.00 0.00 40.00 30.00 91.00 99.00 0.00 94.00
24 49.00 12.00 59.00 0.00 97.00 95.00 10.00 0.00 95.00 47.00 2.00 86.00 12.00 15.00 27.00 0.00 84.00 4.00 0.00 82.00 16.00 0.00 68.00 0.00 0.00 77.00 33.00 39.00 36.00 66.00 17.00 59.00 76.00 80.00 99.00 68.00 68.00 0.00 37.00 12.00 0.00 70.00 0.00 65.00 92.00 97.00 71.00 91.00 0.00 0.00
25 12.00 16.00 76.00 57.00 68.00 72.00 0.00 18.00 25.00 47.00 80.00 53.00 83.00 41.00 0.00 12.00 4.00 0.00 0.00 42.00 40.00 72.00 29.00 10.00 77.00 0.00 88.00 54.00 24.00 0.00 0.00 0.00 74.00 0.00 0.00 7.00 28.00 48.00 93.00 18.00 0.00 96.00 79.00 66.00 78.00 0.00 61.00 0.00 0.00 83.00
26 3.00 29.00 0.00 96.00 0.00 1.00 68.00 35.00 14.00 0.00 18.00 73.00 58.00 96.00 55.00 19.00 86.00 28.00 86.00 51.00 25.00 0.00 60.00 76.00 33.00 88.00 0.00 28.00 49.00 46.00 59.00 0.00 8.00 63.00 0.00 0.00 95.00 67.00 0.00 9.00 81.00 73.00 93.00 61.00 0.00 83.00 25.00 1.00 70.00 100.00
27 59.00 93.00 0.00 12.00 23.00 80.00 3.00 0.00 69.00 67.00 89.00 85.00 10.00 26.00 0.00 0.00 4.00 80.00 18.00 54.00 91.00 57.00 79.00 100.00 39.00 54.00 28.00 0.00 35.00 87.00 0.00 78.00 23.00 92.00 29.00 52.00 0.00 30.00 0.00 24.00 0.00 62.00 43.00 51.00 71.00 91.00 53.00 19.00 54.00 0.00
28 10.00 0.00 0.00 95.00 30.00 23.00 1.00 65.00 45.00 0.00 0.00 69.00 20.00 29.00 0.00 40.00 0.00 0.00 100.00 0.00 3.00 0.00 18.00 51.00 36.00 24.00 49.00 35.00 0.00 0.00 60.00 0.00 84.00 0.00 83.00 100.00 0.00 66.00 17.00 85.00 27.00 51.00 13.00 0.00 40.00 0.00 0.00 0.00 78.00 10.00
29 94.00 0.00 30.00 12.00 53.00 91.00 88.00 0.00 75.00 0.00 0.00 29.00 0.00 74.00 9.00 0.00 46.00 51.00 0.00 0.00 72.00 4.00 67.00 10.00 66.00 0.00 46.00 87.00 0.00 0.00 0.00 0.00 45.00 0.00 39.00 80.00 72.00 27.00 62.00 51.00 52.00 0.00 33.00 83.00 35.00 7.00 9.00 58.00 0.00 23.00
30 30.00 29.00 41.00 40.00 84.00 64.00 0.00 40.00 83.00 60.00 0.00 7.00 38.00 62.00 82.00 24.00 0.00 52.00 0.00 100.00 20.00 54.00 13.00 35.00 17.00 0.00 59.00 0.00 60.00 0.00 0.00 0.00 31.00 97.00 57.00 73.00 37.00 91.00 37.00 59.00 0.00 0.00 54.00 11.00 3.00 67.00 0.00 0.00 31.00 75.00
31 55.00 14.00 0.00 5.00 71.00 93.00 61.00 83.00 46.00 2.00 75.00 18.00 76.00 13.00 28.00 77.00 89.00 0.00 85.00 0.00 32.00 20.00 52.00 0.00 59.00 0.00 0.00 78.00 0.00 0.00 0.00 0.00 99.00 76.00 5.00 76.00 0.00 96.00 90.00 70.00 79.00 28.00 92.00 5.00 12.00 26.00 43.00 65.00 1.00 100.00
32 97.00 82.00 0.00 47.00 38.00 71.00 0.00 0.00 60.00 31.00 34.00 40.00 3.00 6.00 89.00 29.00 0.00 38.00 26.00 96.00 69.00 92.00 100.00 43.00 76.00 74.00 8.00 23.00 84.00 45.00 31.00 99.00 0.00 59.00 10.00 20.00 33.00 82.00 90.00 0.00 48.00 0.00 36.00 0.00 52.00 70.00 100.00 47.00 41.00 88.00
33 0.00 13.00 0.00 45.00 0.00 72.00 88.00 0.00 0.00 0.00 100.00 91.00 3.00 13.00 17.00 50.00 77.00 52.00 30.00 25.00 15.00 83.00 0.00 60.00 80.00 0.00 63.00 92.00 0.00 0.00 97.00 76.00 59.00 0.00 65.00 48.00 0.00 70.00 9.00 75.00 90.00 17.00 20.00 0.00 4.00 21.00 91.00 52.00 0.00 12.00
34 0.00 29.00 19.00 98.00 84.00 88.00 6.00 3.00 63.00 28.00 36.00 0.00 40.00 39.00 0.00 56.00 31.00 0.00 0.00 18.00 0.00 4.00 0.00 91.00 99.00 0.00 0.00 29.00 83.00 39.00 57.00 5.00 10.00 65.00 0.00 0.00 10.00 0.00 96.00 80.00 90.00 15.00 0.00 19.00 28.00 8.00 13.00 47.00 0.00 0.00
35 80.00 70.00 74.00 0.00 92.00 0.00 0.00 80.00 89.00 0.00 75.00 44.00 47.00 0.00 11.00 64.00 81.00 75.00 55.00 98.00 100.00 74.00 0.00 38.00 68.00 7.00 0.00 52.00 100.00 80.00 73.00 76.00 20.00 48.00 0.00 0.00 87.00 0.00 43.00 34.00 0.00 69.00 24.00 94.00 53.00 90.00 0.00 75.00 77.00 88.00
36 51.00 0.00 78.00 67.00 33.00 0.00 13.00 88.00 0.00 81.00 0.00 20.00 42.00 0.00 96.00 44.00 67.00 98.00 65.00 0.00 20.00 73.00 22.00 57.00 68.00 28.00 95.00 0.00 0.00 72.00 37.00 0.00 33.00 0.00 10.00 87.00 0.00 35.00 35.00 80.00 33.00 24.00 37.00 67.00 51.00 64.00 89.00 63.00 60.00 4.00
37 70.00 84.00 28.00 92.00 0.00 0.00 21.00 64.00 42.00 0.00 86.00 25.00 59.00 77.00 0.00 44.00 2.00 74.00 35.00 22.00 46.00 83.00 48.00 0.00 0.00 48.00 67.00 30.00 66.00 27.00 91.00 96.00 82.00 70.00 0.00 0.00 35.00 0.00 85.00 0.00 89.00 82.00 0.00 76.00 60.00 21.00 0.00 0.00 14.00 66.00
38 87.00 62.00 0.00 0.00 36.00 0.00 21.00 60.00 0.00 0.00 33.00 91.00 14.00 21.00 50.00 0.00 41.00 71.00 65.00 0.00 78.00 65.00 0.00 30.00 37.00 93.00 0.00 0.00 17.00 62.00 37.00 90.00 90.00 9.00 96.00 43.00 35.00 85.00 0.00 35.00 0.00 71.00 0.00 63.00 44.00 73.00 49.00 91.00 9.00 60.00
39 57.00 0.00 5.00 15.00 63.00 73.00 0.00 11.00 27.00 0.00 39.00 16.00 40.00 73.00 39.00 84.00 0.00 68.00 89.00 0.00 0.00 74.00 80.00 82.00 12.00 18.00 9.00 24.00 85.00 51.00 59.00 70.00 0.00 75.00 80.00 34.00 80.00 0.00 35.00 0.00 58.00 27.00 83.00 51.00 3.00 0.00 0.00 98.00 0.00 41.00
40 44.00 0.00 61.00 0.00 8.00 8.00 0.00 14.00 49.00 49.00 0.00 23.00 23.00 0.00 0.00 86.00 1.00 3.00 93.00 57.00 61.00 53.00 0.00 47.00 0.00 0.00 81.00 0.00 27.00 52.00 0.00 79.00 48.00 90.00 90.00 0.00 33.00 89.00 0.00 58.00 0.00 64.00 82.00 11.00 35.00 100.00 46.00 0.00 47.00 88.00
41 31.00 55.00 46.00 76.00 92.00 0.00 73.00 5.00 73.00 24.00 82.00 0.00 0.00 0.00 79.00 58.00 71.00 8.00 0.00 12.00 87.00 94.00 71.00 79.00 70.00 96.00 73.00 62.00 51.00 0.00 0.00 28.00 0.00 17.00 15.00 69.00 24.00 82.00 71.00 27.00 64.00 0.00 78.00 92.00 2.00 7.00 0.00 33.00 39.00 45.00
42 15.00 34.00 40.00 33.00 49.00 77.00 0.00 23.00 0.00 0.00 70.00 80.00 72.00 29.00 23.00 0.00 85.00 0.00 0.00 97.00 19.00 0.00 86.00 15.00 0.00 79.00 93.00 43.00 13.00 33.00 54.00 92.00 36.00 20.00 0.00 24.00 37.00 0.00 0.00 83.00 82.00 78.00 0.00 51.00 18.00 87.00 67.00 0.00 99.00 4.00
43 90.00 59.00 11.00 58.00 78.00 0.00 17.00 68.00 95.00 84.00 92.00 48.00 0.00 76.00 7.00 4.00 84.00 66.00 79.00 51.00 51.00 18.00 74.00 0.00 65.00 66.00 61.00 51.00 0.00 83.00 11.00 5.00 0.00 0.00 19.00 94.00 67.00 76.00 63.00 51.00 11.00 92.00 51.00 0.00 0.00 0.00 32.00 30.00 43.00 35.00
44 70.00 62.00 0.00 20.00 0.00 11.00 97.00 0.00 28.00 0.00 95.00 0.00 0.00 76.00 81.00 98.00 6.00 13.00 51.00 36.00 66.00 67.00 62.00 40.00 92.00 78.00 0.00 71.00 40.00 35.00 3.00 12.00 52.00 4.00 28.00 53.00 51.00 60.00 44.00 3.00 35.00 2.00 18.00 0.00 0.00 28.00 41.00 0.00 30.00 0.00
45 0.00 94.00 59.00 59.00 3.00 20.00 43.00 34.00 88.00 17.00 99.00 0.00 85.00 77.00 33.00 79.00 1.00 34.00 36.00 71.00 16.00 49.00 0.00 30.00 97.00 0.00 83.00 91.00 0.00 7.00 67.00 26.00 70.00 21.00 8.00 90.00 64.00 21.00 73.00 0.00 100.00 7.00 87.00 0.00 28.00 0.00 89.00 54.00 88.00 95.00
46 0.00 65.00 62.00 38.00 0.00 0.00 74.00 0.00 58.00 74.00 96.00 0.00 1.00 32.00 0.00 67.00 0.00 54.00 55.00 0.00 0.00 8.00 7.00 91.00 71.00 61.00 25.00 53.00 0.00 9.00 0.00 43.00 100.00 91.00 13.00 0.00 89.00 0.00 49.00 0.00 46.00 0.00 67.00 32.00 41.00 89.00 0.00 59.00 9.00 86.00
47 0.00 0.00 33.00 14.00 79.00 22.00 38.00 16.00 63.00 53.00 0.00 3.00 59.00 0.00 81.00 70.00 61.00 0.00 0.00 19.00 0.00 0.00 89.00 99.00 91.00 0.00 1.00 19.00 0.00 58.00 0.00 65.00 47.00 52.00 47.00 75.00 63.00 0.00 91.00 98.00 0.00 33.00 0.00 30.00 0.00 54.00 59.00 0.00 0.00 85.00
48 54.00 53.00 85.00 0.00 0.00 10.00 95.00 72.00 86.00 92.00 47.00 78.00 0.00 74.00 67.00 9.00 93.00 51.00 0.00 32.00 0.00 0.00 20.00 0.00 0.00 0.00 70.00 54.00 78.00 0.00 31.00 1.00 41.00 0.00 0.00 77.00 60.00 14.00 9.00 0.00 47.00 39.00 99.00 43.00 30.00 88.00 9.00 0.00 0.00 70.00
49 0.00 0.00 76.00 80.00 0.00 20.00 77.00 0.00 13.00 18.00 55.00 0.00 61.00 6.00 0.00 25.00 0.00 25.00 75.00 15.00 0.00 97.00 0.00 94.00 0.00 83.00 100.00 0.00 10.00 23.00 75.00 100.00 88.00 12.00 0.00 88.00 4.00 66.00 60.00 41.00 88.00 45.00 4.00 35.00 0.00 95.00 86.00 85.00 70.00 0.00
mcp_obj 31
mcp_gap 0
mcp_x 1 1 1 1 1 1 1 1 0 1 0 1 1 0 1 1 0 0 0 1 1 1 0 1 0 0 1 0 0 1 1 0 1 0 1 1 0 1 0 0 1 1 0 0 1 1 0 1 1 1
