NAME N50_rc_0.7_rGamma_1_dc_0.035_dGamma_0.0005_jeu_50_75_4.txt
NUM_ITEMS 50
SOURCE jeu_50_75_4
PARAMETERS
r_c 0.7
r_Gamma 1
d_c 0.035
d_Gamma 0.0005

BOUNDS
c_lb 0.00
c_ub 136.64
Gamma_lb 10
Gamma_ub 47
B_i_1_lb 0.00 0.00 0.00 0.00 0.00 0.00 0.00 0.00 0.00 0.00 0.00 0.00 0.00 0.00 0.00 0.00 0.00 0.00 0.00 0.00 0.00 0.00 0.00 0.00 0.00 0.00 0.00 0.00 0.00 0.00 0.00 0.00 0.00 0.00 0.00 0.00 0.00 0.00 0.00 0.00 0.00 0.00 0.00 0.00 0.00 0.00 0.00 0.00 0.00 0.00
B_i_1_ub 59.66 68.31 52.91 65.72 56.33 50.85 70.58 53.75 63.69 62.71 66.89 66.70 53.14 67.38 65.16 65.22 68.14 73.37 67.03 71.06 64.49 65.62 63.36 61.79 66.50 72.57 64.63 63.48 62.64 55.30 72.93 66.15 70.81 61.98 52.87 47.64 47.58 66.71 62.03 55.99 66.96 67.87 72.57 60.91 52.98 70.82 67.51 70.74 68.29 64.50
B_i_0_lb 0.00 0.00 0.00 0.00 0.00 0.00 0.00 0.00 0.00 0.00 0.00 0.00 0.00 0.00 0.00 0.00 0.00 0.00 0.00 0.00 0.00 0.00 0.00 0.00 0.00 0.00 0.00 0.00 0.00 0.00 0.00 0.00 0.00 0.00 0.00 0.00 0.00 0.00 0.00 0.00 0.00 0.00 0.00 0.00 0.00 0.00 0.00 0.00 0.00 0.00
B_i_0_ub 59.77 68.56 52.91 66.56 56.72 51.13 71.18 54.10 64.08 63.44 67.35 67.41 53.14 68.60 65.48 65.64 70.00 73.93 67.21 72.12 64.73 66.33 64.35 62.67 66.50 73.59 66.10 65.24 63.02 56.29 73.53 66.15 71.20 62.65 53.08 48.45 47.76 67.44 62.03 55.99 67.03 68.01 72.78 60.91 53.09 70.82 68.74 71.23 69.17 64.85
c_i_1_lb 35.00 0.00 16.10 27.30 24.50 0.00 0.00 4.90 25.20 0.00 42.70 0.00 57.40 17.50 0.00 0.00 0.00 13.30 0.00 8.40 38.50 0.00 30.80 63.00 8.40 0.00 46.20 35.00 49.00 0.00 42.00 25.20 32.90 14.70 62.30 53.20 10.50 51.10 0.00 34.30 6.30 0.00 54.60 12.60 58.10 53.90 67.90 45.50 63.00 0.00
c_i_1_ub 94.66 68.31 69.01 93.02 80.83 50.85 70.58 58.65 88.89 62.71 109.59 66.70 110.54 84.88 65.16 65.22 68.14 86.67 67.03 79.46 102.99 65.62 94.16 124.79 74.90 72.57 110.83 98.48 111.64 55.30 114.93 91.35 103.71 76.68 115.17 100.84 58.08 117.81 62.03 90.29 73.26 67.87 127.17 73.51 111.08 124.72 135.41 116.24 131.29 64.50
c_i_0_lb 35.00 0.00 16.10 27.30 24.50 0.00 0.00 4.90 25.20 0.00 42.70 0.00 57.40 17.50 0.00 0.00 0.00 13.30 0.00 8.40 38.50 0.00 30.80 63.00 8.40 0.00 46.20 35.00 49.00 0.00 42.00 25.20 32.90 14.70 62.30 53.20 10.50 51.10 0.00 34.30 6.30 0.00 54.60 12.60 58.10 53.90 67.90 45.50 63.00 0.00
c_i_0_ub 94.77 68.56 69.01 93.86 81.22 51.13 71.18 59.00 89.28 63.44 110.05 67.41 110.54 86.10 65.48 65.64 70.00 87.23 67.21 80.52 103.23 66.33 95.15 125.67 74.90 73.59 112.30 100.24 112.02 56.29 115.53 91.35 104.10 77.35 115.38 101.65 58.26 118.54 62.03 90.29 73.33 68.01 127.38 73.51 111.19 124.72 136.64 116.73 132.17 64.85
c_1_lb 0.00
c_1_ub 135.41
c_0_lb 0.00
c_0_ub 136.64

BOUND_TIMES
k_max_time 0.001348
Gamma_ub_time 0.000423
B_i_1_lb_time 0.002351
B_i_1_ub_time 0.009650
B_i_0_lb_time 0.002419
B_i_0_ub_time 0.009261

DDRO_PARAMETERS
a_0 10
b_0i 1 1 0 1 1 0 1 1 1 1 1 1 1 1 1 1 1 1 1 1 1 1 1 1 1 1 1 1 1 1 1 1 1 1 1 0 0 1 1 1 1 1 1 1 0 1 1 1 1 1
a_i 35.00 0.00 16.10 27.30 24.50 0.00 0.00 4.90 25.20 0.00 42.70 0.00 57.40 17.50 0.00 0.00 0.00 13.30 0.00 8.40 38.50 0.00 30.80 63.00 8.40 0.00 46.20 35.00 49.00 0.00 42.00 25.20 32.90 14.70 62.30 53.20 10.50 51.10 0.00 34.30 6.30 0.00 54.60 12.60 58.10 53.90 67.90 45.50 63.00 0.00
b_ij
0 0.00 2.98 2.17 0.56 0.46 0.81 1.65 0.00 1.05 0.63 2.77 0.00 1.05 2.80 0.28 2.49 0.00 0.32 0.63 3.19 0.00 0.67 0.00 0.25 0.81 2.56 2.00 0.53 0.25 2.73 1.61 2.45 0.11 3.47 0.00 0.00 0.00 2.31 0.00 2.21 2.94 0.91 2.91 1.02 0.70 2.49 0.00 0.14 2.21 2.38
1 2.98 0.00 2.17 2.73 0.00 0.00 1.16 0.00 1.19 1.26 1.65 0.00 3.26 2.28 0.56 2.00 3.08 0.84 3.36 1.68 0.56 3.26 2.70 0.74 0.77 0.00 1.37 0.00 1.96 0.00 0.60 2.59 2.91 3.29 1.05 0.14 0.00 0.04 2.07 0.00 0.00 3.05 0.04 1.93 0.00 2.84 2.56 1.51 1.58 3.12
2 2.17 2.17 0.00 0.00 0.11 0.00 2.59 0.00 0.84 0.00 0.46 0.00 0.74 0.00 1.26 0.67 3.12 0.00 3.29 1.79 3.01 1.61 0.49 2.49 0.95 2.98 0.00 1.33 1.89 1.33 0.00 0.00 2.24 0.00 1.58 1.40 0.00 2.28 0.28 0.00 2.00 0.00 0.00 0.00 0.00 0.00 2.14 3.22 3.08 0.00
3 0.56 2.73 0.00 0.00 1.51 0.00 1.96 0.35 1.58 2.35 1.79 0.60 0.00 2.66 0.00 2.70 0.00 2.91 0.00 2.14 1.37 0.32 2.91 3.47 0.00 1.09 1.47 1.16 0.70 2.59 2.91 1.54 0.63 0.60 1.75 1.26 0.00 2.84 2.73 0.98 2.00 3.19 2.49 0.60 0.56 2.21 2.28 0.28 2.73 0.91
4 0.46 0.00 0.11 1.51 0.00 2.10 1.58 3.47 0.25 2.38 2.38 2.63 0.84 1.12 0.00 0.00 0.07 2.24 3.50 2.42 1.19 1.61 0.04 1.68 2.70 1.37 0.00 0.00 2.21 1.51 0.00 0.14 0.39 2.00 0.81 0.74 0.00 0.00 2.87 2.10 1.16 0.49 0.00 0.39 1.37 1.16 2.59 3.19 1.93 0.00
5 0.81 0.00 0.00 0.00 2.10 0.00 0.74 0.56 1.47 1.30 0.28 0.25 0.60 0.39 3.15 3.12 1.02 0.00 0.00 1.33 0.35 0.00 0.00 0.00 0.00 2.56 2.28 0.98 0.70 1.96 0.67 0.74 2.84 0.77 0.39 0.00 1.75 2.49 0.00 0.53 3.43 0.63 0.67 1.51 1.58 1.72 2.38 1.30 3.19 0.00
6 1.65 1.16 2.59 1.96 1.58 0.74 0.00 1.86 0.00 0.60 2.98 2.91 0.88 3.19 0.84 0.00 2.59 0.00 0.04 0.00 0.35 0.00 0.11 0.39 1.44 1.19 3.47 2.45 2.24 0.00 2.49 3.43 3.36 1.58 0.00 0.84 1.33 0.00 3.50 1.02 1.89 0.74 2.66 1.58 0.00 2.87 2.63 2.87 1.72 0.00
7 0.00 0.00 0.00 0.35 3.47 0.56 1.86 0.00 0.18 0.60 3.43 0.00 0.00 0.00 0.00 0.00 1.96 0.63 2.77 1.12 1.82 1.61 2.52 0.00 1.96 0.77 3.08 0.28 0.63 0.98 2.59 2.07 2.21 0.00 2.98 0.00 1.02 2.24 0.00 3.19 1.02 0.00 0.14 1.86 0.67 0.00 0.35 2.94 0.00 1.05
8 1.05 1.19 0.84 1.58 0.25 1.47 0.00 0.18 0.00 0.00 3.05 0.00 0.11 1.12 0.00 0.21 0.00 1.33 0.14 2.66 0.49 2.87 0.00 3.43 3.12 0.14 0.00 2.45 2.52 3.15 1.65 1.40 2.80 0.88 2.21 2.07 0.00 0.00 3.15 2.84 0.00 1.33 2.80 2.49 0.00 0.00 3.01 1.89 2.49 0.39
9 0.63 1.26 0.00 2.35 2.38 1.30 0.60 0.60 0.00 0.00 0.00 3.29 2.24 1.93 0.00 0.00 3.19 1.02 3.26 0.28 1.12 0.00 0.81 0.00 2.31 2.56 1.79 0.98 3.08 1.19 3.33 1.23 0.14 2.42 1.86 1.23 0.00 0.63 1.82 2.98 1.93 0.00 0.00 1.02 2.77 2.87 2.94 0.00 0.91 0.67
10 2.77 1.65 0.46 1.79 2.38 0.28 2.98 3.43 3.05 0.00 0.00 0.77 2.31 1.40 0.00 2.38 0.11 3.43 0.00 2.45 0.00 2.49 0.00 0.25 2.17 2.49 0.00 1.30 0.56 2.24 2.52 0.00 0.00 1.09 3.19 0.04 0.81 1.58 1.96 2.66 0.00 0.00 2.14 3.22 0.00 0.84 2.63 2.98 0.00 0.00
11 0.00 0.00 0.00 0.60 2.63 0.25 2.91 0.00 0.00 3.29 0.77 0.00 0.49 0.84 0.25 0.00 1.93 0.00 0.00 3.40 2.73 2.07 2.98 0.00 0.39 0.46 2.70 0.46 3.01 2.45 2.77 1.26 2.66 0.00 3.05 0.28 0.77 2.98 0.60 0.35 1.89 0.00 1.82 3.33 1.37 1.02 3.08 3.33 0.00 2.98
12 1.05 3.26 0.74 0.00 0.84 0.60 0.88 0.00 0.11 2.24 2.31 0.49 0.00 1.12 0.77 2.98 1.47 2.66 0.32 0.00 0.70 1.02 1.54 2.94 3.05 1.65 0.91 1.47 0.04 1.40 2.42 0.18 0.00 2.00 0.84 0.88 0.00 0.46 2.94 0.21 2.17 3.43 0.74 0.32 0.32 0.74 0.60 0.14 0.98 2.00
13 2.80 2.28 0.00 2.66 1.12 0.39 3.19 0.00 1.12 1.93 1.40 0.84 1.12 0.00 0.46 2.73 0.00 0.00 1.54 3.26 0.00 0.35 3.29 3.19 2.98 1.33 2.17 2.52 0.07 0.00 1.30 3.47 0.39 0.53 3.08 0.81 0.00 2.56 3.36 0.00 1.33 1.47 3.05 0.46 1.89 0.00 2.07 0.74 2.66 0.00
14 0.28 0.56 1.26 0.00 0.00 3.15 0.84 0.00 0.00 0.00 0.00 0.25 0.77 0.46 0.00 1.93 0.60 3.47 3.33 3.50 2.73 1.47 1.16 0.00 0.84 3.43 2.24 2.94 2.38 0.00 2.56 2.84 1.61 1.96 1.86 0.14 1.54 3.19 0.53 1.86 1.30 3.08 0.18 0.98 0.00 1.47 0.04 2.59 0.00 1.33
15 2.49 2.00 0.67 2.70 0.00 3.12 0.00 0.00 0.21 0.00 2.38 0.00 2.98 2.73 1.93 0.00 2.14 2.52 0.28 0.95 0.00 3.22 0.28 2.31 1.44 0.00 1.58 0.00 2.98 0.21 2.17 1.96 3.36 0.00 1.16 0.42 1.58 2.21 2.31 0.42 3.29 1.26 0.00 0.35 0.00 2.66 0.00 1.16 2.70 0.00
16 0.00 3.08 3.12 0.00 0.07 1.02 2.59 1.96 0.00 3.19 0.11 1.93 1.47 0.00 0.60 2.14 0.00 1.68 2.91 3.05 2.59 2.98 0.98 0.04 0.46 2.28 2.14 1.44 2.70 1.93 2.98 0.00 2.80 2.84 0.88 0.81 2.94 1.05 0.00 0.00 0.88 1.89 3.05 0.74 0.00 1.23 2.66 0.00 0.11 3.40
17 0.32 0.84 0.00 2.91 2.24 0.00 0.00 0.63 1.33 1.02 3.43 0.00 2.66 0.00 3.47 2.52 1.68 0.00 0.00 0.00 3.33 0.00 3.40 0.88 3.40 0.00 0.00 2.14 1.75 1.89 0.00 2.77 2.21 1.40 2.73 1.86 0.84 2.45 2.03 1.58 0.00 3.50 1.16 2.80 0.07 2.21 0.00 2.03 3.26 1.58
18 0.63 3.36 3.29 0.00 3.50 0.00 0.04 2.77 0.14 3.26 0.00 0.00 0.32 1.54 3.33 0.28 2.91 0.00 0.00 0.00 3.05 3.05 0.67 0.00 2.00 0.18 0.00 1.37 0.18 0.42 1.86 1.96 2.59 1.47 0.00 3.12 1.33 1.86 0.00 2.14 0.28 1.26 3.22 1.05 0.00 3.01 0.00 0.00 2.80 3.15
19 3.19 1.68 1.79 2.14 2.42 1.33 0.00 1.12 2.66 0.28 2.45 3.40 0.00 3.26 3.50 0.95 3.05 0.00 0.00 0.00 1.96 1.75 1.86 1.05 0.00 0.14 2.59 0.00 1.72 0.70 3.47 0.00 2.49 0.46 0.88 0.00 1.40 1.30 0.00 1.02 0.00 1.93 3.50 3.19 3.15 0.46 0.00 0.56 2.38 2.87
20 0.00 0.56 3.01 1.37 1.19 0.35 0.35 1.82 0.49 1.12 0.00 2.73 0.70 0.00 2.73 0.00 2.59 3.33 3.05 1.96 0.00 1.16 0.67 3.36 0.00 0.56 0.18 2.38 2.31 0.00 1.16 2.14 2.84 2.38 1.19 2.84 2.49 0.88 1.44 0.00 0.70 1.65 0.35 1.47 2.17 3.08 0.00 3.43 0.95 1.19
21 0.67 3.26 1.61 0.32 1.61 0.00 0.00 1.61 2.87 0.00 2.49 2.07 1.02 0.35 1.47 3.22 2.98 0.00 3.05 1.75 1.16 0.00 2.73 0.18 1.02 3.08 1.65 1.16 0.07 0.63 2.45 0.00 2.77 0.39 3.40 0.00 0.00 0.18 0.25 1.23 0.32 1.86 1.26 2.98 2.73 1.16 2.03 2.21 0.00 0.81
22 0.00 2.70 0.49 2.91 0.04 0.00 0.11 2.52 0.00 0.81 0.00 2.98 1.54 3.29 1.16 0.28 0.98 3.40 0.67 1.86 0.67 2.73 0.00 2.66 3.50 2.94 1.72 0.00 0.39 1.16 1.65 2.56 0.11 0.32 1.16 3.26 1.89 0.00 0.00 0.56 2.94 0.00 1.89 0.28 0.28 1.79 1.51 1.96 2.63 2.70
23 0.25 0.74 2.49 3.47 1.68 0.00 0.39 0.00 3.43 0.00 0.25 0.00 2.94 3.19 0.00 2.31 0.04 0.88 0.00 1.05 3.36 0.18 2.66 0.00 0.00 1.23 0.00 2.17 0.60 0.00 2.17 1.82 1.16 3.08 3.12 1.40 2.03 2.42 0.00 1.02 0.00 1.09 1.65 0.56 3.40 0.32 2.52 0.00 2.21 0.00
24 0.81 0.77 0.95 0.00 2.70 0.00 1.44 1.96 3.12 2.31 2.17 0.39 3.05 2.98 0.84 1.44 0.46 3.40 2.00 0.00 0.00 1.02 3.50 0.00 0.00 3.50 2.14 3.40 0.00 0.00 2.84 0.00 1.12 2.63 0.00 0.00 0.18 1.51 1.65 0.00 2.35 2.49 3.43 1.02 0.00 0.00 0.60 0.88 3.08 0.00
25 2.56 0.00 2.98 1.09 1.37 2.56 1.19 0.77 0.14 2.56 2.49 0.46 1.65 1.33 3.43 0.00 2.28 0.00 0.18 0.14 0.56 3.08 2.94 1.23 3.50 0.00 3.05 3.08 0.74 1.86 3.50 1.61 3.47 1.16 0.67 3.01 0.00 1.47 2.56 0.00 2.77 0.00 2.59 2.73 0.14 0.67 0.00 0.07 1.02 1.96
26 2.00 1.37 0.00 1.47 0.00 2.28 3.47 3.08 0.00 1.79 0.00 2.70 0.91 2.17 2.24 1.58 2.14 0.00 0.00 2.59 0.18 1.65 1.72 0.00 2.14 3.05 0.00 1.40 0.00 1.65 2.91 0.00 1.72 2.52 0.14 0.00 1.86 2.91 2.10 0.28 0.00 0.00 3.43 0.42 2.94 3.19 1.44 1.96 0.00 0.00
27 0.53 0.00 1.33 1.16 0.00 0.98 2.45 0.28 2.45 0.98 1.30 0.46 1.47 2.52 2.94 0.00 1.44 2.14 1.37 0.00 2.38 1.16 0.00 2.17 3.40 3.08 1.40 0.00 0.42 1.44 0.60 0.00 3.26 2.07 2.73 1.19 0.00 3.29 0.00 1.75 3.05 0.00 2.98 2.28 0.00 0.00 3.08 0.00 2.80 0.56
28 0.25 1.96 1.89 0.70 2.21 0.70 2.24 0.63 2.52 3.08 0.56 3.01 0.04 0.07 2.38 2.98 2.70 1.75 0.18 1.72 2.31 0.07 0.39 0.60 0.00 0.74 0.00 0.42 0.00 2.21 1.05 0.00 1.82 3.22 0.00 0.70 2.24 1.33 1.61 0.00 3.12 3.05 0.00 0.67 0.00 0.00 2.31 0.53 3.43 3.01
29 2.73 0.00 1.33 2.59 1.51 1.96 0.00 0.98 3.15 1.19 2.24 2.45 1.40 0.00 0.00 0.21 1.93 1.89 0.42 0.70 0.00 0.63 1.16 0.00 0.00 1.86 1.65 1.44 2.21 0.00 0.00 0.32 1.51 1.65 0.00 1.75 0.00 1.65 2.35 0.00 2.21 2.84 0.25 0.00 0.11 3.29 1.61 1.12 0.42 1.65
30 1.61 0.60 0.00 2.91 0.00 0.67 2.49 2.59 1.65 3.33 2.52 2.77 2.42 1.30 2.56 2.17 2.98 0.00 1.86 3.47 1.16 2.45 1.65 2.17 2.84 3.50 2.91 0.60 1.05 0.00 0.00 1.93 0.00 2.10 1.51 1.79 0.67 3.43 0.49 1.23 0.07 2.77 1.65 0.28 0.77 1.09 3.08 1.47 0.00 2.80
31 2.45 2.59 0.00 1.54 0.14 0.74 3.43 2.07 1.40 1.23 0.00 1.26 0.18 3.47 2.84 1.96 0.00 2.77 1.96 0.00 2.14 0.00 2.56 1.82 0.00 1.61 0.00 0.00 0.00 0.32 1.93 0.00 2.84 0.00 0.00 2.73 1.33 2.94 0.00 2.45 1.96 1.61 2.56 1.51 1.40 0.00 0.00 3.43 0.00 2.56
32 0.11 2.91 2.24 0.63 0.39 2.84 3.36 2.21 2.80 0.14 0.00 2.66 0.00 0.39 1.61 3.36 2.80 2.21 2.59 2.49 2.84 2.77 0.11 1.16 1.12 3.47 1.72 3.26 1.82 1.51 0.00 2.84 0.00 2.00 0.00 1.86 0.70 0.00 1.51 0.00 1.68 0.00 2.66 2.49 1.12 1.79 0.98 3.01 1.33 1.61
33 3.47 3.29 0.00 0.60 2.00 0.77 1.58 0.00 0.88 2.42 1.09 0.00 2.00 0.53 1.96 0.00 2.84 1.40 1.47 0.46 2.38 0.39 0.32 3.08 2.63 1.16 2.52 2.07 3.22 1.65 2.10 0.00 2.00 0.00 0.00 0.84 0.00 2.21 1.79 2.00 0.32 1.44 0.00 0.00 0.00 3.01 1.26 0.25 0.00 1.72
34 0.00 1.05 1.58 1.75 0.81 0.39 0.00 2.98 2.21 1.86 3.19 3.05 0.84 3.08 1.86 1.16 0.88 2.73 0.00 0.88 1.19 3.40 1.16 3.12 0.00 0.67 0.14 2.73 0.00 0.00 1.51 0.00 0.00 0.00 0.00 2.63 3.29 1.51 0.00 0.00 0.70 0.00 0.95 0.00 0.00 0.00 1.51 0.49 1.02 0.00
35 0.00 0.14 1.40 1.26 0.74 0.00 0.84 0.00 2.07 1.23 0.04 0.28 0.88 0.81 0.14 0.42 0.81 1.86 3.12 0.00 2.84 0.00 3.26 1.40 0.00 3.01 0.00 1.19 0.70 1.75 1.79 2.73 1.86 0.84 2.63 0.00 0.18 1.68 0.00 0.00 1.23 0.00 0.00 0.00 2.77 0.00 0.00 2.59 0.00 1.02
36 0.00 0.00 0.00 0.00 0.00 1.75 1.33 1.02 0.00 0.00 0.81 0.77 0.00 0.00 1.54 1.58 2.94 0.84 1.33 1.40 2.49 0.00 1.89 2.03 0.18 0.00 1.86 0.00 2.24 0.00 0.67 1.33 0.70 0.00 3.29 0.18 0.00 0.18 0.00 0.00 3.01 0.39 0.91 0.00 0.00 2.52 2.59 3.40 0.00 2.59
37 2.31 0.04 2.28 2.84 0.00 2.49 0.00 2.24 0.00 0.63 1.58 2.98 0.46 2.56 3.19 2.21 1.05 2.45 1.86 1.30 0.88 0.18 0.00 2.42 1.51 1.47 2.91 3.29 1.33 1.65 3.43 2.94 0.00 2.21 1.51 1.68 0.18 0.00 0.18 2.84 0.00 0.00 2.52 1.44 1.68 0.00 2.24 2.07 0.07 1.86
38 0.00 2.07 0.28 2.73 2.87 0.00 3.50 0.00 3.15 1.82 1.96 0.60 2.94 3.36 0.53 2.31 0.00 2.03 0.00 0.00 1.44 0.25 0.00 0.00 1.65 2.56 2.10 0.00 1.61 2.35 0.49 0.00 1.51 1.79 0.00 0.00 0.00 0.18 0.00 2.80 0.00 2.77 0.67 2.70 3.47 3.15 0.39 0.00 0.00 0.00
39 2.21 0.00 0.00 0.98 2.10 0.53 1.02 3.19 2.84 2.98 2.66 0.35 0.21 0.00 1.86 0.42 0.00 1.58 2.14 1.02 0.00 1.23 0.56 1.02 0.00 0.00 0.28 1.75 0.00 0.00 1.23 2.45 0.00 2.00 0.00 0.00 0.00 2.84 2.80 0.00 2.42 0.28 1.09 1.19 3.01 2.38 3.29 0.67 1.02 0.28
40 2.94 0.00 2.00 2.00 1.16 3.43 1.89 1.02 0.00 1.93 0.00 1.89 2.17 1.33 1.30 3.29 0.88 0.00 0.28 0.00 0.70 0.32 2.94 0.00 2.35 2.77 0.00 3.05 3.12 2.21 0.07 1.96 1.68 0.32 0.70 1.23 3.01 0.00 0.00 2.42 0.00 0.14 1.05 1.68 2.63 2.77 0.21 1.89 2.31 0.04
41 0.91 3.05 0.00 3.19 0.49 0.63 0.74 0.00 1.33 0.00 0.00 0.00 3.43 1.47 3.08 1.26 1.89 3.50 1.26 1.93 1.65 1.86 0.00 1.09 2.49 0.00 0.00 0.00 3.05 2.84 2.77 1.61 0.00 1.44 0.00 0.00 0.39 0.00 2.77 0.28 0.14 0.00 3.40 2.63 3.19 2.17 1.47 0.39 3.29 3.15
42 2.91 0.04 0.00 2.49 0.00 0.67 2.66 0.14 2.80 0.00 2.14 1.82 0.74 3.05 0.18 0.00 3.05 1.16 3.22 3.50 0.35 1.26 1.89 1.65 3.43 2.59 3.43 2.98 0.00 0.25 1.65 2.56 2.66 0.00 0.95 0.00 0.91 2.52 0.67 1.09 1.05 3.40 0.00 2.21 0.04 3.43 0.00 0.56 1.54 3.47
43 1.02 1.93 0.00 0.60 0.39 1.51 1.58 1.86 2.49 1.02 3.22 3.33 0.32 0.46 0.98 0.35 0.74 2.80 1.05 3.19 1.47 2.98 0.28 0.56 1.02 2.73 0.42 2.28 0.67 0.00 0.28 1.51 2.49 0.00 0.00 0.00 0.00 1.44 2.70 1.19 1.68 2.63 2.21 0.00 0.63 3.47 0.07 0.00 2.10 0.00
44 0.70 0.00 0.00 0.56 1.37 1.58 0.00 0.67 0.00 2.77 0.00 1.37 0.32 1.89 0.00 0.00 0.00 0.07 0.00 3.15 2.17 2.73 0.28 3.40 0.00 0.14 2.94 0.00 0.00 0.11 0.77 1.40 1.12 0.00 0.00 2.77 0.00 1.68 3.47 3.01 2.63 3.19 0.04 0.63 0.00 0.00 2.66 3.01 0.00 0.56
45 2.49 2.84 0.00 2.21 1.16 1.72 2.87 0.00 0.00 2.87 0.84 1.02 0.74 0.00 1.47 2.66 1.23 2.21 3.01 0.46 3.08 1.16 1.79 0.32 0.00 0.67 3.19 0.00 0.00 3.29 1.09 0.00 1.79 3.01 0.00 0.00 2.52 0.00 3.15 2.38 2.77 2.17 3.43 3.47 0.00 0.00 1.30 0.00 0.00 2.24
46 0.00 2.56 2.14 2.28 2.59 2.38 2.63 0.35 3.01 2.94 2.63 3.08 0.60 2.07 0.04 0.00 2.66 0.00 0.00 0.00 0.00 2.03 1.51 2.52 0.60 0.00 1.44 3.08 2.31 1.61 3.08 0.00 0.98 1.26 1.51 0.00 2.59 2.24 0.39 3.29 0.21 1.47 0.00 0.07 2.66 1.30 0.00 3.12 0.88 0.81
47 0.14 1.51 3.22 0.28 3.19 1.30 2.87 2.94 1.89 0.00 2.98 3.33 0.14 0.74 2.59 1.16 0.00 2.03 0.00 0.56 3.43 2.21 1.96 0.00 0.88 0.07 1.96 0.00 0.53 1.12 1.47 3.43 3.01 0.25 0.49 2.59 3.40 2.07 0.00 0.67 1.89 0.39 0.56 0.00 3.01 0.00 3.12 0.00 2.35 2.66
48 2.21 1.58 3.08 2.73 1.93 3.19 1.72 0.00 2.49 0.91 0.00 0.00 0.98 2.66 0.00 2.70 0.11 3.26 2.80 2.38 0.95 0.00 2.63 2.21 3.08 1.02 0.00 2.80 3.43 0.42 0.00 0.00 1.33 0.00 1.02 0.00 0.00 0.07 0.00 1.02 2.31 3.29 1.54 2.10 0.00 0.00 0.88 2.35 0.00 2.59
49 2.38 3.12 0.00 0.91 0.00 0.00 0.00 1.05 0.39 0.67 0.00 2.98 2.00 0.00 1.33 0.00 3.40 1.58 3.15 2.87 1.19 0.81 2.70 0.00 0.00 1.96 0.00 0.56 3.01 1.65 2.80 2.56 1.61 1.72 0.00 1.02 2.59 1.86 0.00 0.28 0.04 3.15 3.47 0.00 0.56 2.24 0.81 2.66 2.59 0.00

ITEMS
nominal_profits 50.00 0.00 23.00 39.00 35.00 0.00 0.00 7.00 36.00 0.00 61.00 0.00 82.00 25.00 0.00 0.00 0.00 19.00 0.00 12.00 55.00 0.00 44.00 90.00 12.00 0.00 66.00 50.00 70.00 0.00 60.00 36.00 47.00 21.00 89.00 76.00 15.00 73.00 0.00 49.00 9.00 0.00 78.00 18.00 83.00 77.00 97.00 65.00 90.00 0.00
weights 15 12 7 32 12 17 30 28 24 28 13 42 1 37 8 42 38 47 42 45 10 44 26 49 14 30 41 48 8 43 11 8 12 37 14 45 32 16 2 2 9 5 2 2 31 9 31 18 32 17
capacity 702
k_max 39

COMMENTS
original_pairwise_profits
0 0.00 85.00 62.00 16.00 13.00 23.00 47.00 0.00 30.00 18.00 79.00 0.00 30.00 80.00 8.00 71.00 0.00 9.00 18.00 91.00 0.00 19.00 0.00 7.00 23.00 73.00 57.00 15.00 7.00 78.00 46.00 70.00 3.00 99.00 0.00 0.00 0.00 66.00 0.00 63.00 84.00 26.00 83.00 29.00 20.00 71.00 0.00 4.00 63.00 68.00
1 85.00 0.00 62.00 78.00 0.00 0.00 33.00 0.00 34.00 36.00 47.00 0.00 93.00 65.00 16.00 57.00 88.00 24.00 96.00 48.00 16.00 93.00 77.00 21.00 22.00 0.00 39.00 0.00 56.00 0.00 17.00 74.00 83.00 94.00 30.00 4.00 0.00 1.00 59.00 0.00 0.00 87.00 1.00 55.00 0.00 81.00 73.00 43.00 45.00 89.00
2 62.00 62.00 0.00 0.00 3.00 0.00 74.00 0.00 24.00 0.00 13.00 0.00 21.00 0.00 36.00 19.00 89.00 0.00 94.00 51.00 86.00 46.00 14.00 71.00 27.00 85.00 0.00 38.00 54.00 38.00 0.00 0.00 64.00 0.00 45.00 40.00 0.00 65.00 8.00 0.00 57.00 0.00 0.00 0.00 0.00 0.00 61.00 92.00 88.00 0.00
3 16.00 78.00 0.00 0.00 43.00 0.00 56.00 10.00 45.00 67.00 51.00 17.00 0.00 76.00 0.00 77.00 0.00 83.00 0.00 61.00 39.00 9.00 83.00 99.00 0.00 31.00 42.00 33.00 20.00 74.00 83.00 44.00 18.00 17.00 50.00 36.00 0.00 81.00 78.00 28.00 57.00 91.00 71.00 17.00 16.00 63.00 65.00 8.00 78.00 26.00
4 13.00 0.00 3.00 43.00 0.00 60.00 45.00 99.00 7.00 68.00 68.00 75.00 24.00 32.00 0.00 0.00 2.00 64.00 100.00 69.00 34.00 46.00 1.00 48.00 77.00 39.00 0.00 0.00 63.00 43.00 0.00 4.00 11.00 57.00 23.00 21.00 0.00 0.00 82.00 60.00 33.00 14.00 0.00 11.00 39.00 33.00 74.00 91.00 55.00 0.00
5 23.00 0.00 0.00 0.00 60.00 0.00 21.00 16.00 42.00 37.00 8.00 7.00 17.00 11.00 90.00 89.00 29.00 0.00 0.00 38.00 10.00 0.00 0.00 0.00 0.00 73.00 65.00 28.00 20.00 56.00 19.00 21.00 81.00 22.00 11.00 0.00 50.00 71.00 0.00 15.00 98.00 18.00 19.00 43.00 45.00 49.00 68.00 37.00 91.00 0.00
6 47.00 33.00 74.00 56.00 45.00 21.00 0.00 53.00 0.00 17.00 85.00 83.00 25.00 91.00 24.00 0.00 74.00 0.00 1.00 0.00 10.00 0.00 3.00 11.00 41.00 34.00 99.00 70.00 64.00 0.00 71.00 98.00 96.00 45.00 0.00 24.00 38.00 0.00 100.00 29.00 54.00 21.00 76.00 45.00 0.00 82.00 75.00 82.00 49.00 0.00
7 0.00 0.00 0.00 10.00 99.00 16.00 53.00 0.00 5.00 17.00 98.00 0.00 0.00 0.00 0.00 0.00 56.00 18.00 79.00 32.00 52.00 46.00 72.00 0.00 56.00 22.00 88.00 8.00 18.00 28.00 74.00 59.00 63.00 0.00 85.00 0.00 29.00 64.00 0.00 91.00 29.00 0.00 4.00 53.00 19.00 0.00 10.00 84.00 0.00 30.00
8 30.00 34.00 24.00 45.00 7.00 42.00 0.00 5.00 0.00 0.00 87.00 0.00 3.00 32.00 0.00 6.00 0.00 38.00 4.00 76.00 14.00 82.00 0.00 98.00 89.00 4.00 0.00 70.00 72.00 90.00 47.00 40.00 80.00 25.00 63.00 59.00 0.00 0.00 90.00 81.00 0.00 38.00 80.00 71.00 0.00 0.00 86.00 54.00 71.00 11.00
9 18.00 36.00 0.00 67.00 68.00 37.00 17.00 17.00 0.00 0.00 0.00 94.00 64.00 55.00 0.00 0.00 91.00 29.00 93.00 8.00 32.00 0.00 23.00 0.00 66.00 73.00 51.00 28.00 88.00 34.00 95.00 35.00 4.00 69.00 53.00 35.00 0.00 18.00 52.00 85.00 55.00 0.00 0.00 29.00 79.00 82.00 84.00 0.00 26.00 19.00
10 79.00 47.00 13.00 51.00 68.00 8.00 85.00 98.00 87.00 0.00 0.00 22.00 66.00 40.00 0.00 68.00 3.00 98.00 0.00 70.00 0.00 71.00 0.00 7.00 62.00 71.00 0.00 37.00 16.00 64.00 72.00 0.00 0.00 31.00 91.00 1.00 23.00 45.00 56.00 76.00 0.00 0.00 61.00 92.00 0.00 24.00 75.00 85.00 0.00 0.00
11 0.00 0.00 0.00 17.00 75.00 7.00 83.00 0.00 0.00 94.00 22.00 0.00 14.00 24.00 7.00 0.00 55.00 0.00 0.00 97.00 78.00 59.00 85.00 0.00 11.00 13.00 77.00 13.00 86.00 70.00 79.00 36.00 76.00 0.00 87.00 8.00 22.00 85.00 17.00 10.00 54.00 0.00 52.00 95.00 39.00 29.00 88.00 95.00 0.00 85.00
12 30.00 93.00 21.00 0.00 24.00 17.00 25.00 0.00 3.00 64.00 66.00 14.00 0.00 32.00 22.00 85.00 42.00 76.00 9.00 0.00 20.00 29.00 44.00 84.00 87.00 47.00 26.00 42.00 1.00 40.00 69.00 5.00 0.00 57.00 24.00 25.00 0.00 13.00 84.00 6.00 62.00 98.00 21.00 9.00 9.00 21.00 17.00 4.00 28.00 57.00
13 80.00 65.00 0.00 76.00 32.00 11.00 91.00 0.00 32.00 55.00 40.00 24.00 32.00 0.00 13.00 78.00 0.00 0.00 44.00 93.00 0.00 10.00 94.00 91.00 85.00 38.00 62.00 72.00 2.00 0.00 37.00 99.00 11.00 15.00 88.00 23.00 0.00 73.00 96.00 0.00 38.00 42.00 87.00 13.00 54.00 0.00 59.00 21.00 76.00 0.00
14 8.00 16.00 36.00 0.00 0.00 90.00 24.00 0.00 0.00 0.00 0.00 7.00 22.00 13.00 0.00 55.00 17.00 99.00 95.00 100.00 78.00 42.00 33.00 0.00 24.00 98.00 64.00 84.00 68.00 0.00 73.00 81.00 46.00 56.00 53.00 4.00 44.00 91.00 15.00 53.00 37.00 88.00 5.00 28.00 0.00 42.00 1.00 74.00 0.00 38.00
15 71.00 57.00 19.00 77.00 0.00 89.00 0.00 0.00 6.00 0.00 68.00 0.00 85.00 78.00 55.00 0.00 61.00 72.00 8.00 27.00 0.00 92.00 8.00 66.00 41.00 0.00 45.00 0.00 85.00 6.00 62.00 56.00 96.00 0.00 33.00 12.00 45.00 63.00 66.00 12.00 94.00 36.00 0.00 10.00 0.00 76.00 0.00 33.00 77.00 0.00
16 0.00 88.00 89.00 0.00 2.00 29.00 74.00 56.00 0.00 91.00 3.00 55.00 42.00 0.00 17.00 61.00 0.00 48.00 83.00 87.00 74.00 85.00 28.00 1.00 13.00 65.00 61.00 41.00 77.00 55.00 85.00 0.00 80.00 81.00 25.00 23.00 84.00 30.00 0.00 0.00 25.00 54.00 87.00 21.00 0.00 35.00 76.00 0.00 3.00 97.00
17 9.00 24.00 0.00 83.00 64.00 0.00 0.00 18.00 38.00 29.00 98.00 0.00 76.00 0.00 99.00 72.00 48.00 0.00 0.00 0.00 95.00 0.00 97.00 25.00 97.00 0.00 0.00 61.00 50.00 54.00 0.00 79.00 63.00 40.00 78.00 53.00 24.00 70.00 58.00 45.00 0.00 100.00 33.00 80.00 2.00 63.00 0.00 58.00 93.00 45.00
18 18.00 96.00 94.00 0.00 100.00 0.00 1.00 79.00 4.00 93.00 0.00 0.00 9.00 44.00 95.00 8.00 83.00 0.00 0.00 0.00 87.00 87.00 19.00 0.00 57.00 5.00 0.00 39.00 5.00 12.00 53.00 56.00 74.00 42.00 0.00 89.00 38.00 53.00 0.00 61.00 8.00 36.00 92.00 30.00 0.00 86.00 0.00 0.00 80.00 90.00
19 91.00 48.00 51.00 61.00 69.00 38.00 0.00 32.00 76.00 8.00 70.00 97.00 0.00 93.00 100.00 27.00 87.00 0.00 0.00 0.00 56.00 50.00 53.00 30.00 0.00 4.00 74.00 0.00 49.00 20.00 99.00 0.00 71.00 13.00 25.00 0.00 40.00 37.00 0.00 29.00 0.00 55.00 100.00 91.00 90.00 13.00 0.00 16.00 68.00 82.00
20 0.00 16.00 86.00 39.00 34.00 10.00 10.00 52.00 14.00 32.00 0.00 78.00 20.00 0.00 78.00 0.00 74.00 95.00 87.00 56.00 0.00 33.00 19.00 96.00 0.00 16.00 5.00 68.00 66.00 0.00 33.00 61.00 81.00 68.00 34.00 81.00 71.00 25.00 41.00 0.00 20.00 47.00 10.00 42.00 62.00 88.00 0.00 98.00 27.00 34.00
21 19.00 93.00 46.00 9.00 46.00 0.00 0.00 46.00 82.00 0.00 71.00 59.00 29.00 10.00 42.00 92.00 85.00 0.00 87.00 50.00 33.00 0.00 78.00 5.00 29.00 88.00 47.00 33.00 2.00 18.00 70.00 0.00 79.00 11.00 97.00 0.00 0.00 5.00 7.00 35.00 9.00 53.00 36.00 85.00 78.00 33.00 58.00 63.00 0.00 23.00
22 0.00 77.00 14.00 83.00 1.00 0.00 3.00 72.00 0.00 23.00 0.00 85.00 44.00 94.00 33.00 8.00 28.00 97.00 19.00 53.00 19.00 78.00 0.00 76.00 100.00 84.00 49.00 0.00 11.00 33.00 47.00 73.00 3.00 9.00 33.00 93.00 54.00 0.00 0.00 16.00 84.00 0.00 54.00 8.00 8.00 51.00 43.00 56.00 75.00 77.00
23 7.00 21.00 71.00 99.00 48.00 0.00 11.00 0.00 98.00 0.00 7.00 0.00 84.00 91.00 0.00 66.00 1.00 25.00 0.00 30.00 96.00 5.00 76.00 0.00 0.00 35.00 0.00 62.00 17.00 0.00 62.00 52.00 33.00 88.00 89.00 40.00 58.00 69.00 0.00 29.00 0.00 31.00 47.00 16.00 97.00 9.00 72.00 0.00 63.00 0.00
24 23.00 22.00 27.00 0.00 77.00 0.00 41.00 56.00 89.00 66.00 62.00 11.00 87.00 85.00 24.00 41.00 13.00 97.00 57.00 0.00 0.00 29.00 100.00 0.00 0.00 100.00 61.00 97.00 0.00 0.00 81.00 0.00 32.00 75.00 0.00 0.00 5.00 43.00 47.00 0.00 67.00 71.00 98.00 29.00 0.00 0.00 17.00 25.00 88.00 0.00
25 73.00 0.00 85.00 31.00 39.00 73.00 34.00 22.00 4.00 73.00 71.00 13.00 47.00 38.00 98.00 0.00 65.00 0.00 5.00 4.00 16.00 88.00 84.00 35.00 100.00 0.00 87.00 88.00 21.00 53.00 100.00 46.00 99.00 33.00 19.00 86.00 0.00 42.00 73.00 0.00 79.00 0.00 74.00 78.00 4.00 19.00 0.00 2.00 29.00 56.00
26 57.00 39.00 0.00 42.00 0.00 65.00 99.00 88.00 0.00 51.00 0.00 77.00 26.00 62.00 64.00 45.00 61.00 0.00 0.00 74.00 5.00 47.00 49.00 0.00 61.00 87.00 0.00 40.00 0.00 47.00 83.00 0.00 49.00 72.00 4.00 0.00 53.00 83.00 60.00 8.00 0.00 0.00 98.00 12.00 84.00 91.00 41.00 56.00 0.00 0.00
27 15.00 0.00 38.00 33.00 0.00 28.00 70.00 8.00 70.00 28.00 37.00 13.00 42.00 72.00 84.00 0.00 41.00 61.00 39.00 0.00 68.00 33.00 0.00 62.00 97.00 88.00 40.00 0.00 12.00 41.00 17.00 0.00 93.00 59.00 78.00 34.00 0.00 94.00 0.00 50.00 87.00 0.00 85.00 65.00 0.00 0.00 88.00 0.00 80.00 16.00
28 7.00 56.00 54.00 20.00 63.00 20.00 64.00 18.00 72.00 88.00 16.00 86.00 1.00 2.00 68.00 85.00 77.00 50.00 5.00 49.00 66.00 2.00 11.00 17.00 0.00 21.00 0.00 12.00 0.00 63.00 30.00 0.00 52.00 92.00 0.00 20.00 64.00 38.00 46.00 0.00 89.00 87.00 0.00 19.00 0.00 0.00 66.00 15.00 98.00 86.00
29 78.00 0.00 38.00 74.00 43.00 56.00 0.00 28.00 90.00 34.00 64.00 70.00 40.00 0.00 0.00 6.00 55.00 54.00 12.00 20.00 0.00 18.00 33.00 0.00 0.00 53.00 47.00 41.00 63.00 0.00 0.00 9.00 43.00 47.00 0.00 50.00 0.00 47.00 67.00 0.00 63.00 81.00 7.00 0.00 3.00 94.00 46.00 32.00 12.00 47.00
30 46.00 17.00 0.00 83.00 0.00 19.00 71.00 74.00 47.00 95.00 72.00 79.00 69.00 37.00 73.00 62.00 85.00 0.00 53.00 99.00 33.00 70.00 47.00 62.00 81.00 100.00 83.00 17.00 30.00 0.00 0.00 55.00 0.00 60.00 43.00 51.00 19.00 98.00 14.00 35.00 2.00 79.00 47.00 8.00 22.00 31.00 88.00 42.00 0.00 80.00
31 70.00 74.00 0.00 44.00 4.00 21.00 98.00 59.00 40.00 35.00 0.00 36.00 5.00 99.00 81.00 56.00 0.00 79.00 56.00 0.00 61.00 0.00 73.00 52.00 0.00 46.00 0.00 0.00 0.00 9.00 55.00 0.00 81.00 0.00 0.00 78.00 38.00 84.00 0.00 70.00 56.00 46.00 73.00 43.00 40.00 0.00 0.00 98.00 0.00 73.00
32 3.00 83.00 64.00 18.00 11.00 81.00 96.00 63.00 80.00 4.00 0.00 76.00 0.00 11.00 46.00 96.00 80.00 63.00 74.00 71.00 81.00 79.00 3.00 33.00 32.00 99.00 49.00 93.00 52.00 43.00 0.00 81.00 0.00 57.00 0.00 53.00 20.00 0.00 43.00 0.00 48.00 0.00 76.00 71.00 32.00 51.00 28.00 86.00 38.00 46.00
33 99.00 94.00 0.00 17.00 57.00 22.00 45.00 0.00 25.00 69.00 31.00 0.00 57.00 15.00 56.00 0.00 81.00 40.00 42.00 13.00 68.00 11.00 9.00 88.00 75.00 33.00 72.00 59.00 92.00 47.00 60.00 0.00 57.00 0.00 0.00 24.00 0.00 63.00 51.00 57.00 9.00 41.00 0.00 0.00 0.00 86.00 36.00 7.00 0.00 49.00
34 0.00 30.00 45.00 50.00 23.00 11.00 0.00 85.00 63.00 53.00 91.00 87.00 24.00 88.00 53.00 33.00 25.00 78.00 0.00 25.00 34.00 97.00 33.00 89.00 0.00 19.00 4.00 78.00 0.00 0.00 43.00 0.00 0.00 0.00 0.00 75.00 94.00 43.00 0.00 0.00 20.00 0.00 27.00 0.00 0.00 0.00 43.00 14.00 29.00 0.00
35 0.00 4.00 40.00 36.00 21.00 0.00 24.00 0.00 59.00 35.00 1.00 8.00 25.00 23.00 4.00 12.00 23.00 53.00 89.00 0.00 81.00 0.00 93.00 40.00 0.00 86.00 0.00 34.00 20.00 50.00 51.00 78.00 53.00 24.00 75.00 0.00 5.00 48.00 0.00 0.00 35.00 0.00 0.00 0.00 79.00 0.00 0.00 74.00 0.00 29.00
36 0.00 0.00 0.00 0.00 0.00 50.00 38.00 29.00 0.00 0.00 23.00 22.00 0.00 0.00 44.00 45.00 84.00 24.00 38.00 40.00 71.00 0.00 54.00 58.00 5.00 0.00 53.00 0.00 64.00 0.00 19.00 38.00 20.00 0.00 94.00 5.00 0.00 5.00 0.00 0.00 86.00 11.00 26.00 0.00 0.00 72.00 74.00 97.00 0.00 74.00
37 66.00 1.00 65.00 81.00 0.00 71.00 0.00 64.00 0.00 18.00 45.00 85.00 13.00 73.00 91.00 63.00 30.00 70.00 53.00 37.00 25.00 5.00 0.00 69.00 43.00 42.00 83.00 94.00 38.00 47.00 98.00 84.00 0.00 63.00 43.00 48.00 5.00 0.00 5.00 81.00 0.00 0.00 72.00 41.00 48.00 0.00 64.00 59.00 2.00 53.00
38 0.00 59.00 8.00 78.00 82.00 0.00 100.00 0.00 90.00 52.00 56.00 17.00 84.00 96.00 15.00 66.00 0.00 58.00 0.00 0.00 41.00 7.00 0.00 0.00 47.00 73.00 60.00 0.00 46.00 67.00 14.00 0.00 43.00 51.00 0.00 0.00 0.00 5.00 0.00 80.00 0.00 79.00 19.00 77.00 99.00 90.00 11.00 0.00 0.00 0.00
39 63.00 0.00 0.00 28.00 60.00 15.00 29.00 91.00 81.00 85.00 76.00 10.00 6.00 0.00 53.00 12.00 0.00 45.00 61.00 29.00 0.00 35.00 16.00 29.00 0.00 0.00 8.00 50.00 0.00 0.00 35.00 70.00 0.00 57.00 0.00 0.00 0.00 81.00 80.00 0.00 69.00 8.00 31.00 34.00 86.00 68.00 94.00 19.00 29.00 8.00
40 84.00 0.00 57.00 57.00 33.00 98.00 54.00 29.00 0.00 55.00 0.00 54.00 62.00 38.00 37.00 94.00 25.00 0.00 8.00 0.00 20.00 9.00 84.00 0.00 67.00 79.00 0.00 87.00 89.00 63.00 2.00 56.00 48.00 9.00 20.00 35.00 86.00 0.00 0.00 69.00 0.00 4.00 30.00 48.00 75.00 79.00 6.00 54.00 66.00 1.00
41 26.00 87.00 0.00 91.00 14.00 18.00 21.00 0.00 38.00 0.00 0.00 0.00 98.00 42.00 88.00 36.00 54.00 100.00 36.00 55.00 47.00 53.00 0.00 31.00 71.00 0.00 0.00 0.00 87.00 81.00 79.00 46.00 0.00 41.00 0.00 0.00 11.00 0.00 79.00 8.00 4.00 0.00 97.00 75.00 91.00 62.00 42.00 11.00 94.00 90.00
42 83.00 1.00 0.00 71.00 0.00 19.00 76.00 4.00 80.00 0.00 61.00 52.00 21.00 87.00 5.00 0.00 87.00 33.00 92.00 100.00 10.00 36.00 54.00 47.00 98.00 74.00 98.00 85.00 0.00 7.00 47.00 73.00 76.00 0.00 27.00 0.00 26.00 72.00 19.00 31.00 30.00 97.00 0.00 63.00 1.00 98.00 0.00 16.00 44.00 99.00
43 29.00 55.00 0.00 17.00 11.00 43.00 45.00 53.00 71.00 29.00 92.00 95.00 9.00 13.00 28.00 10.00 21.00 80.00 30.00 91.00 42.00 85.00 8.00 16.00 29.00 78.00 12.00 65.00 19.00 0.00 8.00 43.00 71.00 0.00 0.00 0.00 0.00 41.00 77.00 34.00 48.00 75.00 63.00 0.00 18.00 99.00 2.00 0.00 60.00 0.00
44 20.00 0.00 0.00 16.00 39.00 45.00 0.00 19.00 0.00 79.00 0.00 39.00 9.00 54.00 0.00 0.00 0.00 2.00 0.00 90.00 62.00 78.00 8.00 97.00 0.00 4.00 84.00 0.00 0.00 3.00 22.00 40.00 32.00 0.00 0.00 79.00 0.00 48.00 99.00 86.00 75.00 91.00 1.00 18.00 0.00 0.00 76.00 86.00 0.00 16.00
45 71.00 81.00 0.00 63.00 33.00 49.00 82.00 0.00 0.00 82.00 24.00 29.00 21.00 0.00 42.00 76.00 35.00 63.00 86.00 13.00 88.00 33.00 51.00 9.00 0.00 19.00 91.00 0.00 0.00 94.00 31.00 0.00 51.00 86.00 0.00 0.00 72.00 0.00 90.00 68.00 79.00 62.00 98.00 99.00 0.00 0.00 37.00 0.00 0.00 64.00
46 0.00 73.00 61.00 65.00 74.00 68.00 75.00 10.00 86.00 84.00 75.00 88.00 17.00 59.00 1.00 0.00 76.00 0.00 0.00 0.00 0.00 58.00 43.00 72.00 17.00 0.00 41.00 88.00 66.00 46.00 88.00 0.00 28.00 36.00 43.00 0.00 74.00 64.00 11.00 94.00 6.00 42.00 0.00 2.00 76.00 37.00 0.00 89.00 25.00 23.00
47 4.00 43.00 92.00 8.00 91.00 37.00 82.00 84.00 54.00 0.00 85.00 95.00 4.00 21.00 74.00 33.00 0.00 58.00 0.00 16.00 98.00 63.00 56.00 0.00 25.00 2.00 56.00 0.00 15.00 32.00 42.00 98.00 86.00 7.00 14.00 74.00 97.00 59.00 0.00 19.00 54.00 11.00 16.00 0.00 86.00 0.00 89.00 0.00 67.00 76.00
48 63.00 45.00 88.00 78.00 55.00 91.00 49.00 0.00 71.00 26.00 0.00 0.00 28.00 76.00 0.00 77.00 3.00 93.00 80.00 68.00 27.00 0.00 75.00 63.00 88.00 29.00 0.00 80.00 98.00 12.00 0.00 0.00 38.00 0.00 29.00 0.00 0.00 2.00 0.00 29.00 66.00 94.00 44.00 60.00 0.00 0.00 25.00 67.00 0.00 74.00
49 68.00 89.00 0.00 26.00 0.00 0.00 0.00 30.00 11.00 19.00 0.00 85.00 57.00 0.00 38.00 0.00 97.00 45.00 90.00 82.00 34.00 23.00 77.00 0.00 0.00 56.00 0.00 16.00 86.00 47.00 80.00 73.00 46.00 49.00 0.00 29.00 74.00 53.00 0.00 8.00 1.00 90.00 99.00 0.00 16.00 64.00 23.00 76.00 74.00 0.00
mcp_obj 39
mcp_gap 0
mcp_x 1 1 1 1 1 1 1 1 1 1 1 0 1 1 1 0 1 0 0 0 1 0 1 0 1 1 0 0 1 0 1 1 1 1 1 0 1 1 1 1 1 1 1 1 1 1 1 1 1 1
