NAME N50_rc_0.7_rGamma_1_dc_0.035_dGamma_0.0005_jeu_50_50_7.txt
NUM_ITEMS 50
SOURCE jeu_50_50_7
PARAMETERS
r_c 0.7
r_Gamma 1
d_c 0.035
d_Gamma 0.0005

BOUNDS
c_lb 0.00
c_ub 101.25
Gamma_lb 5
Gamma_ub 8
B_i_1_lb 0.00 0.00 0.00 0.00 0.00 0.00 0.00 0.00 0.00 0.00 0.00 0.00 0.00 0.00 0.00 0.00 0.00 0.00 0.00 0.00 0.00 0.00 0.00 0.00 0.00 0.00 0.00 0.00 0.00 0.00 0.00 0.00 0.00 0.00 0.00 0.00 0.00 0.00 0.00 0.00 0.00 0.00 0.00 0.00 0.00 0.00 0.00 0.00 0.00 0.00
B_i_1_ub 28.88 30.41 27.39 28.24 31.68 29.89 28.03 25.87 29.02 23.66 28.93 30.95 27.20 37.96 32.40 25.59 30.45 19.73 29.70 19.11 25.16 30.38 22.15 26.61 21.51 26.06 30.93 29.98 34.41 27.88 27.38 28.89 34.94 29.70 26.40 29.16 27.83 29.54 25.69 30.98 29.03 26.94 30.16 24.70 33.98 31.88 25.99 24.07 23.77 27.98
B_i_0_lb 0.00 0.00 0.00 0.00 0.00 0.00 0.00 0.00 0.00 0.00 0.00 0.00 0.00 0.00 0.00 0.00 0.00 0.00 0.00 0.00 0.00 0.00 0.00 0.00 0.00 0.00 0.00 0.00 0.00 0.00 0.00 0.00 0.00 0.00 0.00 0.00 0.00 0.00 0.00 0.00 0.00 0.00 0.00 0.00 0.00 0.00 0.00 0.00 0.00 0.00
B_i_0_ub 31.89 32.65 28.30 30.86 34.27 31.99 28.73 28.35 31.19 27.06 29.63 31.47 27.94 37.96 34.95 26.43 31.12 20.81 30.09 22.23 28.39 30.38 22.96 28.18 24.81 26.55 33.77 33.31 38.23 29.36 28.43 31.06 35.12 30.47 26.78 30.88 30.56 30.90 25.69 31.44 30.47 29.01 34.54 27.85 34.82 34.93 29.43 26.21 25.07 28.86
c_i_1_lb 0.00 68.60 48.30 0.00 0.00 0.00 0.00 0.00 0.00 46.90 0.00 14.70 25.20 0.00 35.70 0.00 0.00 27.30 33.60 0.00 62.30 25.20 0.00 0.00 0.00 2.10 7.70 0.00 0.00 16.80 39.90 68.60 26.60 15.40 10.50 0.00 31.50 2.80 0.00 58.80 0.00 0.00 0.00 56.70 14.00 0.00 49.70 0.00 0.00 0.00
c_i_1_ub 28.88 99.01 75.69 28.24 31.68 29.89 28.03 25.87 29.02 70.56 28.93 45.65 52.40 37.96 68.10 25.59 30.45 47.03 63.30 19.11 87.46 55.58 22.15 26.61 21.51 28.16 38.63 29.98 34.41 44.68 67.28 97.49 61.54 45.10 36.90 29.16 59.33 32.34 25.69 89.78 29.03 26.94 30.16 81.40 47.98 31.88 75.69 24.07 23.77 27.98
c_i_0_lb 0.00 68.60 48.30 0.00 0.00 0.00 0.00 0.00 0.00 46.90 0.00 14.70 25.20 0.00 35.70 0.00 0.00 27.30 33.60 0.00 62.30 25.20 0.00 0.00 0.00 2.10 7.70 0.00 0.00 16.80 39.90 68.60 26.60 15.40 10.50 0.00 31.50 2.80 0.00 58.80 0.00 0.00 0.00 56.70 14.00 0.00 49.70 0.00 0.00 0.00
c_i_0_ub 31.89 101.25 76.60 30.86 34.27 31.99 28.73 28.35 31.19 73.96 29.63 46.17 53.14 37.96 70.65 26.43 31.12 48.11 63.69 22.23 90.69 55.58 22.96 28.18 24.81 28.65 41.47 33.31 38.23 46.16 68.33 99.66 61.72 45.87 37.28 30.88 62.06 33.70 25.69 90.24 30.47 29.01 34.54 84.55 48.82 34.93 79.13 26.21 25.07 28.86
c_1_lb 0.00
c_1_ub 99.01
c_0_lb 0.00
c_0_ub 101.25

BOUND_TIMES
k_max_time 0.000911
Gamma_ub_time 0.000074
B_i_1_lb_time 0.002222
B_i_1_ub_time 0.008130
B_i_0_lb_time 0.002259
B_i_0_ub_time 0.007749

DDRO_PARAMETERS
a_0 5
b_0i 1 0 0 0 0 0 0 0 0 0 0 0 0 0 0 0 0 0 0 0 0 0 0 0 0 0 0 0 1 0 0 0 1 0 0 0 0 0 0 0 0 0 0 0 0 0 0 0 0 0
a_i 0.00 68.60 48.30 0.00 0.00 0.00 0.00 0.00 0.00 46.90 0.00 14.70 25.20 0.00 35.70 0.00 0.00 27.30 33.60 0.00 62.30 25.20 0.00 0.00 0.00 2.10 7.70 0.00 0.00 16.80 39.90 68.60 26.60 15.40 10.50 0.00 31.50 2.80 0.00 58.80 0.00 0.00 0.00 56.70 14.00 0.00 49.70 0.00 0.00 0.00
b_ij
0 0.00 0.00 0.32 0.00 3.40 1.12 0.00 1.58 2.59 2.70 0.00 1.05 2.98 0.00 2.73 1.09 0.00 0.00 0.00 0.00 2.07 0.00 0.00 0.67 2.70 0.00 3.01 0.00 1.86 0.00 1.75 2.00 3.33 0.00 1.30 0.00 3.29 2.14 3.47 0.00 1.30 0.00 0.00 2.87 1.58 0.00 3.15 0.00 1.89 0.00
1 0.00 0.00 3.43 0.00 2.98 0.98 0.00 0.32 0.00 0.00 0.00 0.00 0.00 2.17 0.00 1.51 0.32 0.00 3.15 1.58 1.44 0.00 0.14 0.00 0.00 0.00 2.07 1.75 0.00 1.33 0.00 0.84 2.21 1.26 0.00 0.42 0.00 1.47 3.29 2.73 2.42 0.00 2.49 3.05 0.00 2.98 0.00 0.00 0.00 0.00
2 0.32 3.43 0.00 2.73 0.00 3.29 0.49 0.00 2.42 0.00 0.00 0.00 0.00 0.00 3.47 0.53 0.00 0.00 0.00 0.00 0.95 1.02 0.00 1.58 0.00 1.26 0.00 2.94 2.45 0.00 2.35 1.68 2.66 0.00 0.00 0.00 2.80 0.00 1.65 0.00 1.44 0.00 0.00 0.00 2.45 3.08 2.98 0.00 0.00 0.07
3 0.00 0.00 2.73 0.00 2.66 3.33 0.00 0.00 3.29 2.70 2.10 3.40 1.30 1.37 0.00 0.00 0.14 0.98 0.00 2.56 3.43 0.00 0.00 0.00 0.00 0.00 0.00 2.35 0.00 0.39 1.05 0.00 0.00 0.00 0.00 0.00 3.01 0.00 0.18 0.00 3.36 0.00 3.12 0.00 2.49 2.21 0.00 1.86 1.68 0.18
4 3.40 2.98 0.00 2.66 0.00 0.53 3.05 1.26 3.05 0.00 1.72 3.36 0.18 2.73 0.00 0.00 0.00 0.00 0.00 1.02 0.00 1.16 0.00 0.00 0.25 3.29 0.00 1.61 0.32 0.00 0.00 1.02 0.00 0.00 0.00 0.49 0.00 1.30 0.00 0.95 0.00 0.00 2.52 0.00 0.00 2.59 0.00 0.00 0.00 2.03
5 1.12 0.98 3.29 3.33 0.53 0.00 0.00 3.12 0.84 0.00 0.00 0.00 0.21 0.00 2.07 0.00 0.00 0.00 2.21 2.03 2.10 2.94 0.00 1.61 2.10 0.00 2.07 0.00 0.18 0.00 1.82 0.00 2.84 0.00 2.49 2.31 0.00 0.00 0.00 0.00 0.70 0.95 2.31 0.70 1.93 3.40 0.00 1.65 1.26 0.00
6 0.00 0.00 0.49 0.00 3.05 0.00 0.00 1.37 0.00 0.00 0.00 0.00 0.00 2.45 0.81 0.74 0.00 0.32 2.52 0.18 0.00 1.12 2.31 0.42 1.65 0.14 0.00 0.00 0.00 0.00 0.00 1.47 2.98 2.70 0.00 0.00 0.00 0.53 0.00 0.00 2.56 3.26 0.00 0.74 0.84 2.94 0.25 1.79 2.00 0.00
7 1.58 0.32 0.00 0.00 1.26 3.12 1.37 0.00 0.00 3.50 2.56 2.63 0.46 0.07 0.00 0.00 0.00 0.00 0.00 0.00 0.00 1.26 0.00 0.00 2.63 0.00 2.59 0.46 1.51 2.52 0.77 2.94 0.74 1.96 0.00 1.09 0.00 2.42 0.00 1.26 2.24 0.39 0.00 0.14 2.00 2.03 0.00 0.00 0.00 0.49
8 2.59 0.00 2.42 3.29 3.05 0.84 0.00 0.00 0.00 2.17 0.00 1.30 0.00 0.00 0.00 0.00 0.74 0.49 0.00 0.00 2.56 2.84 0.00 1.61 0.53 0.00 0.00 0.04 0.00 0.00 0.77 2.59 3.15 0.00 1.19 0.00 0.00 2.56 2.56 0.00 1.44 2.59 0.00 0.00 0.00 1.93 2.98 0.00 1.30 1.09
9 2.70 0.00 0.00 2.70 0.00 0.00 0.00 3.50 2.17 0.00 1.33 0.00 0.00 0.77 0.00 0.00 0.28 0.00 0.00 2.49 0.00 0.00 0.14 0.00 0.00 0.00 1.51 0.00 2.87 2.63 3.33 0.00 0.00 0.00 1.51 0.00 0.28 0.00 0.00 2.10 2.28 0.00 1.12 0.18 1.86 0.00 1.86 2.98 0.00 0.53
10 0.00 0.00 0.00 2.10 1.72 0.00 0.00 2.56 0.00 1.33 0.00 0.00 0.74 2.80 0.63 0.95 0.00 1.02 0.00 0.00 0.00 0.00 0.00 0.95 1.33 3.50 0.00 0.25 2.56 1.54 0.00 0.00 0.04 0.14 0.00 0.00 3.12 2.31 0.00 0.53 0.00 2.80 0.00 2.21 3.43 0.77 3.15 1.93 0.00 2.66
11 1.05 0.00 0.00 3.40 3.36 0.00 0.00 2.63 1.30 0.00 0.00 0.00 0.00 2.56 3.26 0.35 1.05 0.00 1.96 0.00 0.00 1.19 3.26 0.00 1.33 0.00 0.00 1.51 0.00 2.56 0.00 0.63 0.00 3.05 0.00 0.00 0.84 1.26 0.00 0.00 3.40 0.00 1.47 2.03 1.33 0.00 0.00 0.00 2.77 0.81
12 2.98 0.00 0.00 1.30 0.18 0.21 0.00 0.46 0.00 0.00 0.74 0.00 0.00 1.33 1.82 0.00 0.88 0.00 1.44 0.00 0.32 0.00 0.00 2.10 2.24 2.28 2.45 2.24 0.00 0.00 0.00 1.19 1.30 0.00 0.00 3.36 0.00 0.00 2.38 1.44 2.07 0.00 0.00 2.73 3.19 0.00 0.00 0.00 0.00 0.00
13 0.00 2.17 0.00 1.37 2.73 0.00 2.45 0.07 0.00 0.77 2.80 2.56 1.33 0.00 3.01 2.94 3.26 0.00 0.00 0.00 0.00 0.14 0.00 3.19 0.00 0.00 0.00 0.63 0.00 0.00 0.00 1.68 0.18 3.01 2.94 1.75 0.14 3.47 0.00 1.47 0.00 0.00 0.88 0.00 2.66 0.00 0.00 2.63 1.02 0.00
14 2.73 0.00 3.47 0.00 0.00 2.07 0.81 0.00 0.00 0.00 0.63 3.26 1.82 3.01 0.00 1.58 1.82 1.61 0.00 0.00 0.00 0.00 0.00 0.00 0.00 1.19 1.75 0.00 0.00 0.00 0.00 0.00 2.28 1.61 0.00 0.00 1.51 3.29 0.11 2.45 0.00 2.07 0.00 0.00 0.14 0.00 0.00 3.08 0.00 0.00
15 1.09 1.51 0.53 0.00 0.00 0.00 0.74 0.00 0.00 0.00 0.95 0.35 0.00 2.94 1.58 0.00 2.77 0.25 0.25 2.56 1.96 3.01 0.00 0.00 0.00 0.00 0.42 0.00 0.00 1.61 1.09 1.72 0.88 0.63 0.00 0.00 0.00 1.05 0.00 2.73 0.00 2.00 0.00 0.00 0.00 0.00 2.42 0.00 0.00 3.01
16 0.00 0.32 0.00 0.14 0.00 0.00 0.00 0.00 0.74 0.28 0.00 1.05 0.88 3.26 1.82 2.77 0.00 0.56 0.91 0.00 0.81 2.38 0.00 0.53 0.00 0.00 0.00 0.00 3.22 1.61 2.63 0.00 0.00 0.00 0.00 2.07 0.00 0.00 3.26 0.35 0.00 2.52 3.26 0.00 0.39 0.00 0.00 0.00 1.58 2.24
17 0.00 0.00 0.00 0.98 0.00 0.00 0.32 0.00 0.49 0.00 1.02 0.00 0.00 0.00 1.61 0.25 0.56 0.00 0.56 2.77 1.93 0.00 0.00 0.21 2.17 0.00 0.91 2.07 3.33 0.70 0.00 0.60 3.19 0.00 0.00 0.81 2.91 0.84 0.00 0.00 0.00 0.00 0.00 3.43 0.00 3.08 2.07 1.89 0.00 0.00
18 0.00 3.15 0.00 0.00 0.00 2.21 2.52 0.00 0.00 0.00 0.00 1.96 1.44 0.00 0.00 0.25 0.91 0.56 0.00 0.00 0.70 0.42 0.74 3.47 0.04 2.14 3.08 0.00 1.72 0.00 0.00 2.52 1.54 0.00 0.00 0.39 3.33 0.00 0.00 1.82 0.00 0.00 0.00 0.00 0.00 0.00 0.00 0.00 0.00 1.40
19 0.00 1.58 0.00 2.56 1.02 2.03 0.18 0.00 0.00 2.49 0.00 0.00 0.00 0.00 0.00 2.56 0.00 2.77 0.00 0.00 0.00 1.16 0.00 0.00 1.93 0.00 0.81 0.67 1.93 0.00 0.00 0.00 0.00 0.00 1.79 0.00 0.00 0.00 0.00 0.28 0.00 1.44 0.91 1.51 1.82 2.21 2.10 2.94 0.00 0.00
20 2.07 1.44 0.95 3.43 0.00 2.10 0.00 0.00 2.56 0.00 0.00 0.00 0.32 0.00 0.00 1.96 0.81 1.93 0.70 0.00 0.00 0.88 2.66 1.40 1.40 0.67 1.93 0.00 2.42 1.05 0.91 3.29 1.09 0.00 1.47 0.32 0.00 3.26 1.89 0.00 0.00 0.00 0.00 2.24 1.33 0.00 0.00 0.00 0.14 0.18
21 0.00 0.00 1.02 0.00 1.16 2.94 1.12 1.26 2.84 0.00 0.00 1.19 0.00 0.14 0.00 3.01 2.38 0.00 0.42 1.16 0.88 0.00 0.00 0.00 0.00 0.00 2.80 1.47 2.49 3.08 0.00 1.86 2.91 0.00 1.02 0.00 0.00 3.01 0.25 0.88 0.00 2.49 0.00 0.00 2.49 0.00 0.00 0.00 0.00 0.00
22 0.00 0.14 0.00 0.00 0.00 0.00 2.31 0.00 0.00 0.14 0.00 3.26 0.00 0.00 0.00 0.00 0.00 0.00 0.74 0.00 2.66 0.00 0.00 0.00 3.43 0.00 2.56 2.63 0.00 0.49 2.49 2.28 0.00 1.33 0.00 0.00 0.74 0.21 0.00 0.00 1.58 0.00 2.70 0.00 1.26 2.49 0.00 0.00 0.74 0.00
23 0.67 0.00 1.58 0.00 0.00 1.61 0.42 0.00 1.61 0.00 0.95 0.00 2.10 3.19 0.00 0.00 0.53 0.21 3.47 0.00 1.40 0.00 0.00 0.00 0.42 0.00 1.02 1.61 0.88 0.00 3.12 2.17 0.00 1.44 0.00 1.72 2.21 0.84 0.00 1.16 0.53 0.00 3.29 0.49 0.00 3.50 0.00 0.00 1.12 0.00
24 2.70 0.00 0.00 0.00 0.25 2.10 1.65 2.63 0.53 0.00 1.33 1.33 2.24 0.00 0.00 0.00 0.00 2.17 0.04 1.93 1.40 0.00 3.43 0.42 0.00 0.00 0.28 0.00 3.40 0.00 0.88 0.67 0.00 0.00 0.00 1.40 0.32 0.60 0.00 0.00 0.00 0.00 0.00 2.10 0.00 0.00 2.56 0.00 2.45 0.00
25 0.00 0.00 1.26 0.00 3.29 0.00 0.14 0.00 0.00 0.00 3.50 0.00 2.28 0.00 1.19 0.00 0.00 0.00 2.14 0.00 0.67 0.00 0.00 0.00 0.00 0.00 1.68 0.00 1.89 0.00 0.00 0.00 2.07 0.00 0.00 3.47 1.58 0.00 0.00 0.49 0.00 2.45 2.21 0.00 0.00 2.52 3.08 0.00 0.00 0.00
26 3.01 2.07 0.00 0.00 0.00 2.07 0.00 2.59 0.00 1.51 0.00 0.00 2.45 0.00 1.75 0.42 0.00 0.91 3.08 0.81 1.93 2.80 2.56 1.02 0.28 1.68 0.00 3.01 0.00 0.74 0.00 0.00 2.84 1.54 0.04 2.42 3.47 0.00 0.77 2.49 0.00 0.00 0.00 0.00 0.00 0.00 1.26 0.00 0.00 0.00
27 0.00 1.75 2.94 2.35 1.61 0.00 0.00 0.46 0.04 0.00 0.25 1.51 2.24 0.63 0.00 0.00 0.00 2.07 0.00 0.67 0.00 1.47 2.63 1.61 0.00 0.00 3.01 0.00 0.00 0.39 0.00 0.00 2.24 0.00 0.00 1.05 0.00 0.00 0.00 0.70 0.00 0.00 1.19 3.33 3.15 0.00 0.00 0.00 0.00 3.43
28 1.86 0.00 2.45 0.00 0.32 0.18 0.00 1.51 0.00 2.87 2.56 0.00 0.00 0.00 0.00 0.00 3.22 3.33 1.72 1.93 2.42 2.49 0.00 0.88 3.40 1.89 0.00 0.00 0.00 2.91 1.54 2.14 1.86 3.43 0.00 2.63 0.14 3.19 0.00 0.00 0.00 2.80 1.89 1.37 1.54 0.00 1.82 2.73 0.00 2.28
29 0.00 1.33 0.00 0.39 0.00 0.00 0.00 2.52 0.00 2.63 1.54 2.56 0.00 0.00 0.00 1.61 1.61 0.70 0.00 0.00 1.05 3.08 0.49 0.00 0.00 0.00 0.74 0.39 2.91 0.00 0.00 0.04 0.00 1.05 3.40 0.00 0.00 0.00 0.00 0.67 0.00 0.00 0.00 1.30 1.96 1.86 2.49 0.00 0.00 3.01
30 1.75 0.00 2.35 1.05 0.00 1.82 0.00 0.77 0.77 3.33 0.00 0.00 0.00 0.00 0.00 1.09 2.63 0.00 0.00 0.00 0.91 0.00 2.49 3.12 0.88 0.00 0.00 0.00 1.54 0.00 0.00 0.00 0.00 1.72 2.66 2.77 2.28 0.11 0.00 3.40 0.00 0.00 0.00 2.28 0.00 0.00 0.00 2.87 0.00 0.00
31 2.00 0.84 1.68 0.00 1.02 0.00 1.47 2.94 2.59 0.00 0.00 0.63 1.19 1.68 0.00 1.72 0.00 0.60 2.52 0.00 3.29 1.86 2.28 2.17 0.67 0.00 0.00 0.00 2.14 0.04 0.00 0.00 0.00 0.00 0.00 0.00 0.00 0.00 0.91 2.94 0.00 0.00 0.00 0.00 1.19 0.81 1.26 1.75 0.00 0.18
32 3.33 2.21 2.66 0.00 0.00 2.84 2.98 0.74 3.15 0.00 0.04 0.00 1.30 0.18 2.28 0.88 0.00 3.19 1.54 0.00 1.09 2.91 0.00 0.00 0.00 2.07 2.84 2.24 1.86 0.00 0.00 0.00 0.00 2.66 0.14 0.11 0.00 0.00 0.00 0.00 3.26 0.84 1.96 0.00 3.05 2.07 0.00 0.00 2.42 0.00
33 0.00 1.26 0.00 0.00 0.00 0.00 2.70 1.96 0.00 0.00 0.14 3.05 0.00 3.01 1.61 0.63 0.00 0.00 0.00 0.00 0.00 0.00 1.33 1.44 0.00 0.00 1.54 0.00 3.43 1.05 1.72 0.00 2.66 0.00 0.00 0.00 0.00 1.12 2.03 1.54 0.00 0.98 0.00 1.26 0.00 0.00 0.00 0.00 0.00 2.17
34 1.30 0.00 0.00 0.00 0.00 2.49 0.00 0.00 1.19 1.51 0.00 0.00 0.00 2.94 0.00 0.00 0.00 0.00 0.00 1.79 1.47 1.02 0.00 0.00 0.00 0.00 0.04 0.00 0.00 3.40 2.66 0.00 0.14 0.00 0.00 0.18 0.00 2.94 2.28 1.16 1.09 0.00 1.54 0.00 0.00 2.00 0.04 0.00 1.72 2.56
35 0.00 0.42 0.00 0.00 0.49 2.31 0.00 1.09 0.00 0.00 0.00 0.00 3.36 1.75 0.00 0.00 2.07 0.81 0.39 0.00 0.32 0.00 0.00 1.72 1.40 3.47 2.42 1.05 2.63 0.00 2.77 0.00 0.11 0.00 0.18 0.00 0.00 1.89 0.00 3.33 0.00 0.00 0.00 0.00 0.00 1.93 2.77 2.70 0.00 0.00
36 3.29 0.00 2.80 3.01 0.00 0.00 0.00 0.00 0.00 0.28 3.12 0.84 0.00 0.14 1.51 0.00 0.00 2.91 3.33 0.00 0.00 0.00 0.74 2.21 0.32 1.58 3.47 0.00 0.14 0.00 2.28 0.00 0.00 0.00 0.00 0.00 0.00 0.00 0.00 0.98 0.00 0.00 0.00 0.00 0.00 0.00 0.00 2.14 0.00 0.00
37 2.14 1.47 0.00 0.00 1.30 0.00 0.53 2.42 2.56 0.00 2.31 1.26 0.00 3.47 3.29 1.05 0.00 0.84 0.00 0.00 3.26 3.01 0.21 0.84 0.60 0.00 0.00 0.00 3.19 0.00 0.11 0.00 0.00 1.12 2.94 1.89 0.00 0.00 0.00 0.00 0.00 1.16 0.00 0.00 1.47 1.23 1.96 0.00 3.12 0.00
38 3.47 3.29 1.65 0.18 0.00 0.00 0.00 0.00 2.56 0.00 0.00 0.00 2.38 0.00 0.11 0.00 3.26 0.00 0.00 0.00 1.89 0.25 0.00 0.00 0.00 0.00 0.77 0.00 0.00 0.00 0.00 0.91 0.00 2.03 2.28 0.00 0.00 0.00 0.00 0.95 0.00 0.00 3.22 0.00 0.00 0.00 0.00 0.00 2.38 0.00
39 0.00 2.73 0.00 0.00 0.95 0.00 0.00 1.26 0.00 2.10 0.53 0.00 1.44 1.47 2.45 2.73 0.35 0.00 1.82 0.28 0.00 0.88 0.00 1.16 0.00 0.49 2.49 0.70 0.00 0.67 3.40 2.94 0.00 1.54 1.16 3.33 0.98 0.00 0.95 0.00 0.00 1.75 0.00 0.91 3.05 3.05 1.47 0.00 0.00 0.00
40 1.30 2.42 1.44 3.36 0.00 0.70 2.56 2.24 1.44 2.28 0.00 3.40 2.07 0.00 0.00 0.00 0.00 0.00 0.00 0.00 0.00 0.00 1.58 0.53 0.00 0.00 0.00 0.00 0.00 0.00 0.00 0.00 3.26 0.00 1.09 0.00 0.00 0.00 0.00 0.00 0.00 2.28 0.00 0.39 0.00 0.00 1.54 0.00 0.00 3.33
41 0.00 0.00 0.00 0.00 0.00 0.95 3.26 0.39 2.59 0.00 2.80 0.00 0.00 0.00 2.07 2.00 2.52 0.00 0.00 1.44 0.00 2.49 0.00 0.00 0.00 2.45 0.00 0.00 2.80 0.00 0.00 0.00 0.84 0.98 0.00 0.00 0.00 1.16 0.00 1.75 2.28 0.00 0.00 1.02 0.00 0.00 0.00 0.00 0.00 0.00
42 0.00 2.49 0.00 3.12 2.52 2.31 0.00 0.00 0.00 1.12 0.00 1.47 0.00 0.88 0.00 0.00 3.26 0.00 0.00 0.91 0.00 0.00 2.70 3.29 0.00 2.21 0.00 1.19 1.89 0.00 0.00 0.00 1.96 0.00 1.54 0.00 0.00 0.00 3.22 0.00 0.00 0.00 0.00 0.00 2.38 0.00 0.00 1.68 0.00 1.61
43 2.87 3.05 0.00 0.00 0.00 0.70 0.74 0.14 0.00 0.18 2.21 2.03 2.73 0.00 0.00 0.00 0.00 3.43 0.00 1.51 2.24 0.00 0.00 0.49 2.10 0.00 0.00 3.33 1.37 1.30 2.28 0.00 0.00 1.26 0.00 0.00 0.00 0.00 0.00 0.91 0.39 1.02 0.00 0.00 0.00 0.81 3.15 0.18 0.46 2.73
44 1.58 0.00 2.45 2.49 0.00 1.93 0.84 2.00 0.00 1.86 3.43 1.33 3.19 2.66 0.14 0.00 0.39 0.00 0.00 1.82 1.33 2.49 1.26 0.00 0.00 0.00 0.00 3.15 1.54 1.96 0.00 1.19 3.05 0.00 0.00 0.00 0.00 1.47 0.00 3.05 0.00 0.00 2.38 0.00 0.00 0.00 0.00 0.49 0.00 0.00
45 0.00 2.98 3.08 2.21 2.59 3.40 2.94 2.03 1.93 0.00 0.77 0.00 0.00 0.00 0.00 0.00 0.00 3.08 0.00 2.21 0.00 0.00 2.49 3.50 0.00 2.52 0.00 0.00 0.00 1.86 0.00 0.81 2.07 0.00 2.00 1.93 0.00 1.23 0.00 3.05 0.00 0.00 0.00 0.81 0.00 0.00 2.03 0.00 0.00 0.00
46 3.15 0.00 2.98 0.00 0.00 0.00 0.25 0.00 2.98 1.86 3.15 0.00 0.00 0.00 0.00 2.42 0.00 2.07 0.00 2.10 0.00 0.00 0.00 0.00 2.56 3.08 1.26 0.00 1.82 2.49 0.00 1.26 0.00 0.00 0.04 2.77 0.00 1.96 0.00 1.47 1.54 0.00 0.00 3.15 0.00 2.03 0.00 0.00 1.93 2.03
47 0.00 0.00 0.00 1.86 0.00 1.65 1.79 0.00 0.00 2.98 1.93 0.00 0.00 2.63 3.08 0.00 0.00 1.89 0.00 2.94 0.00 0.00 0.00 0.00 0.00 0.00 0.00 0.00 2.73 0.00 2.87 1.75 0.00 0.00 0.00 2.70 2.14 0.00 0.00 0.00 0.00 0.00 1.68 0.18 0.49 0.00 0.00 0.00 0.00 3.36
48 1.89 0.00 0.00 1.68 0.00 1.26 2.00 0.00 1.30 0.00 0.00 2.77 0.00 1.02 0.00 0.00 1.58 0.00 0.00 0.00 0.14 0.00 0.74 1.12 2.45 0.00 0.00 0.00 0.00 0.00 0.00 0.00 2.42 0.00 1.72 0.00 0.00 3.12 2.38 0.00 0.00 0.00 0.00 0.46 0.00 0.00 1.93 0.00 0.00 0.11
49 0.00 0.00 0.07 0.18 2.03 0.00 0.00 0.49 1.09 0.53 2.66 0.81 0.00 0.00 0.00 3.01 2.24 0.00 1.40 0.00 0.18 0.00 0.00 0.00 0.00 0.00 0.00 3.43 2.28 3.01 0.00 0.18 0.00 2.17 2.56 0.00 0.00 0.00 0.00 0.00 3.33 0.00 1.61 2.73 0.00 0.00 2.03 3.36 0.11 0.00

ITEMS
nominal_profits 0.00 98.00 69.00 0.00 0.00 0.00 0.00 0.00 0.00 67.00 0.00 21.00 36.00 0.00 51.00 0.00 0.00 39.00 48.00 0.00 89.00 36.00 0.00 0.00 0.00 3.00 11.00 0.00 0.00 24.00 57.00 98.00 38.00 22.00 15.00 0.00 45.00 4.00 0.00 84.00 0.00 0.00 0.00 81.00 20.00 0.00 71.00 0.00 0.00 0.00
weights 36 28 10 27 29 36 9 27 30 41 14 3 4 1 43 16 14 23 9 49 39 1 15 24 49 8 30 45 29 26 15 31 6 18 10 27 31 16 4 9 27 41 48 44 12 30 42 28 29 11
capacity 223
k_max 21

COMMENTS
original_pairwise_profits
0 0.00 0.00 9.00 0.00 97.00 32.00 0.00 45.00 74.00 77.00 0.00 30.00 85.00 0.00 78.00 31.00 0.00 0.00 0.00 0.00 59.00 0.00 0.00 19.00 77.00 0.00 86.00 0.00 53.00 0.00 50.00 57.00 95.00 0.00 37.00 0.00 94.00 61.00 99.00 0.00 37.00 0.00 0.00 82.00 45.00 0.00 90.00 0.00 54.00 0.00
1 0.00 0.00 98.00 0.00 85.00 28.00 0.00 9.00 0.00 0.00 0.00 0.00 0.00 62.00 0.00 43.00 9.00 0.00 90.00 45.00 41.00 0.00 4.00 0.00 0.00 0.00 59.00 50.00 0.00 38.00 0.00 24.00 63.00 36.00 0.00 12.00 0.00 42.00 94.00 78.00 69.00 0.00 71.00 87.00 0.00 85.00 0.00 0.00 0.00 0.00
2 9.00 98.00 0.00 78.00 0.00 94.00 14.00 0.00 69.00 0.00 0.00 0.00 0.00 0.00 99.00 15.00 0.00 0.00 0.00 0.00 27.00 29.00 0.00 45.00 0.00 36.00 0.00 84.00 70.00 0.00 67.00 48.00 76.00 0.00 0.00 0.00 80.00 0.00 47.00 0.00 41.00 0.00 0.00 0.00 70.00 88.00 85.00 0.00 0.00 2.00
3 0.00 0.00 78.00 0.00 76.00 95.00 0.00 0.00 94.00 77.00 60.00 97.00 37.00 39.00 0.00 0.00 4.00 28.00 0.00 73.00 98.00 0.00 0.00 0.00 0.00 0.00 0.00 67.00 0.00 11.00 30.00 0.00 0.00 0.00 0.00 0.00 86.00 0.00 5.00 0.00 96.00 0.00 89.00 0.00 71.00 63.00 0.00 53.00 48.00 5.00
4 97.00 85.00 0.00 76.00 0.00 15.00 87.00 36.00 87.00 0.00 49.00 96.00 5.00 78.00 0.00 0.00 0.00 0.00 0.00 29.00 0.00 33.00 0.00 0.00 7.00 94.00 0.00 46.00 9.00 0.00 0.00 29.00 0.00 0.00 0.00 14.00 0.00 37.00 0.00 27.00 0.00 0.00 72.00 0.00 0.00 74.00 0.00 0.00 0.00 58.00
5 32.00 28.00 94.00 95.00 15.00 0.00 0.00 89.00 24.00 0.00 0.00 0.00 6.00 0.00 59.00 0.00 0.00 0.00 63.00 58.00 60.00 84.00 0.00 46.00 60.00 0.00 59.00 0.00 5.00 0.00 52.00 0.00 81.00 0.00 71.00 66.00 0.00 0.00 0.00 0.00 20.00 27.00 66.00 20.00 55.00 97.00 0.00 47.00 36.00 0.00
6 0.00 0.00 14.00 0.00 87.00 0.00 0.00 39.00 0.00 0.00 0.00 0.00 0.00 70.00 23.00 21.00 0.00 9.00 72.00 5.00 0.00 32.00 66.00 12.00 47.00 4.00 0.00 0.00 0.00 0.00 0.00 42.00 85.00 77.00 0.00 0.00 0.00 15.00 0.00 0.00 73.00 93.00 0.00 21.00 24.00 84.00 7.00 51.00 57.00 0.00
7 45.00 9.00 0.00 0.00 36.00 89.00 39.00 0.00 0.00 100.00 73.00 75.00 13.00 2.00 0.00 0.00 0.00 0.00 0.00 0.00 0.00 36.00 0.00 0.00 75.00 0.00 74.00 13.00 43.00 72.00 22.00 84.00 21.00 56.00 0.00 31.00 0.00 69.00 0.00 36.00 64.00 11.00 0.00 4.00 57.00 58.00 0.00 0.00 0.00 14.00
8 74.00 0.00 69.00 94.00 87.00 24.00 0.00 0.00 0.00 62.00 0.00 37.00 0.00 0.00 0.00 0.00 21.00 14.00 0.00 0.00 73.00 81.00 0.00 46.00 15.00 0.00 0.00 1.00 0.00 0.00 22.00 74.00 90.00 0.00 34.00 0.00 0.00 73.00 73.00 0.00 41.00 74.00 0.00 0.00 0.00 55.00 85.00 0.00 37.00 31.00
9 77.00 0.00 0.00 77.00 0.00 0.00 0.00 100.00 62.00 0.00 38.00 0.00 0.00 22.00 0.00 0.00 8.00 0.00 0.00 71.00 0.00 0.00 4.00 0.00 0.00 0.00 43.00 0.00 82.00 75.00 95.00 0.00 0.00 0.00 43.00 0.00 8.00 0.00 0.00 60.00 65.00 0.00 32.00 5.00 53.00 0.00 53.00 85.00 0.00 15.00
10 0.00 0.00 0.00 60.00 49.00 0.00 0.00 73.00 0.00 38.00 0.00 0.00 21.00 80.00 18.00 27.00 0.00 29.00 0.00 0.00 0.00 0.00 0.00 27.00 38.00 100.00 0.00 7.00 73.00 44.00 0.00 0.00 1.00 4.00 0.00 0.00 89.00 66.00 0.00 15.00 0.00 80.00 0.00 63.00 98.00 22.00 90.00 55.00 0.00 76.00
11 30.00 0.00 0.00 97.00 96.00 0.00 0.00 75.00 37.00 0.00 0.00 0.00 0.00 73.00 93.00 10.00 30.00 0.00 56.00 0.00 0.00 34.00 93.00 0.00 38.00 0.00 0.00 43.00 0.00 73.00 0.00 18.00 0.00 87.00 0.00 0.00 24.00 36.00 0.00 0.00 97.00 0.00 42.00 58.00 38.00 0.00 0.00 0.00 79.00 23.00
12 85.00 0.00 0.00 37.00 5.00 6.00 0.00 13.00 0.00 0.00 21.00 0.00 0.00 38.00 52.00 0.00 25.00 0.00 41.00 0.00 9.00 0.00 0.00 60.00 64.00 65.00 70.00 64.00 0.00 0.00 0.00 34.00 37.00 0.00 0.00 96.00 0.00 0.00 68.00 41.00 59.00 0.00 0.00 78.00 91.00 0.00 0.00 0.00 0.00 0.00
13 0.00 62.00 0.00 39.00 78.00 0.00 70.00 2.00 0.00 22.00 80.00 73.00 38.00 0.00 86.00 84.00 93.00 0.00 0.00 0.00 0.00 4.00 0.00 91.00 0.00 0.00 0.00 18.00 0.00 0.00 0.00 48.00 5.00 86.00 84.00 50.00 4.00 99.00 0.00 42.00 0.00 0.00 25.00 0.00 76.00 0.00 0.00 75.00 29.00 0.00
14 78.00 0.00 99.00 0.00 0.00 59.00 23.00 0.00 0.00 0.00 18.00 93.00 52.00 86.00 0.00 45.00 52.00 46.00 0.00 0.00 0.00 0.00 0.00 0.00 0.00 34.00 50.00 0.00 0.00 0.00 0.00 0.00 65.00 46.00 0.00 0.00 43.00 94.00 3.00 70.00 0.00 59.00 0.00 0.00 4.00 0.00 0.00 88.00 0.00 0.00
15 31.00 43.00 15.00 0.00 0.00 0.00 21.00 0.00 0.00 0.00 27.00 10.00 0.00 84.00 45.00 0.00 79.00 7.00 7.00 73.00 56.00 86.00 0.00 0.00 0.00 0.00 12.00 0.00 0.00 46.00 31.00 49.00 25.00 18.00 0.00 0.00 0.00 30.00 0.00 78.00 0.00 57.00 0.00 0.00 0.00 0.00 69.00 0.00 0.00 86.00
16 0.00 9.00 0.00 4.00 0.00 0.00 0.00 0.00 21.00 8.00 0.00 30.00 25.00 93.00 52.00 79.00 0.00 16.00 26.00 0.00 23.00 68.00 0.00 15.00 0.00 0.00 0.00 0.00 92.00 46.00 75.00 0.00 0.00 0.00 0.00 59.00 0.00 0.00 93.00 10.00 0.00 72.00 93.00 0.00 11.00 0.00 0.00 0.00 45.00 64.00
17 0.00 0.00 0.00 28.00 0.00 0.00 9.00 0.00 14.00 0.00 29.00 0.00 0.00 0.00 46.00 7.00 16.00 0.00 16.00 79.00 55.00 0.00 0.00 6.00 62.00 0.00 26.00 59.00 95.00 20.00 0.00 17.00 91.00 0.00 0.00 23.00 83.00 24.00 0.00 0.00 0.00 0.00 0.00 98.00 0.00 88.00 59.00 54.00 0.00 0.00
18 0.00 90.00 0.00 0.00 0.00 63.00 72.00 0.00 0.00 0.00 0.00 56.00 41.00 0.00 0.00 7.00 26.00 16.00 0.00 0.00 20.00 12.00 21.00 99.00 1.00 61.00 88.00 0.00 49.00 0.00 0.00 72.00 44.00 0.00 0.00 11.00 95.00 0.00 0.00 52.00 0.00 0.00 0.00 0.00 0.00 0.00 0.00 0.00 0.00 40.00
19 0.00 45.00 0.00 73.00 29.00 58.00 5.00 0.00 0.00 71.00 0.00 0.00 0.00 0.00 0.00 73.00 0.00 79.00 0.00 0.00 0.00 33.00 0.00 0.00 55.00 0.00 23.00 19.00 55.00 0.00 0.00 0.00 0.00 0.00 51.00 0.00 0.00 0.00 0.00 8.00 0.00 41.00 26.00 43.00 52.00 63.00 60.00 84.00 0.00 0.00
20 59.00 41.00 27.00 98.00 0.00 60.00 0.00 0.00 73.00 0.00 0.00 0.00 9.00 0.00 0.00 56.00 23.00 55.00 20.00 0.00 0.00 25.00 76.00 40.00 40.00 19.00 55.00 0.00 69.00 30.00 26.00 94.00 31.00 0.00 42.00 9.00 0.00 93.00 54.00 0.00 0.00 0.00 0.00 64.00 38.00 0.00 0.00 0.00 4.00 5.00
21 0.00 0.00 29.00 0.00 33.00 84.00 32.00 36.00 81.00 0.00 0.00 34.00 0.00 4.00 0.00 86.00 68.00 0.00 12.00 33.00 25.00 0.00 0.00 0.00 0.00 0.00 80.00 42.00 71.00 88.00 0.00 53.00 83.00 0.00 29.00 0.00 0.00 86.00 7.00 25.00 0.00 71.00 0.00 0.00 71.00 0.00 0.00 0.00 0.00 0.00
22 0.00 4.00 0.00 0.00 0.00 0.00 66.00 0.00 0.00 4.00 0.00 93.00 0.00 0.00 0.00 0.00 0.00 0.00 21.00 0.00 76.00 0.00 0.00 0.00 98.00 0.00 73.00 75.00 0.00 14.00 71.00 65.00 0.00 38.00 0.00 0.00 21.00 6.00 0.00 0.00 45.00 0.00 77.00 0.00 36.00 71.00 0.00 0.00 21.00 0.00
23 19.00 0.00 45.00 0.00 0.00 46.00 12.00 0.00 46.00 0.00 27.00 0.00 60.00 91.00 0.00 0.00 15.00 6.00 99.00 0.00 40.00 0.00 0.00 0.00 12.00 0.00 29.00 46.00 25.00 0.00 89.00 62.00 0.00 41.00 0.00 49.00 63.00 24.00 0.00 33.00 15.00 0.00 94.00 14.00 0.00 100.00 0.00 0.00 32.00 0.00
24 77.00 0.00 0.00 0.00 7.00 60.00 47.00 75.00 15.00 0.00 38.00 38.00 64.00 0.00 0.00 0.00 0.00 62.00 1.00 55.00 40.00 0.00 98.00 12.00 0.00 0.00 8.00 0.00 97.00 0.00 25.00 19.00 0.00 0.00 0.00 40.00 9.00 17.00 0.00 0.00 0.00 0.00 0.00 60.00 0.00 0.00 73.00 0.00 70.00 0.00
25 0.00 0.00 36.00 0.00 94.00 0.00 4.00 0.00 0.00 0.00 100.00 0.00 65.00 0.00 34.00 0.00 0.00 0.00 61.00 0.00 19.00 0.00 0.00 0.00 0.00 0.00 48.00 0.00 54.00 0.00 0.00 0.00 59.00 0.00 0.00 99.00 45.00 0.00 0.00 14.00 0.00 70.00 63.00 0.00 0.00 72.00 88.00 0.00 0.00 0.00
26 86.00 59.00 0.00 0.00 0.00 59.00 0.00 74.00 0.00 43.00 0.00 0.00 70.00 0.00 50.00 12.00 0.00 26.00 88.00 23.00 55.00 80.00 73.00 29.00 8.00 48.00 0.00 86.00 0.00 21.00 0.00 0.00 81.00 44.00 1.00 69.00 99.00 0.00 22.00 71.00 0.00 0.00 0.00 0.00 0.00 0.00 36.00 0.00 0.00 0.00
27 0.00 50.00 84.00 67.00 46.00 0.00 0.00 13.00 1.00 0.00 7.00 43.00 64.00 18.00 0.00 0.00 0.00 59.00 0.00 19.00 0.00 42.00 75.00 46.00 0.00 0.00 86.00 0.00 0.00 11.00 0.00 0.00 64.00 0.00 0.00 30.00 0.00 0.00 0.00 20.00 0.00 0.00 34.00 95.00 90.00 0.00 0.00 0.00 0.00 98.00
28 53.00 0.00 70.00 0.00 9.00 5.00 0.00 43.00 0.00 82.00 73.00 0.00 0.00 0.00 0.00 0.00 92.00 95.00 49.00 55.00 69.00 71.00 0.00 25.00 97.00 54.00 0.00 0.00 0.00 83.00 44.00 61.00 53.00 98.00 0.00 75.00 4.00 91.00 0.00 0.00 0.00 80.00 54.00 39.00 44.00 0.00 52.00 78.00 0.00 65.00
29 0.00 38.00 0.00 11.00 0.00 0.00 0.00 72.00 0.00 75.00 44.00 73.00 0.00 0.00 0.00 46.00 46.00 20.00 0.00 0.00 30.00 88.00 14.00 0.00 0.00 0.00 21.00 11.00 83.00 0.00 0.00 1.00 0.00 30.00 97.00 0.00 0.00 0.00 0.00 19.00 0.00 0.00 0.00 37.00 56.00 53.00 71.00 0.00 0.00 86.00
30 50.00 0.00 67.00 30.00 0.00 52.00 0.00 22.00 22.00 95.00 0.00 0.00 0.00 0.00 0.00 31.00 75.00 0.00 0.00 0.00 26.00 0.00 71.00 89.00 25.00 0.00 0.00 0.00 44.00 0.00 0.00 0.00 0.00 49.00 76.00 79.00 65.00 3.00 0.00 97.00 0.00 0.00 0.00 65.00 0.00 0.00 0.00 82.00 0.00 0.00
31 57.00 24.00 48.00 0.00 29.00 0.00 42.00 84.00 74.00 0.00 0.00 18.00 34.00 48.00 0.00 49.00 0.00 17.00 72.00 0.00 94.00 53.00 65.00 62.00 19.00 0.00 0.00 0.00 61.00 1.00 0.00 0.00 0.00 0.00 0.00 0.00 0.00 0.00 26.00 84.00 0.00 0.00 0.00 0.00 34.00 23.00 36.00 50.00 0.00 5.00
32 95.00 63.00 76.00 0.00 0.00 81.00 85.00 21.00 90.00 0.00 1.00 0.00 37.00 5.00 65.00 25.00 0.00 91.00 44.00 0.00 31.00 83.00 0.00 0.00 0.00 59.00 81.00 64.00 53.00 0.00 0.00 0.00 0.00 76.00 4.00 3.00 0.00 0.00 0.00 0.00 93.00 24.00 56.00 0.00 87.00 59.00 0.00 0.00 69.00 0.00
33 0.00 36.00 0.00 0.00 0.00 0.00 77.00 56.00 0.00 0.00 4.00 87.00 0.00 86.00 46.00 18.00 0.00 0.00 0.00 0.00 0.00 0.00 38.00 41.00 0.00 0.00 44.00 0.00 98.00 30.00 49.00 0.00 76.00 0.00 0.00 0.00 0.00 32.00 58.00 44.00 0.00 28.00 0.00 36.00 0.00 0.00 0.00 0.00 0.00 62.00
34 37.00 0.00 0.00 0.00 0.00 71.00 0.00 0.00 34.00 43.00 0.00 0.00 0.00 84.00 0.00 0.00 0.00 0.00 0.00 51.00 42.00 29.00 0.00 0.00 0.00 0.00 1.00 0.00 0.00 97.00 76.00 0.00 4.00 0.00 0.00 5.00 0.00 84.00 65.00 33.00 31.00 0.00 44.00 0.00 0.00 57.00 1.00 0.00 49.00 73.00
35 0.00 12.00 0.00 0.00 14.00 66.00 0.00 31.00 0.00 0.00 0.00 0.00 96.00 50.00 0.00 0.00 59.00 23.00 11.00 0.00 9.00 0.00 0.00 49.00 40.00 99.00 69.00 30.00 75.00 0.00 79.00 0.00 3.00 0.00 5.00 0.00 0.00 54.00 0.00 95.00 0.00 0.00 0.00 0.00 0.00 55.00 79.00 77.00 0.00 0.00
36 94.00 0.00 80.00 86.00 0.00 0.00 0.00 0.00 0.00 8.00 89.00 24.00 0.00 4.00 43.00 0.00 0.00 83.00 95.00 0.00 0.00 0.00 21.00 63.00 9.00 45.00 99.00 0.00 4.00 0.00 65.00 0.00 0.00 0.00 0.00 0.00 0.00 0.00 0.00 28.00 0.00 0.00 0.00 0.00 0.00 0.00 0.00 61.00 0.00 0.00
37 61.00 42.00 0.00 0.00 37.00 0.00 15.00 69.00 73.00 0.00 66.00 36.00 0.00 99.00 94.00 30.00 0.00 24.00 0.00 0.00 93.00 86.00 6.00 24.00 17.00 0.00 0.00 0.00 91.00 0.00 3.00 0.00 0.00 32.00 84.00 54.00 0.00 0.00 0.00 0.00 0.00 33.00 0.00 0.00 42.00 35.00 56.00 0.00 89.00 0.00
38 99.00 94.00 47.00 5.00 0.00 0.00 0.00 0.00 73.00 0.00 0.00 0.00 68.00 0.00 3.00 0.00 93.00 0.00 0.00 0.00 54.00 7.00 0.00 0.00 0.00 0.00 22.00 0.00 0.00 0.00 0.00 26.00 0.00 58.00 65.00 0.00 0.00 0.00 0.00 27.00 0.00 0.00 92.00 0.00 0.00 0.00 0.00 0.00 68.00 0.00
39 0.00 78.00 0.00 0.00 27.00 0.00 0.00 36.00 0.00 60.00 15.00 0.00 41.00 42.00 70.00 78.00 10.00 0.00 52.00 8.00 0.00 25.00 0.00 33.00 0.00 14.00 71.00 20.00 0.00 19.00 97.00 84.00 0.00 44.00 33.00 95.00 28.00 0.00 27.00 0.00 0.00 50.00 0.00 26.00 87.00 87.00 42.00 0.00 0.00 0.00
40 37.00 69.00 41.00 96.00 0.00 20.00 73.00 64.00 41.00 65.00 0.00 97.00 59.00 0.00 0.00 0.00 0.00 0.00 0.00 0.00 0.00 0.00 45.00 15.00 0.00 0.00 0.00 0.00 0.00 0.00 0.00 0.00 93.00 0.00 31.00 0.00 0.00 0.00 0.00 0.00 0.00 65.00 0.00 11.00 0.00 0.00 44.00 0.00 0.00 95.00
41 0.00 0.00 0.00 0.00 0.00 27.00 93.00 11.00 74.00 0.00 80.00 0.00 0.00 0.00 59.00 57.00 72.00 0.00 0.00 41.00 0.00 71.00 0.00 0.00 0.00 70.00 0.00 0.00 80.00 0.00 0.00 0.00 24.00 28.00 0.00 0.00 0.00 33.00 0.00 50.00 65.00 0.00 0.00 29.00 0.00 0.00 0.00 0.00 0.00 0.00
42 0.00 71.00 0.00 89.00 72.00 66.00 0.00 0.00 0.00 32.00 0.00 42.00 0.00 25.00 0.00 0.00 93.00 0.00 0.00 26.00 0.00 0.00 77.00 94.00 0.00 63.00 0.00 34.00 54.00 0.00 0.00 0.00 56.00 0.00 44.00 0.00 0.00 0.00 92.00 0.00 0.00 0.00 0.00 0.00 68.00 0.00 0.00 48.00 0.00 46.00
43 82.00 87.00 0.00 0.00 0.00 20.00 21.00 4.00 0.00 5.00 63.00 58.00 78.00 0.00 0.00 0.00 0.00 98.00 0.00 43.00 64.00 0.00 0.00 14.00 60.00 0.00 0.00 95.00 39.00 37.00 65.00 0.00 0.00 36.00 0.00 0.00 0.00 0.00 0.00 26.00 11.00 29.00 0.00 0.00 0.00 23.00 90.00 5.00 13.00 78.00
44 45.00 0.00 70.00 71.00 0.00 55.00 24.00 57.00 0.00 53.00 98.00 38.00 91.00 76.00 4.00 0.00 11.00 0.00 0.00 52.00 38.00 71.00 36.00 0.00 0.00 0.00 0.00 90.00 44.00 56.00 0.00 34.00 87.00 0.00 0.00 0.00 0.00 42.00 0.00 87.00 0.00 0.00 68.00 0.00 0.00 0.00 0.00 14.00 0.00 0.00
45 0.00 85.00 88.00 63.00 74.00 97.00 84.00 58.00 55.00 0.00 22.00 0.00 0.00 0.00 0.00 0.00 0.00 88.00 0.00 63.00 0.00 0.00 71.00 100.00 0.00 72.00 0.00 0.00 0.00 53.00 0.00 23.00 59.00 0.00 57.00 55.00 0.00 35.00 0.00 87.00 0.00 0.00 0.00 23.00 0.00 0.00 58.00 0.00 0.00 0.00
46 90.00 0.00 85.00 0.00 0.00 0.00 7.00 0.00 85.00 53.00 90.00 0.00 0.00 0.00 0.00 69.00 0.00 59.00 0.00 60.00 0.00 0.00 0.00 0.00 73.00 88.00 36.00 0.00 52.00 71.00 0.00 36.00 0.00 0.00 1.00 79.00 0.00 56.00 0.00 42.00 44.00 0.00 0.00 90.00 0.00 58.00 0.00 0.00 55.00 58.00
47 0.00 0.00 0.00 53.00 0.00 47.00 51.00 0.00 0.00 85.00 55.00 0.00 0.00 75.00 88.00 0.00 0.00 54.00 0.00 84.00 0.00 0.00 0.00 0.00 0.00 0.00 0.00 0.00 78.00 0.00 82.00 50.00 0.00 0.00 0.00 77.00 61.00 0.00 0.00 0.00 0.00 0.00 48.00 5.00 14.00 0.00 0.00 0.00 0.00 96.00
48 54.00 0.00 0.00 48.00 0.00 36.00 57.00 0.00 37.00 0.00 0.00 79.00 0.00 29.00 0.00 0.00 45.00 0.00 0.00 0.00 4.00 0.00 21.00 32.00 70.00 0.00 0.00 0.00 0.00 0.00 0.00 0.00 69.00 0.00 49.00 0.00 0.00 89.00 68.00 0.00 0.00 0.00 0.00 13.00 0.00 0.00 55.00 0.00 0.00 3.00
49 0.00 0.00 2.00 5.00 58.00 0.00 0.00 14.00 31.00 15.00 76.00 23.00 0.00 0.00 0.00 86.00 64.00 0.00 40.00 0.00 5.00 0.00 0.00 0.00 0.00 0.00 0.00 98.00 65.00 86.00 0.00 5.00 0.00 62.00 73.00 0.00 0.00 0.00 0.00 0.00 95.00 0.00 46.00 78.00 0.00 0.00 58.00 96.00 3.00 0.00
mcp_obj 21
mcp_gap 0
mcp_x 0 0 1 0 0 0 1 0 0 0 1 1 1 1 0 1 1 0 1 0 0 1 1 0 0 1 0 0 0 0 1 0 1 1 1 0 0 1 1 1 0 0 0 0 1 0 0 0 0 1
