NAME N50_rc_0.7_rGamma_1_dc_0.035_dGamma_0.0005_jeu_50_75_5.txt
NUM_ITEMS 50
SOURCE jeu_50_75_5
PARAMETERS
r_c 0.7
r_Gamma 1
d_c 0.035
d_Gamma 0.0005

BOUNDS
c_lb 0.00
c_ub 143.36
Gamma_lb 12
Gamma_ub 58
B_i_1_lb 0.00 0.00 0.00 0.00 0.00 0.00 0.00 0.00 0.00 0.00 0.00 0.00 0.00 0.00 0.00 0.00 0.00 0.00 0.00 0.00 0.00 0.00 0.00 0.00 0.00 0.00 0.00 0.00 0.00 0.00 0.00 0.00 0.00 0.00 0.00 0.00 0.00 0.00 0.00 0.00 0.00 0.00 0.00 0.00 0.00 0.00 0.00 0.00 0.00 0.00
B_i_1_ub 74.87 57.50 67.63 61.91 65.70 75.12 89.96 49.53 64.49 60.83 55.26 69.04 65.39 77.79 64.02 65.29 65.40 58.11 62.22 71.06 73.91 76.86 64.99 58.58 74.96 66.79 69.20 58.59 60.83 68.33 68.87 63.54 57.27 67.43 62.37 71.54 62.68 66.43 57.57 78.00 50.56 65.19 54.71 69.14 69.19 56.93 66.35 63.77 58.60 57.57
B_i_0_lb 0.00 0.00 0.00 0.00 0.00 0.00 0.00 0.00 0.00 0.00 0.00 0.00 0.00 0.00 0.00 0.00 0.00 0.00 0.00 0.00 0.00 0.00 0.00 0.00 0.00 0.00 0.00 0.00 0.00 0.00 0.00 0.00 0.00 0.00 0.00 0.00 0.00 0.00 0.00 0.00 0.00 0.00 0.00 0.00 0.00 0.00 0.00 0.00 0.00 0.00
B_i_0_ub 74.94 57.50 67.63 61.91 65.70 75.12 90.10 49.53 64.49 60.83 55.26 69.04 65.39 77.79 64.02 65.29 65.40 58.11 62.22 71.06 73.91 76.86 64.99 58.58 74.96 66.79 69.20 58.59 60.83 68.33 68.87 63.54 57.27 67.43 62.37 71.54 62.68 66.43 57.57 78.00 50.56 65.19 54.71 69.14 69.19 56.93 66.35 63.77 58.60 57.57
c_i_1_lb 40.60 15.40 30.10 0.00 9.10 4.90 6.30 48.30 58.10 11.20 42.70 0.00 22.40 0.00 7.70 8.40 1.40 40.60 7.70 30.10 39.90 66.50 0.00 0.00 0.00 5.60 7.70 31.50 64.40 0.00 49.00 21.00 0.00 18.20 0.00 62.30 0.00 21.70 46.20 46.20 9.10 0.00 5.60 49.00 5.60 11.20 35.00 0.70 35.00 37.80
c_i_1_ub 115.47 72.90 97.73 61.91 74.80 80.02 96.26 97.83 122.59 72.03 97.96 69.04 87.79 77.79 71.72 73.69 66.80 98.71 69.92 101.16 113.81 143.36 64.99 58.58 74.96 72.39 76.90 90.09 125.23 68.33 117.87 84.54 57.27 85.63 62.37 133.84 62.68 88.13 103.77 124.20 59.66 65.19 60.31 118.14 74.79 68.13 101.35 64.47 93.60 95.37
c_i_0_lb 40.60 15.40 30.10 0.00 9.10 4.90 6.30 48.30 58.10 11.20 42.70 0.00 22.40 0.00 7.70 8.40 1.40 40.60 7.70 30.10 39.90 66.50 0.00 0.00 0.00 5.60 7.70 31.50 64.40 0.00 49.00 21.00 0.00 18.20 0.00 62.30 0.00 21.70 46.20 46.20 9.10 0.00 5.60 49.00 5.60 11.20 35.00 0.70 35.00 37.80
c_i_0_ub 115.54 72.90 97.73 61.91 74.80 80.02 96.40 97.83 122.59 72.03 97.96 69.04 87.79 77.79 71.72 73.69 66.80 98.71 69.92 101.16 113.81 143.36 64.99 58.58 74.96 72.39 76.90 90.09 125.23 68.33 117.87 84.54 57.27 85.63 62.37 133.84 62.68 88.13 103.77 124.20 59.66 65.19 60.31 118.14 74.79 68.13 101.35 64.47 93.60 95.37
c_1_lb 0.00
c_1_ub 143.36
c_0_lb 0.00
c_0_ub 143.36

BOUND_TIMES
k_max_time 0.001228
Gamma_ub_time 0.000203
B_i_1_lb_time 0.001860
B_i_1_ub_time 0.002067
B_i_0_lb_time 0.002018
B_i_0_ub_time 0.001952

DDRO_PARAMETERS
a_0 12
b_0i 1 1 1 1 1 1 1 0 1 1 1 1 1 1 1 1 1 1 1 1 1 1 1 1 1 1 1 1 1 1 1 1 1 1 1 1 1 1 1 1 0 1 1 1 1 1 1 1 1 1
a_i 40.60 15.40 30.10 0.00 9.10 4.90 6.30 48.30 58.10 11.20 42.70 0.00 22.40 0.00 7.70 8.40 1.40 40.60 7.70 30.10 39.90 66.50 0.00 0.00 0.00 5.60 7.70 31.50 64.40 0.00 49.00 21.00 0.00 18.20 0.00 62.30 0.00 21.70 46.20 46.20 9.10 0.00 5.60 49.00 5.60 11.20 35.00 0.70 35.00 37.80
b_ij
0 0.00 0.00 2.49 2.17 2.87 3.05 0.81 1.61 0.28 2.80 2.38 1.65 0.63 0.14 0.63 1.79 1.33 0.39 2.70 0.63 3.43 1.40 1.82 2.24 3.36 3.15 0.07 2.07 1.37 1.68 2.66 0.77 0.00 0.00 0.53 2.91 0.35 1.40 0.00 1.23 3.36 3.12 0.00 0.00 1.33 2.59 3.29 1.30 1.16 0.00
1 0.00 0.00 2.35 0.00 2.28 0.98 2.94 0.00 3.43 1.68 0.35 0.00 0.00 2.49 1.54 1.72 0.74 3.40 1.05 0.14 3.22 0.00 1.30 2.07 1.23 0.00 1.05 2.38 3.05 2.28 1.02 2.91 0.18 1.54 0.00 0.00 0.00 0.21 0.25 1.68 0.88 0.67 0.00 0.07 1.37 1.79 0.00 0.00 1.82 1.44
2 2.49 2.35 0.00 1.44 0.21 2.45 0.00 0.00 0.42 0.00 2.59 2.63 0.00 2.87 3.40 3.08 1.89 0.25 0.00 1.96 0.00 0.39 0.00 0.49 2.77 0.00 2.66 0.00 3.29 0.67 0.00 0.53 1.37 3.22 0.35 1.68 2.35 2.45 0.00 2.42 1.30 1.40 2.59 3.36 1.26 0.32 0.00 2.49 0.00 2.24
3 2.17 0.00 1.44 0.00 1.86 2.98 3.33 0.35 1.16 0.42 1.23 0.84 0.60 2.52 0.00 1.51 0.42 2.35 2.70 0.00 0.70 0.25 0.00 3.22 0.00 2.80 1.26 0.00 0.00 0.00 0.00 0.74 2.07 0.00 0.11 2.73 0.00 0.25 1.26 2.56 0.00 2.42 1.89 3.33 1.86 1.40 2.91 1.54 0.00 2.73
4 2.87 2.28 0.21 1.86 0.00 2.84 2.80 1.93 2.77 2.52 0.00 0.39 1.44 2.45 2.24 1.61 3.50 3.50 2.35 0.00 2.59 0.53 0.07 0.00 0.60 0.00 1.33 0.00 0.18 1.82 0.00 0.81 1.89 0.00 2.14 2.03 2.17 1.40 2.31 0.00 0.00 0.00 0.00 1.26 0.28 2.98 0.00 1.02 1.26 1.47
5 3.05 0.98 2.45 2.98 2.84 0.00 2.94 0.00 0.56 3.29 0.32 2.03 2.66 0.00 1.09 0.42 2.03 2.28 0.00 1.79 2.77 3.22 2.10 0.00 0.21 1.19 2.17 1.44 1.05 1.16 3.12 0.00 2.84 1.19 2.31 3.22 0.74 0.81 1.58 3.50 2.03 0.00 0.00 0.00 3.50 0.11 3.15 0.00 0.00 0.00
6 0.81 2.94 0.00 3.33 2.80 2.94 0.00 3.47 1.89 2.49 1.96 1.09 1.58 1.19 1.72 2.77 3.33 0.00 0.35 3.05 0.00 0.00 1.72 1.86 2.84 3.36 2.21 0.81 0.14 0.00 2.42 2.38 0.98 2.77 0.14 3.29 1.75 2.77 3.01 1.89 0.00 1.51 0.00 3.47 0.00 1.93 3.22 2.80 2.00 3.12
7 1.61 0.00 0.00 0.35 1.93 0.00 3.47 0.00 0.53 2.84 0.14 1.33 1.96 1.93 0.00 2.87 1.51 0.21 1.12 0.00 0.00 0.00 2.45 0.00 3.50 1.33 0.46 0.00 3.29 2.87 0.00 0.70 0.00 0.00 2.49 1.93 0.00 0.74 0.00 2.21 1.23 0.00 0.81 2.03 0.67 0.00 0.70 0.32 0.00 0.00
8 0.28 3.43 0.42 1.16 2.77 0.56 1.89 0.53 0.00 1.65 0.00 2.84 0.98 1.72 3.33 1.79 0.00 0.00 0.00 2.38 1.82 3.01 0.00 0.00 0.67 2.31 0.00 2.31 1.33 0.00 1.68 2.94 0.42 1.23 0.39 0.60 1.16 0.00 0.00 3.50 2.28 1.47 0.88 3.50 0.32 0.00 0.70 2.84 3.40 0.00
9 2.80 1.68 0.00 0.42 2.52 3.29 2.49 2.84 1.65 0.00 0.74 0.00 1.23 1.30 3.15 2.07 2.49 0.00 3.29 0.07 0.00 1.93 1.93 2.77 0.00 0.00 0.00 0.91 3.19 0.25 2.98 0.00 0.00 1.23 1.47 2.42 0.35 0.00 0.00 0.42 1.12 1.61 0.00 3.12 0.00 0.60 0.74 1.58 0.00 0.18
10 2.38 0.35 2.59 1.23 0.00 0.32 1.96 0.14 0.00 0.74 0.00 2.17 0.32 0.00 0.00 0.04 3.19 1.44 0.00 0.46 3.12 3.05 1.44 1.65 0.70 1.82 0.00 0.00 0.32 0.21 1.61 2.70 0.00 0.35 0.00 0.81 2.35 2.66 2.84 2.94 0.77 0.00 2.98 0.00 1.93 2.07 0.00 0.56 1.05 0.00
11 1.65 0.00 2.63 0.84 0.39 2.03 1.09 1.33 2.84 0.00 2.17 0.00 2.98 0.00 2.07 3.08 1.96 0.70 0.32 0.00 0.00 2.63 0.00 0.77 1.23 0.35 2.56 0.00 0.11 1.51 3.15 3.43 0.35 0.60 1.68 3.47 2.66 2.38 0.81 0.00 1.37 3.08 2.00 0.28 1.68 0.00 3.15 0.07 2.52 1.12
12 0.63 0.00 0.00 0.60 1.44 2.66 1.58 1.96 0.98 1.23 0.32 2.98 0.00 0.00 1.44 1.89 2.87 2.80 0.98 0.28 2.77 1.37 3.26 3.29 0.00 0.00 2.63 0.39 3.05 1.58 1.37 0.00 3.26 2.66 0.53 0.00 0.74 0.49 2.66 0.00 0.00 3.33 0.00 3.05 1.12 0.00 1.86 0.00 0.53 0.81
13 0.14 2.49 2.87 2.52 2.45 0.00 1.19 1.93 1.72 1.30 0.00 0.00 0.00 0.00 2.98 0.21 2.42 0.70 2.73 3.22 0.00 2.24 1.19 0.81 3.50 0.00 0.04 3.33 2.03 0.00 0.81 0.00 1.05 0.07 0.00 2.84 2.56 2.70 2.73 1.23 1.51 3.50 2.00 2.38 3.50 2.07 2.21 1.33 3.08 0.21
14 0.63 1.54 3.40 0.00 2.24 1.09 1.72 0.00 3.33 3.15 0.00 2.07 1.44 2.98 0.00 1.58 1.54 0.74 2.38 0.14 0.00 0.42 1.86 0.00 0.00 0.39 2.77 1.58 0.95 3.47 0.00 0.18 1.19 0.00 1.61 0.95 2.07 0.42 3.47 2.70 0.00 3.47 0.91 1.89 1.65 0.00 0.00 1.33 0.77 0.00
15 1.79 1.72 3.08 1.51 1.61 0.42 2.77 2.87 1.79 2.07 0.04 3.08 1.89 0.21 1.58 0.00 0.18 0.00 0.07 2.35 2.63 1.96 1.16 0.00 0.00 0.00 1.72 0.56 2.91 1.09 0.00 0.35 2.21 2.35 0.00 2.73 0.18 2.70 1.96 1.16 1.30 1.12 0.00 0.00 0.00 1.40 2.07 3.05 1.65 0.00
16 1.33 0.74 1.89 0.42 3.50 2.03 3.33 1.51 0.00 2.49 3.19 1.96 2.87 2.42 1.54 0.18 0.00 2.70 2.42 3.01 0.04 0.00 3.36 1.02 3.08 0.42 0.00 0.00 2.17 0.00 0.28 1.02 0.18 0.88 0.63 0.00 2.91 0.00 0.00 0.00 3.08 0.32 0.00 0.00 1.23 2.00 1.33 1.96 1.96 0.00
17 0.39 3.40 0.25 2.35 3.50 2.28 0.00 0.21 0.00 0.00 1.44 0.70 2.80 0.70 0.74 0.00 2.70 0.00 0.56 3.05 0.00 0.00 1.58 0.00 3.19 1.19 0.00 0.00 2.03 2.03 0.00 1.93 0.11 2.63 1.86 0.07 2.91 1.51 0.00 0.39 0.35 3.05 2.10 0.25 2.14 2.35 0.00 0.00 0.00 1.37
18 2.70 1.05 0.00 2.70 2.35 0.00 0.35 1.12 0.00 3.29 0.00 0.32 0.98 2.73 2.38 0.07 2.42 0.56 0.00 2.21 0.00 3.33 0.00 0.39 0.07 1.65 0.00 2.98 0.39 3.08 1.93 3.50 0.28 3.43 2.42 0.00 0.70 2.94 0.00 0.00 0.88 0.00 0.81 1.96 0.25 0.74 1.16 1.65 0.00 2.45
19 0.63 0.14 1.96 0.00 0.00 1.79 3.05 0.00 2.38 0.07 0.46 0.00 0.28 3.22 0.14 2.35 3.01 3.05 2.21 0.00 1.65 2.56 0.70 0.21 3.26 1.12 3.15 3.33 0.56 2.56 3.15 0.00 1.23 0.00 0.00 3.29 0.60 0.00 0.00 2.87 0.00 2.98 0.25 0.07 2.70 0.00 3.43 2.80 0.70 3.15
20 3.43 3.22 0.00 0.70 2.59 2.77 0.00 0.00 1.82 0.00 3.12 0.00 2.77 0.00 0.00 2.63 0.04 0.00 0.00 1.65 0.00 0.84 1.61 0.07 0.00 0.00 2.56 0.25 2.21 2.80 2.63 0.00 2.17 2.80 3.19 2.49 1.89 1.30 0.00 2.77 1.93 0.00 1.40 3.12 3.12 2.87 3.22 1.37 0.56 2.00
21 1.40 0.00 0.39 0.25 0.53 3.22 0.00 0.00 3.01 1.93 3.05 2.63 1.37 2.24 0.42 1.96 0.00 0.00 3.33 2.56 0.84 0.00 0.53 1.58 3.19 2.31 3.40 2.52 0.70 3.15 2.77 0.25 0.00 3.22 0.00 0.00 0.53 2.91 1.68 0.00 1.05 2.87 0.98 1.58 1.47 3.01 1.16 2.28 1.30 3.29
22 1.82 1.30 0.00 0.00 0.07 2.10 1.72 2.45 0.00 1.93 1.44 0.00 3.26 1.19 1.86 1.16 3.36 1.58 0.00 0.70 1.61 0.53 0.00 1.61 0.00 3.15 1.47 3.19 0.00 0.00 2.38 1.68 3.43 0.00 2.80 2.73 0.00 2.03 1.68 2.17 0.00 1.61 2.38 1.16 1.37 0.77 0.84 0.46 0.00 0.00
23 2.24 2.07 0.49 3.22 0.00 0.00 1.86 0.00 0.00 2.77 1.65 0.77 3.29 0.81 0.00 0.00 1.02 0.00 0.39 0.21 0.07 1.58 1.61 0.00 2.42 2.56 0.53 0.88 0.42 3.15 2.77 1.30 0.00 2.45 3.22 0.00 0.00 3.47 1.96 0.00 0.00 1.40 1.58 0.00 2.73 0.00 3.26 0.25 0.00 0.18
24 3.36 1.23 2.77 0.00 0.60 0.21 2.84 3.50 0.67 0.00 0.70 1.23 0.00 3.50 0.00 0.00 3.08 3.19 0.07 3.26 0.00 3.19 0.00 2.42 0.00 2.66 1.30 0.00 0.00 1.26 2.10 1.72 3.22 0.11 3.33 2.70 0.77 3.08 3.43 2.80 0.00 0.00 0.21 0.81 3.26 2.38 0.00 1.58 2.42 0.00
25 3.15 0.00 0.00 2.80 0.00 1.19 3.36 1.33 2.31 0.00 1.82 0.35 0.00 0.00 0.39 0.00 0.42 1.19 1.65 1.12 0.00 2.31 3.15 2.56 2.66 0.00 2.56 2.59 0.00 1.86 0.28 0.14 0.00 1.86 2.14 0.04 3.05 2.84 2.70 3.40 0.00 2.00 1.75 0.00 3.47 0.00 1.02 0.00 0.00 3.33
26 0.07 1.05 2.66 1.26 1.33 2.17 2.21 0.46 0.00 0.00 0.00 2.56 2.63 0.04 2.77 1.72 0.00 0.00 0.00 3.15 2.56 3.40 1.47 0.53 1.30 2.56 0.00 2.38 0.00 2.59 0.32 2.94 0.00 2.91 0.07 1.68 1.58 0.53 1.75 2.07 0.00 1.54 2.14 2.14 0.56 0.00 1.86 2.42 1.16 2.66
27 2.07 2.38 0.00 0.00 0.00 1.44 0.81 0.00 2.31 0.91 0.00 0.00 0.39 3.33 1.58 0.56 0.00 0.00 2.98 3.33 0.25 2.52 3.19 0.88 0.00 2.59 2.38 0.00 1.44 2.35 1.30 0.00 1.51 1.61 0.77 1.61 0.00 1.79 2.07 2.28 0.00 0.74 0.00 2.94 0.70 0.35 0.81 1.68 0.74 0.00
28 1.37 3.05 3.29 0.00 0.18 1.05 0.14 3.29 1.33 3.19 0.32 0.11 3.05 2.03 0.95 2.91 2.17 2.03 0.39 0.56 2.21 0.70 0.00 0.42 0.00 0.00 0.00 1.44 0.00 1.26 1.65 0.11 3.19 2.10 2.63 0.63 1.33 0.00 0.11 3.26 0.28 0.00 0.00 1.79 0.00 1.40 0.14 2.77 2.00 0.00
29 1.68 2.28 0.67 0.00 1.82 1.16 0.00 2.87 0.00 0.25 0.21 1.51 1.58 0.00 3.47 1.09 0.00 2.03 3.08 2.56 2.80 3.15 0.00 3.15 1.26 1.86 2.59 2.35 1.26 0.00 0.00 3.33 2.31 0.00 0.00 1.12 3.43 0.63 0.00 3.05 2.70 0.00 2.31 0.35 0.00 1.54 0.46 0.00 1.40 1.02
30 2.66 1.02 0.00 0.00 0.00 3.12 2.42 0.00 1.68 2.98 1.61 3.15 1.37 0.81 0.00 0.00 0.28 0.00 1.93 3.15 2.63 2.77 2.38 2.77 2.10 0.28 0.32 1.30 1.65 0.00 0.00 2.49 0.00 2.45 2.17 2.73 2.17 2.63 0.32 0.00 2.07 0.00 2.56 0.00 0.00 0.00 3.22 0.00 3.15 0.53
31 0.77 2.91 0.53 0.74 0.81 0.00 2.38 0.70 2.94 0.00 2.70 3.43 0.00 0.00 0.18 0.35 1.02 1.93 3.50 0.00 0.00 0.25 1.68 1.30 1.72 0.14 2.94 0.00 0.11 3.33 2.49 0.00 0.00 1.51 1.26 0.11 0.00 3.43 2.17 2.59 0.00 1.54 3.15 1.82 1.54 1.47 0.00 1.54 2.56 0.00
32 0.00 0.18 1.37 2.07 1.89 2.84 0.98 0.00 0.42 0.00 0.00 0.35 3.26 1.05 1.19 2.21 0.18 0.11 0.28 1.23 2.17 0.00 3.43 0.00 3.22 0.00 0.00 1.51 3.19 2.31 0.00 0.00 0.00 0.25 2.94 1.58 0.00 0.00 0.53 0.00 0.98 1.30 2.38 1.96 2.87 2.52 0.00 0.00 2.66 1.86
33 0.00 1.54 3.22 0.00 0.00 1.19 2.77 0.00 1.23 1.23 0.35 0.60 2.66 0.07 0.00 2.35 0.88 2.63 3.43 0.00 2.80 3.22 0.00 2.45 0.11 1.86 2.91 1.61 2.10 0.00 2.45 1.51 0.25 0.00 1.89 2.07 0.00 2.14 2.80 1.23 0.00 0.00 1.16 1.54 0.00 1.68 2.70 3.50 0.00 1.30
34 0.53 0.00 0.35 0.11 2.14 2.31 0.14 2.49 0.39 1.47 0.00 1.68 0.53 0.00 1.61 0.00 0.63 1.86 2.42 0.00 3.19 0.00 2.80 3.22 3.33 2.14 0.07 0.77 2.63 0.00 2.17 1.26 2.94 1.89 0.00 0.81 1.37 1.40 2.28 0.81 1.37 1.26 0.98 0.04 0.53 0.00 0.00 2.28 1.51 2.66
35 2.91 0.00 1.68 2.73 2.03 3.22 3.29 1.93 0.60 2.42 0.81 3.47 0.00 2.84 0.95 2.73 0.00 0.07 0.00 3.29 2.49 0.00 2.73 0.00 2.70 0.04 1.68 1.61 0.63 1.12 2.73 0.11 1.58 2.07 0.81 0.00 0.00 0.00 0.21 0.32 0.56 2.07 0.00 1.86 2.38 1.79 3.22 2.07 0.00 1.79
36 0.35 0.00 2.35 0.00 2.17 0.74 1.75 0.00 1.16 0.35 2.35 2.66 0.74 2.56 2.07 0.18 2.91 2.91 0.70 0.60 1.89 0.53 0.00 0.00 0.77 3.05 1.58 0.00 1.33 3.43 2.17 0.00 0.00 0.00 1.37 0.00 0.00 0.81 0.91 2.00 0.00 1.19 2.14 3.50 0.56 1.93 1.26 2.45 1.05 2.21
37 1.40 0.21 2.45 0.25 1.40 0.81 2.77 0.74 0.00 0.00 2.66 2.38 0.49 2.70 0.42 2.70 0.00 1.51 2.94 0.00 1.30 2.91 2.03 3.47 3.08 2.84 0.53 1.79 0.00 0.63 2.63 3.43 0.00 2.14 1.40 0.00 0.81 0.00 0.00 0.00 0.00 0.91 2.24 0.00 2.70 1.93 0.25 1.05 0.11 2.42
38 0.00 0.25 0.00 1.26 2.31 1.58 3.01 0.00 0.00 0.00 2.84 0.81 2.66 2.73 3.47 1.96 0.00 0.00 0.00 0.00 0.00 1.68 1.68 1.96 3.43 2.70 1.75 2.07 0.11 0.00 0.32 2.17 0.53 2.80 2.28 0.21 0.91 0.00 0.00 1.05 1.09 0.00 0.00 1.82 2.66 0.42 0.00 2.31 0.00 0.74
39 1.23 1.68 2.42 2.56 0.00 3.50 1.89 2.21 3.50 0.42 2.94 0.00 0.00 1.23 2.70 1.16 0.00 0.39 0.00 2.87 2.77 0.00 2.17 0.00 2.80 3.40 2.07 2.28 3.26 3.05 0.00 2.59 0.00 1.23 0.81 0.32 2.00 0.00 1.05 0.00 3.01 0.04 2.10 2.56 0.00 0.53 1.93 1.30 2.91 3.12
40 3.36 0.88 1.30 0.00 0.00 2.03 0.00 1.23 2.28 1.12 0.77 1.37 0.00 1.51 0.00 1.30 3.08 0.35 0.88 0.00 1.93 1.05 0.00 0.00 0.00 0.00 0.00 0.00 0.28 2.70 2.07 0.00 0.98 0.00 1.37 0.56 0.00 0.00 1.09 3.01 0.00 0.81 2.21 0.00 3.26 3.26 1.40 2.73 0.39 0.00
41 3.12 0.67 1.40 2.42 0.00 0.00 1.51 0.00 1.47 1.61 0.00 3.08 3.33 3.50 3.47 1.12 0.32 3.05 0.00 2.98 0.00 2.87 1.61 1.40 0.00 2.00 1.54 0.74 0.00 0.00 0.00 1.54 1.30 0.00 1.26 2.07 1.19 0.91 0.00 0.04 0.81 0.00 0.00 1.79 3.47 0.88 0.63 2.17 3.29 0.63
42 0.00 0.00 2.59 1.89 0.00 0.00 0.00 0.81 0.88 0.00 2.98 2.00 0.00 2.00 0.91 0.00 0.00 2.10 0.81 0.25 1.40 0.98 2.38 1.58 0.21 1.75 2.14 0.00 0.00 2.31 2.56 3.15 2.38 1.16 0.98 0.00 2.14 2.24 0.00 2.10 2.21 0.00 0.00 0.00 0.00 2.49 0.49 0.67 2.17 0.00
43 0.00 0.07 3.36 3.33 1.26 0.00 3.47 2.03 3.50 3.12 0.00 0.28 3.05 2.38 1.89 0.00 0.00 0.25 1.96 0.07 3.12 1.58 1.16 0.00 0.81 0.00 2.14 2.94 1.79 0.35 0.00 1.82 1.96 1.54 0.04 1.86 3.50 0.00 1.82 2.56 0.00 1.79 0.00 0.00 1.61 0.00 1.30 1.19 2.80 1.44
44 1.33 1.37 1.26 1.86 0.28 3.50 0.00 0.67 0.32 0.00 1.93 1.68 1.12 3.50 1.65 0.00 1.23 2.14 0.25 2.70 3.12 1.47 1.37 2.73 3.26 3.47 0.56 0.70 0.00 0.00 0.00 1.54 2.87 0.00 0.53 2.38 0.56 2.70 2.66 0.00 3.26 3.47 0.00 1.61 0.00 0.00 2.07 0.67 1.40 0.00
45 2.59 1.79 0.32 1.40 2.98 0.11 1.93 0.00 0.00 0.60 2.07 0.00 0.00 2.07 0.00 1.40 2.00 2.35 0.74 0.00 2.87 3.01 0.77 0.00 2.38 0.00 0.00 0.35 1.40 1.54 0.00 1.47 2.52 1.68 0.00 1.79 1.93 1.93 0.42 0.53 3.26 0.88 2.49 0.00 0.00 0.00 0.00 0.00 0.00 3.36
46 3.29 0.00 0.00 2.91 0.00 3.15 3.22 0.70 0.70 0.74 0.00 3.15 1.86 2.21 0.00 2.07 1.33 0.00 1.16 3.43 3.22 1.16 0.84 3.26 0.00 1.02 1.86 0.81 0.14 0.46 3.22 0.00 0.00 2.70 0.00 3.22 1.26 0.25 0.00 1.93 1.40 0.63 0.49 1.30 2.07 0.00 0.00 0.39 2.59 2.21
47 1.30 0.00 2.49 1.54 1.02 0.00 2.80 0.32 2.84 1.58 0.56 0.07 0.00 1.33 1.33 3.05 1.96 0.00 1.65 2.80 1.37 2.28 0.46 0.25 1.58 0.00 2.42 1.68 2.77 0.00 0.00 1.54 0.00 3.50 2.28 2.07 2.45 1.05 2.31 1.30 2.73 2.17 0.67 1.19 0.67 0.00 0.39 0.00 0.00 0.00
48 1.16 1.82 0.00 0.00 1.26 0.00 2.00 0.00 3.40 0.00 1.05 2.52 0.53 3.08 0.77 1.65 1.96 0.00 0.00 0.70 0.56 1.30 0.00 0.00 2.42 0.00 1.16 0.74 2.00 1.40 3.15 2.56 2.66 0.00 1.51 0.00 1.05 0.11 0.00 2.91 0.39 3.29 2.17 2.80 1.40 0.00 2.59 0.00 0.00 0.53
49 0.00 1.44 2.24 2.73 1.47 0.00 3.12 0.00 0.00 0.18 0.00 1.12 0.81 0.21 0.00 0.00 0.00 1.37 2.45 3.15 2.00 3.29 0.00 0.18 0.00 3.33 2.66 0.00 0.00 1.02 0.53 0.00 1.86 1.30 2.66 1.79 2.21 2.42 0.74 3.12 0.00 0.63 0.00 1.44 0.00 3.36 2.21 0.00 0.53 0.00

ITEMS
nominal_profits 58.00 22.00 43.00 0.00 13.00 7.00 9.00 69.00 83.00 16.00 61.00 0.00 32.00 0.00 11.00 12.00 2.00 58.00 11.00 43.00 57.00 95.00 0.00 0.00 0.00 8.00 11.00 45.00 92.00 0.00 70.00 30.00 0.00 26.00 0.00 89.00 0.00 31.00 66.00 66.00 13.00 0.00 8.00 70.00 8.00 16.00 50.00 1.00 50.00 54.00
weights 43 27 9 8 44 40 27 29 13 27 4 29 44 12 48 18 1 4 38 16 10 48 40 45 17 34 7 41 36 14 13 20 23 17 23 50 1 1 28 18 13 45 18 7 6 40 25 6 21 1
capacity 1026
k_max 47

COMMENTS
original_pairwise_profits
0 0.00 0.00 71.00 62.00 82.00 87.00 23.00 46.00 8.00 80.00 68.00 47.00 18.00 4.00 18.00 51.00 38.00 11.00 77.00 18.00 98.00 40.00 52.00 64.00 96.00 90.00 2.00 59.00 39.00 48.00 76.00 22.00 0.00 0.00 15.00 83.00 10.00 40.00 0.00 35.00 96.00 89.00 0.00 0.00 38.00 74.00 94.00 37.00 33.00 0.00
1 0.00 0.00 67.00 0.00 65.00 28.00 84.00 0.00 98.00 48.00 10.00 0.00 0.00 71.00 44.00 49.00 21.00 97.00 30.00 4.00 92.00 0.00 37.00 59.00 35.00 0.00 30.00 68.00 87.00 65.00 29.00 83.00 5.00 44.00 0.00 0.00 0.00 6.00 7.00 48.00 25.00 19.00 0.00 2.00 39.00 51.00 0.00 0.00 52.00 41.00
2 71.00 67.00 0.00 41.00 6.00 70.00 0.00 0.00 12.00 0.00 74.00 75.00 0.00 82.00 97.00 88.00 54.00 7.00 0.00 56.00 0.00 11.00 0.00 14.00 79.00 0.00 76.00 0.00 94.00 19.00 0.00 15.00 39.00 92.00 10.00 48.00 67.00 70.00 0.00 69.00 37.00 40.00 74.00 96.00 36.00 9.00 0.00 71.00 0.00 64.00
3 62.00 0.00 41.00 0.00 53.00 85.00 95.00 10.00 33.00 12.00 35.00 24.00 17.00 72.00 0.00 43.00 12.00 67.00 77.00 0.00 20.00 7.00 0.00 92.00 0.00 80.00 36.00 0.00 0.00 0.00 0.00 21.00 59.00 0.00 3.00 78.00 0.00 7.00 36.00 73.00 0.00 69.00 54.00 95.00 53.00 40.00 83.00 44.00 0.00 78.00
4 82.00 65.00 6.00 53.00 0.00 81.00 80.00 55.00 79.00 72.00 0.00 11.00 41.00 70.00 64.00 46.00 100.00 100.00 67.00 0.00 74.00 15.00 2.00 0.00 17.00 0.00 38.00 0.00 5.00 52.00 0.00 23.00 54.00 0.00 61.00 58.00 62.00 40.00 66.00 0.00 0.00 0.00 0.00 36.00 8.00 85.00 0.00 29.00 36.00 42.00
5 87.00 28.00 70.00 85.00 81.00 0.00 84.00 0.00 16.00 94.00 9.00 58.00 76.00 0.00 31.00 12.00 58.00 65.00 0.00 51.00 79.00 92.00 60.00 0.00 6.00 34.00 62.00 41.00 30.00 33.00 89.00 0.00 81.00 34.00 66.00 92.00 21.00 23.00 45.00 100.00 58.00 0.00 0.00 0.00 100.00 3.00 90.00 0.00 0.00 0.00
6 23.00 84.00 0.00 95.00 80.00 84.00 0.00 99.00 54.00 71.00 56.00 31.00 45.00 34.00 49.00 79.00 95.00 0.00 10.00 87.00 0.00 0.00 49.00 53.00 81.00 96.00 63.00 23.00 4.00 0.00 69.00 68.00 28.00 79.00 4.00 94.00 50.00 79.00 86.00 54.00 0.00 43.00 0.00 99.00 0.00 55.00 92.00 80.00 57.00 89.00
7 46.00 0.00 0.00 10.00 55.00 0.00 99.00 0.00 15.00 81.00 4.00 38.00 56.00 55.00 0.00 82.00 43.00 6.00 32.00 0.00 0.00 0.00 70.00 0.00 100.00 38.00 13.00 0.00 94.00 82.00 0.00 20.00 0.00 0.00 71.00 55.00 0.00 21.00 0.00 63.00 35.00 0.00 23.00 58.00 19.00 0.00 20.00 9.00 0.00 0.00
8 8.00 98.00 12.00 33.00 79.00 16.00 54.00 15.00 0.00 47.00 0.00 81.00 28.00 49.00 95.00 51.00 0.00 0.00 0.00 68.00 52.00 86.00 0.00 0.00 19.00 66.00 0.00 66.00 38.00 0.00 48.00 84.00 12.00 35.00 11.00 17.00 33.00 0.00 0.00 100.00 65.00 42.00 25.00 100.00 9.00 0.00 20.00 81.00 97.00 0.00
9 80.00 48.00 0.00 12.00 72.00 94.00 71.00 81.00 47.00 0.00 21.00 0.00 35.00 37.00 90.00 59.00 71.00 0.00 94.00 2.00 0.00 55.00 55.00 79.00 0.00 0.00 0.00 26.00 91.00 7.00 85.00 0.00 0.00 35.00 42.00 69.00 10.00 0.00 0.00 12.00 32.00 46.00 0.00 89.00 0.00 17.00 21.00 45.00 0.00 5.00
10 68.00 10.00 74.00 35.00 0.00 9.00 56.00 4.00 0.00 21.00 0.00 62.00 9.00 0.00 0.00 1.00 91.00 41.00 0.00 13.00 89.00 87.00 41.00 47.00 20.00 52.00 0.00 0.00 9.00 6.00 46.00 77.00 0.00 10.00 0.00 23.00 67.00 76.00 81.00 84.00 22.00 0.00 85.00 0.00 55.00 59.00 0.00 16.00 30.00 0.00
11 47.00 0.00 75.00 24.00 11.00 58.00 31.00 38.00 81.00 0.00 62.00 0.00 85.00 0.00 59.00 88.00 56.00 20.00 9.00 0.00 0.00 75.00 0.00 22.00 35.00 10.00 73.00 0.00 3.00 43.00 90.00 98.00 10.00 17.00 48.00 99.00 76.00 68.00 23.00 0.00 39.00 88.00 57.00 8.00 48.00 0.00 90.00 2.00 72.00 32.00
12 18.00 0.00 0.00 17.00 41.00 76.00 45.00 56.00 28.00 35.00 9.00 85.00 0.00 0.00 41.00 54.00 82.00 80.00 28.00 8.00 79.00 39.00 93.00 94.00 0.00 0.00 75.00 11.00 87.00 45.00 39.00 0.00 93.00 76.00 15.00 0.00 21.00 14.00 76.00 0.00 0.00 95.00 0.00 87.00 32.00 0.00 53.00 0.00 15.00 23.00
13 4.00 71.00 82.00 72.00 70.00 0.00 34.00 55.00 49.00 37.00 0.00 0.00 0.00 0.00 85.00 6.00 69.00 20.00 78.00 92.00 0.00 64.00 34.00 23.00 100.00 0.00 1.00 95.00 58.00 0.00 23.00 0.00 30.00 2.00 0.00 81.00 73.00 77.00 78.00 35.00 43.00 100.00 57.00 68.00 100.00 59.00 63.00 38.00 88.00 6.00
14 18.00 44.00 97.00 0.00 64.00 31.00 49.00 0.00 95.00 90.00 0.00 59.00 41.00 85.00 0.00 45.00 44.00 21.00 68.00 4.00 0.00 12.00 53.00 0.00 0.00 11.00 79.00 45.00 27.00 99.00 0.00 5.00 34.00 0.00 46.00 27.00 59.00 12.00 99.00 77.00 0.00 99.00 26.00 54.00 47.00 0.00 0.00 38.00 22.00 0.00
15 51.00 49.00 88.00 43.00 46.00 12.00 79.00 82.00 51.00 59.00 1.00 88.00 54.00 6.00 45.00 0.00 5.00 0.00 2.00 67.00 75.00 56.00 33.00 0.00 0.00 0.00 49.00 16.00 83.00 31.00 0.00 10.00 63.00 67.00 0.00 78.00 5.00 77.00 56.00 33.00 37.00 32.00 0.00 0.00 0.00 40.00 59.00 87.00 47.00 0.00
16 38.00 21.00 54.00 12.00 100.00 58.00 95.00 43.00 0.00 71.00 91.00 56.00 82.00 69.00 44.00 5.00 0.00 77.00 69.00 86.00 1.00 0.00 96.00 29.00 88.00 12.00 0.00 0.00 62.00 0.00 8.00 29.00 5.00 25.00 18.00 0.00 83.00 0.00 0.00 0.00 88.00 9.00 0.00 0.00 35.00 57.00 38.00 56.00 56.00 0.00
17 11.00 97.00 7.00 67.00 100.00 65.00 0.00 6.00 0.00 0.00 41.00 20.00 80.00 20.00 21.00 0.00 77.00 0.00 16.00 87.00 0.00 0.00 45.00 0.00 91.00 34.00 0.00 0.00 58.00 58.00 0.00 55.00 3.00 75.00 53.00 2.00 83.00 43.00 0.00 11.00 10.00 87.00 60.00 7.00 61.00 67.00 0.00 0.00 0.00 39.00
18 77.00 30.00 0.00 77.00 67.00 0.00 10.00 32.00 0.00 94.00 0.00 9.00 28.00 78.00 68.00 2.00 69.00 16.00 0.00 63.00 0.00 95.00 0.00 11.00 2.00 47.00 0.00 85.00 11.00 88.00 55.00 100.00 8.00 98.00 69.00 0.00 20.00 84.00 0.00 0.00 25.00 0.00 23.00 56.00 7.00 21.00 33.00 47.00 0.00 70.00
19 18.00 4.00 56.00 0.00 0.00 51.00 87.00 0.00 68.00 2.00 13.00 0.00 8.00 92.00 4.00 67.00 86.00 87.00 63.00 0.00 47.00 73.00 20.00 6.00 93.00 32.00 90.00 95.00 16.00 73.00 90.00 0.00 35.00 0.00 0.00 94.00 17.00 0.00 0.00 82.00 0.00 85.00 7.00 2.00 77.00 0.00 98.00 80.00 20.00 90.00
20 98.00 92.00 0.00 20.00 74.00 79.00 0.00 0.00 52.00 0.00 89.00 0.00 79.00 0.00 0.00 75.00 1.00 0.00 0.00 47.00 0.00 24.00 46.00 2.00 0.00 0.00 73.00 7.00 63.00 80.00 75.00 0.00 62.00 80.00 91.00 71.00 54.00 37.00 0.00 79.00 55.00 0.00 40.00 89.00 89.00 82.00 92.00 39.00 16.00 57.00
21 40.00 0.00 11.00 7.00 15.00 92.00 0.00 0.00 86.00 55.00 87.00 75.00 39.00 64.00 12.00 56.00 0.00 0.00 95.00 73.00 24.00 0.00 15.00 45.00 91.00 66.00 97.00 72.00 20.00 90.00 79.00 7.00 0.00 92.00 0.00 0.00 15.00 83.00 48.00 0.00 30.00 82.00 28.00 45.00 42.00 86.00 33.00 65.00 37.00 94.00
22 52.00 37.00 0.00 0.00 2.00 60.00 49.00 70.00 0.00 55.00 41.00 0.00 93.00 34.00 53.00 33.00 96.00 45.00 0.00 20.00 46.00 15.00 0.00 46.00 0.00 90.00 42.00 91.00 0.00 0.00 68.00 48.00 98.00 0.00 80.00 78.00 0.00 58.00 48.00 62.00 0.00 46.00 68.00 33.00 39.00 22.00 24.00 13.00 0.00 0.00
23 64.00 59.00 14.00 92.00 0.00 0.00 53.00 0.00 0.00 79.00 47.00 22.00 94.00 23.00 0.00 0.00 29.00 0.00 11.00 6.00 2.00 45.00 46.00 0.00 69.00 73.00 15.00 25.00 12.00 90.00 79.00 37.00 0.00 70.00 92.00 0.00 0.00 99.00 56.00 0.00 0.00 40.00 45.00 0.00 78.00 0.00 93.00 7.00 0.00 5.00
24 96.00 35.00 79.00 0.00 17.00 6.00 81.00 100.00 19.00 0.00 20.00 35.00 0.00 100.00 0.00 0.00 88.00 91.00 2.00 93.00 0.00 91.00 0.00 69.00 0.00 76.00 37.00 0.00 0.00 36.00 60.00 49.00 92.00 3.00 95.00 77.00 22.00 88.00 98.00 80.00 0.00 0.00 6.00 23.00 93.00 68.00 0.00 45.00 69.00 0.00
25 90.00 0.00 0.00 80.00 0.00 34.00 96.00 38.00 66.00 0.00 52.00 10.00 0.00 0.00 11.00 0.00 12.00 34.00 47.00 32.00 0.00 66.00 90.00 73.00 76.00 0.00 73.00 74.00 0.00 53.00 8.00 4.00 0.00 53.00 61.00 1.00 87.00 81.00 77.00 97.00 0.00 57.00 50.00 0.00 99.00 0.00 29.00 0.00 0.00 95.00
26 2.00 30.00 76.00 36.00 38.00 62.00 63.00 13.00 0.00 0.00 0.00 73.00 75.00 1.00 79.00 49.00 0.00 0.00 0.00 90.00 73.00 97.00 42.00 15.00 37.00 73.00 0.00 68.00 0.00 74.00 9.00 84.00 0.00 83.00 2.00 48.00 45.00 15.00 50.00 59.00 0.00 44.00 61.00 61.00 16.00 0.00 53.00 69.00 33.00 76.00
27 59.00 68.00 0.00 0.00 0.00 41.00 23.00 0.00 66.00 26.00 0.00 0.00 11.00 95.00 45.00 16.00 0.00 0.00 85.00 95.00 7.00 72.00 91.00 25.00 0.00 74.00 68.00 0.00 41.00 67.00 37.00 0.00 43.00 46.00 22.00 46.00 0.00 51.00 59.00 65.00 0.00 21.00 0.00 84.00 20.00 10.00 23.00 48.00 21.00 0.00
28 39.00 87.00 94.00 0.00 5.00 30.00 4.00 94.00 38.00 91.00 9.00 3.00 87.00 58.00 27.00 83.00 62.00 58.00 11.00 16.00 63.00 20.00 0.00 12.00 0.00 0.00 0.00 41.00 0.00 36.00 47.00 3.00 91.00 60.00 75.00 18.00 38.00 0.00 3.00 93.00 8.00 0.00 0.00 51.00 0.00 40.00 4.00 79.00 57.00 0.00
29 48.00 65.00 19.00 0.00 52.00 33.00 0.00 82.00 0.00 7.00 6.00 43.00 45.00 0.00 99.00 31.00 0.00 58.00 88.00 73.00 80.00 90.00 0.00 90.00 36.00 53.00 74.00 67.00 36.00 0.00 0.00 95.00 66.00 0.00 0.00 32.00 98.00 18.00 0.00 87.00 77.00 0.00 66.00 10.00 0.00 44.00 13.00 0.00 40.00 29.00
30 76.00 29.00 0.00 0.00 0.00 89.00 69.00 0.00 48.00 85.00 46.00 90.00 39.00 23.00 0.00 0.00 8.00 0.00 55.00 90.00 75.00 79.00 68.00 79.00 60.00 8.00 9.00 37.00 47.00 0.00 0.00 71.00 0.00 70.00 62.00 78.00 62.00 75.00 9.00 0.00 59.00 0.00 73.00 0.00 0.00 0.00 92.00 0.00 90.00 15.00
31 22.00 83.00 15.00 21.00 23.00 0.00 68.00 20.00 84.00 0.00 77.00 98.00 0.00 0.00 5.00 10.00 29.00 55.00 100.00 0.00 0.00 7.00 48.00 37.00 49.00 4.00 84.00 0.00 3.00 95.00 71.00 0.00 0.00 43.00 36.00 3.00 0.00 98.00 62.00 74.00 0.00 44.00 90.00 52.00 44.00 42.00 0.00 44.00 73.00 0.00
32 0.00 5.00 39.00 59.00 54.00 81.00 28.00 0.00 12.00 0.00 0.00 10.00 93.00 30.00 34.00 63.00 5.00 3.00 8.00 35.00 62.00 0.00 98.00 0.00 92.00 0.00 0.00 43.00 91.00 66.00 0.00 0.00 0.00 7.00 84.00 45.00 0.00 0.00 15.00 0.00 28.00 37.00 68.00 56.00 82.00 72.00 0.00 0.00 76.00 53.00
33 0.00 44.00 92.00 0.00 0.00 34.00 79.00 0.00 35.00 35.00 10.00 17.00 76.00 2.00 0.00 67.00 25.00 75.00 98.00 0.00 80.00 92.00 0.00 70.00 3.00 53.00 83.00 46.00 60.00 0.00 70.00 43.00 7.00 0.00 54.00 59.00 0.00 61.00 80.00 35.00 0.00 0.00 33.00 44.00 0.00 48.00 77.00 100.00 0.00 37.00
34 15.00 0.00 10.00 3.00 61.00 66.00 4.00 71.00 11.00 42.00 0.00 48.00 15.00 0.00 46.00 0.00 18.00 53.00 69.00 0.00 91.00 0.00 80.00 92.00 95.00 61.00 2.00 22.00 75.00 0.00 62.00 36.00 84.00 54.00 0.00 23.00 39.00 40.00 65.00 23.00 39.00 36.00 28.00 1.00 15.00 0.00 0.00 65.00 43.00 76.00
35 83.00 0.00 48.00 78.00 58.00 92.00 94.00 55.00 17.00 69.00 23.00 99.00 0.00 81.00 27.00 78.00 0.00 2.00 0.00 94.00 71.00 0.00 78.00 0.00 77.00 1.00 48.00 46.00 18.00 32.00 78.00 3.00 45.00 59.00 23.00 0.00 0.00 0.00 6.00 9.00 16.00 59.00 0.00 53.00 68.00 51.00 92.00 59.00 0.00 51.00
36 10.00 0.00 67.00 0.00 62.00 21.00 50.00 0.00 33.00 10.00 67.00 76.00 21.00 73.00 59.00 5.00 83.00 83.00 20.00 17.00 54.00 15.00 0.00 0.00 22.00 87.00 45.00 0.00 38.00 98.00 62.00 0.00 0.00 0.00 39.00 0.00 0.00 23.00 26.00 57.00 0.00 34.00 61.00 100.00 16.00 55.00 36.00 70.00 30.00 63.00
37 40.00 6.00 70.00 7.00 40.00 23.00 79.00 21.00 0.00 0.00 76.00 68.00 14.00 77.00 12.00 77.00 0.00 43.00 84.00 0.00 37.00 83.00 58.00 99.00 88.00 81.00 15.00 51.00 0.00 18.00 75.00 98.00 0.00 61.00 40.00 0.00 23.00 0.00 0.00 0.00 0.00 26.00 64.00 0.00 77.00 55.00 7.00 30.00 3.00 69.00
38 0.00 7.00 0.00 36.00 66.00 45.00 86.00 0.00 0.00 0.00 81.00 23.00 76.00 78.00 99.00 56.00 0.00 0.00 0.00 0.00 0.00 48.00 48.00 56.00 98.00 77.00 50.00 59.00 3.00 0.00 9.00 62.00 15.00 80.00 65.00 6.00 26.00 0.00 0.00 30.00 31.00 0.00 0.00 52.00 76.00 12.00 0.00 66.00 0.00 21.00
39 35.00 48.00 69.00 73.00 0.00 100.00 54.00 63.00 100.00 12.00 84.00 0.00 0.00 35.00 77.00 33.00 0.00 11.00 0.00 82.00 79.00 0.00 62.00 0.00 80.00 97.00 59.00 65.00 93.00 87.00 0.00 74.00 0.00 35.00 23.00 9.00 57.00 0.00 30.00 0.00 86.00 1.00 60.00 73.00 0.00 15.00 55.00 37.00 83.00 89.00
40 96.00 25.00 37.00 0.00 0.00 58.00 0.00 35.00 65.00 32.00 22.00 39.00 0.00 43.00 0.00 37.00 88.00 10.00 25.00 0.00 55.00 30.00 0.00 0.00 0.00 0.00 0.00 0.00 8.00 77.00 59.00 0.00 28.00 0.00 39.00 16.00 0.00 0.00 31.00 86.00 0.00 23.00 63.00 0.00 93.00 93.00 40.00 78.00 11.00 0.00
41 89.00 19.00 40.00 69.00 0.00 0.00 43.00 0.00 42.00 46.00 0.00 88.00 95.00 100.00 99.00 32.00 9.00 87.00 0.00 85.00 0.00 82.00 46.00 40.00 0.00 57.00 44.00 21.00 0.00 0.00 0.00 44.00 37.00 0.00 36.00 59.00 34.00 26.00 0.00 1.00 23.00 0.00 0.00 51.00 99.00 25.00 18.00 62.00 94.00 18.00
42 0.00 0.00 74.00 54.00 0.00 0.00 0.00 23.00 25.00 0.00 85.00 57.00 0.00 57.00 26.00 0.00 0.00 60.00 23.00 7.00 40.00 28.00 68.00 45.00 6.00 50.00 61.00 0.00 0.00 66.00 73.00 90.00 68.00 33.00 28.00 0.00 61.00 64.00 0.00 60.00 63.00 0.00 0.00 0.00 0.00 71.00 14.00 19.00 62.00 0.00
43 0.00 2.00 96.00 95.00 36.00 0.00 99.00 58.00 100.00 89.00 0.00 8.00 87.00 68.00 54.00 0.00 0.00 7.00 56.00 2.00 89.00 45.00 33.00 0.00 23.00 0.00 61.00 84.00 51.00 10.00 0.00 52.00 56.00 44.00 1.00 53.00 100.00 0.00 52.00 73.00 0.00 51.00 0.00 0.00 46.00 0.00 37.00 34.00 80.00 41.00
44 38.00 39.00 36.00 53.00 8.00 100.00 0.00 19.00 9.00 0.00 55.00 48.00 32.00 100.00 47.00 0.00 35.00 61.00 7.00 77.00 89.00 42.00 39.00 78.00 93.00 99.00 16.00 20.00 0.00 0.00 0.00 44.00 82.00 0.00 15.00 68.00 16.00 77.00 76.00 0.00 93.00 99.00 0.00 46.00 0.00 0.00 59.00 19.00 40.00 0.00
45 74.00 51.00 9.00 40.00 85.00 3.00 55.00 0.00 0.00 17.00 59.00 0.00 0.00 59.00 0.00 40.00 57.00 67.00 21.00 0.00 82.00 86.00 22.00 0.00 68.00 0.00 0.00 10.00 40.00 44.00 0.00 42.00 72.00 48.00 0.00 51.00 55.00 55.00 12.00 15.00 93.00 25.00 71.00 0.00 0.00 0.00 0.00 0.00 0.00 96.00
46 94.00 0.00 0.00 83.00 0.00 90.00 92.00 20.00 20.00 21.00 0.00 90.00 53.00 63.00 0.00 59.00 38.00 0.00 33.00 98.00 92.00 33.00 24.00 93.00 0.00 29.00 53.00 23.00 4.00 13.00 92.00 0.00 0.00 77.00 0.00 92.00 36.00 7.00 0.00 55.00 40.00 18.00 14.00 37.00 59.00 0.00 0.00 11.00 74.00 63.00
47 37.00 0.00 71.00 44.00 29.00 0.00 80.00 9.00 81.00 45.00 16.00 2.00 0.00 38.00 38.00 87.00 56.00 0.00 47.00 80.00 39.00 65.00 13.00 7.00 45.00 0.00 69.00 48.00 79.00 0.00 0.00 44.00 0.00 100.00 65.00 59.00 70.00 30.00 66.00 37.00 78.00 62.00 19.00 34.00 19.00 0.00 11.00 0.00 0.00 0.00
48 33.00 52.00 0.00 0.00 36.00 0.00 57.00 0.00 97.00 0.00 30.00 72.00 15.00 88.00 22.00 47.00 56.00 0.00 0.00 20.00 16.00 37.00 0.00 0.00 69.00 0.00 33.00 21.00 57.00 40.00 90.00 73.00 76.00 0.00 43.00 0.00 30.00 3.00 0.00 83.00 11.00 94.00 62.00 80.00 40.00 0.00 74.00 0.00 0.00 15.00
49 0.00 41.00 64.00 78.00 42.00 0.00 89.00 0.00 0.00 5.00 0.00 32.00 23.00 6.00 0.00 0.00 0.00 39.00 70.00 90.00 57.00 94.00 0.00 5.00 0.00 95.00 76.00 0.00 0.00 29.00 15.00 0.00 53.00 37.00 76.00 51.00 63.00 69.00 21.00 89.00 0.00 18.00 0.00 41.00 0.00 96.00 63.00 0.00 15.00 0.00
mcp_obj 47
mcp_gap 0
mcp_x 1 1 1 1 1 1 1 1 1 1 1 1 1 1 0 1 1 1 1 1 1 0 1 1 1 1 1 1 1 1 1 1 1 1 1 0 1 1 1 1 1 1 1 1 1 1 1 1 1 1
