NAME N50_rc_0.7_rGamma_1_dc_0.035_dGamma_0.0005_jeu_50_50_10.txt
NUM_ITEMS 50
SOURCE jeu_50_50_10
PARAMETERS
r_c 0.7
r_Gamma 1
d_c 0.035
d_Gamma 0.0005

BOUNDS
c_lb 0.00
c_ub 113.95
Gamma_lb 11
Gamma_ub 14
B_i_1_lb 0.00 0.00 0.00 0.00 0.00 0.00 0.00 0.00 0.00 0.00 0.00 0.00 0.00 0.00 0.00 0.00 0.00 0.00 0.00 0.00 0.00 0.00 0.00 0.00 0.00 0.00 0.00 0.00 0.00 0.00 0.00 0.00 0.00 0.00 0.00 0.00 0.00 0.00 0.00 0.00 0.00 0.00 0.00 0.00 0.00 0.00 0.00 0.00 0.00 0.00
B_i_1_ub 36.53 44.99 41.76 48.69 45.62 39.99 35.02 46.48 44.65 43.62 29.44 49.96 36.69 48.98 28.04 46.56 45.61 35.08 31.22 31.34 46.07 43.60 36.29 52.15 39.15 39.49 54.62 44.82 44.19 41.74 47.93 38.30 36.87 47.81 37.82 25.73 49.16 62.50 38.91 21.91 45.61 44.29 39.92 48.54 37.88 47.56 42.38 29.41 44.04 54.90
B_i_0_lb 0.00 0.00 0.00 0.00 0.00 0.00 0.00 0.00 0.00 0.00 0.00 0.00 0.00 0.00 0.00 0.00 0.00 0.00 0.00 0.00 0.00 0.00 0.00 0.00 0.00 0.00 0.00 0.00 0.00 0.00 0.00 0.00 0.00 0.00 0.00 0.00 0.00 0.00 0.00 0.00 0.00 0.00 0.00 0.00 0.00 0.00 0.00 0.00 0.00 0.00
B_i_0_ub 36.53 44.99 41.76 48.69 45.62 39.99 35.02 46.48 44.65 43.62 29.44 49.96 36.69 48.98 28.04 46.56 45.61 35.08 31.22 31.34 46.07 43.60 36.29 52.15 39.15 39.49 54.62 44.82 44.19 41.74 47.93 38.30 36.87 47.81 37.82 25.73 49.16 62.50 38.91 21.91 45.61 44.29 39.92 48.54 37.88 47.56 42.38 29.41 44.04 54.90
c_i_1_lb 38.50 0.00 0.00 0.00 0.00 63.00 0.00 0.00 69.30 11.90 65.10 0.00 22.40 0.00 0.00 13.30 21.00 0.00 0.00 28.70 51.10 18.20 0.00 0.00 0.00 0.00 11.90 0.00 0.00 63.70 0.00 0.00 23.80 6.30 0.00 66.50 38.50 0.00 32.20 0.00 65.80 18.20 59.50 0.00 8.40 32.90 0.00 0.00 13.30 0.00
c_i_1_ub 75.03 44.99 41.76 48.69 45.62 102.99 35.02 46.48 113.95 55.52 94.54 49.96 59.09 48.98 28.04 59.86 66.61 35.08 31.22 60.04 97.17 61.80 36.29 52.15 39.15 39.49 66.52 44.82 44.19 105.44 47.93 38.30 60.67 54.11 37.82 92.23 87.66 62.50 71.11 21.91 111.41 62.49 99.42 48.54 46.28 80.46 42.38 29.41 57.34 54.90
c_i_0_lb 38.50 0.00 0.00 0.00 0.00 63.00 0.00 0.00 69.30 11.90 65.10 0.00 22.40 0.00 0.00 13.30 21.00 0.00 0.00 28.70 51.10 18.20 0.00 0.00 0.00 0.00 11.90 0.00 0.00 63.70 0.00 0.00 23.80 6.30 0.00 66.50 38.50 0.00 32.20 0.00 65.80 18.20 59.50 0.00 8.40 32.90 0.00 0.00 13.30 0.00
c_i_0_ub 75.03 44.99 41.76 48.69 45.62 102.99 35.02 46.48 113.95 55.52 94.54 49.96 59.09 48.98 28.04 59.86 66.61 35.08 31.22 60.04 97.17 61.80 36.29 52.15 39.15 39.49 66.52 44.82 44.19 105.44 47.93 38.30 60.67 54.11 37.82 92.23 87.66 62.50 71.11 21.91 111.41 62.49 99.42 48.54 46.28 80.46 42.38 29.41 57.34 54.90
c_1_lb 0.00
c_1_ub 113.95
c_0_lb 0.00
c_0_ub 113.95

BOUND_TIMES
k_max_time 0.001318
Gamma_ub_time 0.000074
B_i_1_lb_time 0.001941
B_i_1_ub_time 0.001873
B_i_0_lb_time 0.001957
B_i_0_ub_time 0.002044

DDRO_PARAMETERS
a_0 11
b_0i 0 0 0 0 0 0 0 0 0 0 0 0 0 0 0 0 0 0 0 0 0 0 0 0 0 0 1 0 0 0 0 0 0 0 0 0 0 1 0 0 0 0 0 0 0 0 0 0 0 1
a_i 38.50 0.00 0.00 0.00 0.00 63.00 0.00 0.00 69.30 11.90 65.10 0.00 22.40 0.00 0.00 13.30 21.00 0.00 0.00 28.70 51.10 18.20 0.00 0.00 0.00 0.00 11.90 0.00 0.00 63.70 0.00 0.00 23.80 6.30 0.00 66.50 38.50 0.00 32.20 0.00 65.80 18.20 59.50 0.00 8.40 32.90 0.00 0.00 13.30 0.00
b_ij
0 0.00 0.49 3.33 2.87 0.00 0.70 0.00 0.00 2.07 0.00 0.00 0.00 0.74 0.00 0.00 0.00 0.00 2.45 0.00 0.00 0.00 0.00 0.00 0.98 0.00 0.00 2.49 2.91 0.00 0.00 0.00 0.56 0.00 2.28 2.73 0.39 0.00 1.02 0.07 0.00 0.00 0.00 0.00 2.31 0.00 1.72 2.21 1.79 0.70 1.72
1 0.49 0.00 0.00 0.00 1.79 1.65 0.00 2.35 1.16 1.05 0.00 0.00 2.38 1.54 0.00 0.67 2.98 0.00 0.00 2.03 0.00 0.00 3.15 0.56 0.39 2.00 0.00 1.16 1.58 0.00 0.00 0.00 0.14 2.77 0.00 0.98 0.00 0.00 0.00 0.00 3.40 1.93 0.00 2.14 0.95 1.16 1.96 0.00 0.00 2.63
2 3.33 0.00 0.00 0.00 0.00 0.00 0.67 0.00 0.00 0.00 0.00 0.00 1.61 0.00 0.00 0.00 0.00 0.00 1.96 0.00 1.54 1.58 2.35 0.00 3.01 0.84 0.74 0.49 2.59 0.00 0.00 0.00 0.00 0.00 0.00 2.07 2.45 0.00 2.31 0.00 0.00 0.07 0.00 2.28 2.10 3.29 0.00 2.10 1.37 3.01
3 2.87 0.00 0.00 0.00 0.67 0.00 0.00 0.00 1.58 0.91 0.00 3.47 3.08 0.00 0.00 3.15 2.42 0.00 0.00 0.14 0.00 0.00 0.00 2.42 0.00 0.00 0.00 0.00 2.84 0.21 3.50 3.36 2.87 0.00 1.51 0.00 2.66 2.87 0.98 2.00 0.00 0.00 0.00 2.31 0.00 0.00 0.00 0.00 2.87 0.00
4 0.00 1.79 0.00 0.67 0.00 1.65 0.81 0.00 0.00 0.00 1.09 2.98 0.00 2.07 0.00 2.14 0.00 2.73 1.37 1.72 0.56 0.00 1.89 0.81 0.00 2.00 0.91 0.07 0.56 0.00 1.93 0.42 0.00 3.22 0.00 0.00 0.00 1.68 2.07 0.00 3.47 2.28 0.00 0.00 2.84 0.00 0.00 1.89 0.00 0.00
5 0.70 1.65 0.00 0.00 1.65 0.00 1.72 0.00 0.00 0.00 0.00 0.00 0.00 0.00 2.98 0.00 0.00 0.00 0.00 0.35 0.60 2.73 2.98 2.87 0.00 0.00 1.79 0.00 2.24 3.40 0.00 0.67 0.00 0.00 0.00 0.98 0.00 0.00 2.07 0.00 0.00 1.89 3.50 0.00 1.65 3.15 0.00 0.00 0.42 0.00
6 0.00 0.00 0.67 0.00 0.81 1.72 0.00 2.35 0.00 0.00 0.00 0.35 0.14 0.00 0.32 2.52 1.82 1.54 0.00 0.00 0.00 0.00 0.98 0.00 0.81 0.00 0.00 3.33 0.00 0.00 0.00 1.68 1.51 2.87 0.00 0.00 1.68 0.00 0.00 0.95 0.00 2.31 3.26 1.86 0.00 0.00 0.00 0.00 1.54 0.00
7 0.00 2.35 0.00 0.00 0.00 0.00 2.35 0.00 3.12 3.12 1.61 0.00 1.72 0.28 0.00 2.31 1.23 0.00 0.00 3.26 0.00 1.89 0.00 3.26 0.00 0.00 1.40 2.00 0.00 1.37 0.63 2.73 0.00 3.40 0.04 0.00 0.67 3.40 0.00 0.00 0.00 1.12 0.00 0.00 0.00 0.00 0.00 0.00 3.22 0.00
8 2.07 1.16 0.00 1.58 0.00 0.00 0.00 3.12 0.00 3.43 0.00 2.49 0.00 0.77 0.00 2.10 1.58 0.00 0.00 0.00 0.00 3.33 0.28 0.00 3.12 0.21 0.00 0.00 0.04 0.00 3.22 0.00 0.00 0.00 1.96 0.00 2.98 0.00 0.00 0.28 2.87 0.00 2.35 0.00 0.00 1.26 0.00 0.00 0.98 3.47
9 0.00 1.05 0.00 0.91 0.00 0.00 0.00 3.12 3.43 0.00 0.49 0.00 0.00 1.61 3.22 0.49 1.51 0.00 0.00 0.00 2.03 1.33 0.00 2.63 3.50 0.00 0.00 0.00 0.00 0.00 0.00 2.45 0.00 0.18 0.46 0.00 0.98 3.47 2.28 0.00 3.29 1.26 0.00 0.00 0.00 2.49 0.00 0.00 1.44 0.00
10 0.00 0.00 0.00 0.00 1.09 0.00 0.00 1.61 0.00 0.49 0.00 0.00 0.00 0.00 0.00 0.00 3.50 0.00 3.12 0.28 3.50 0.00 0.49 0.00 0.56 0.00 0.91 1.26 0.32 1.51 0.00 0.00 0.00 3.47 0.00 0.00 1.26 1.19 0.00 0.00 0.67 0.00 0.00 0.00 0.00 0.00 0.00 0.00 1.51 2.70
11 0.00 0.00 0.00 3.47 2.98 0.00 0.35 0.00 2.49 0.00 0.00 0.00 0.00 3.12 0.00 0.00 2.31 0.00 1.02 3.05 0.00 2.63 0.00 2.28 0.00 0.60 0.00 0.18 2.77 2.42 0.00 0.00 3.12 0.00 1.19 0.00 0.84 0.00 0.00 2.87 2.45 1.16 0.00 2.07 2.38 0.95 2.52 0.74 0.00 0.00
12 0.74 2.38 1.61 3.08 0.00 0.00 0.14 1.72 0.00 0.00 0.00 0.00 0.00 3.26 0.00 1.33 0.00 0.00 0.00 1.82 0.00 2.91 0.00 0.00 0.00 0.28 0.00 2.94 0.00 1.37 0.00 0.00 0.00 0.00 0.00 2.35 0.35 0.00 0.00 0.00 1.72 0.00 0.00 0.00 0.00 3.29 3.12 0.00 0.00 2.28
13 0.00 1.54 0.00 0.00 2.07 0.00 0.00 0.28 0.77 1.61 0.00 3.12 3.26 0.00 1.30 2.73 0.00 1.54 1.40 0.67 1.68 0.00 0.00 0.00 0.00 0.46 1.79 0.00 2.80 0.00 0.00 0.00 0.00 2.70 1.19 3.43 0.00 2.66 0.00 0.00 0.00 0.21 0.00 0.32 3.01 0.00 1.86 0.00 3.36 3.22
14 0.00 0.00 0.00 0.00 0.00 2.98 0.32 0.00 0.00 3.22 0.00 0.00 0.00 1.30 0.00 0.00 0.53 0.84 0.00 0.00 0.00 0.00 0.35 0.00 0.00 0.49 2.63 0.00 0.00 2.80 0.00 0.00 3.50 0.07 0.00 0.00 0.00 1.37 0.00 0.00 0.00 2.49 2.70 0.00 0.00 1.68 0.00 0.00 0.00 0.77
15 0.00 0.67 0.00 3.15 2.14 0.00 2.52 2.31 2.10 0.49 0.00 0.00 1.33 2.73 0.00 0.00 1.54 0.00 0.00 0.00 2.70 0.00 2.00 0.00 0.00 1.89 2.73 0.00 0.00 0.11 0.00 0.00 2.66 0.00 0.98 0.00 1.19 2.87 0.00 0.60 2.17 0.00 0.53 1.96 0.74 0.00 0.00 1.82 0.00 2.63
16 0.00 2.98 0.00 2.42 0.00 0.00 1.82 1.23 1.58 1.51 3.50 2.31 0.00 0.00 0.53 1.54 0.00 0.00 0.00 0.00 0.00 1.30 0.00 2.59 2.10 0.00 1.09 0.00 0.00 2.07 0.00 0.00 0.00 2.35 0.00 0.00 0.91 0.00 2.49 0.00 0.00 0.00 0.00 2.59 2.42 3.40 1.26 0.46 1.16 0.00
17 2.45 0.00 0.00 0.00 2.73 0.00 1.54 0.00 0.00 0.00 0.00 0.00 0.00 1.54 0.84 0.00 0.00 0.00 0.00 0.49 0.77 0.00 0.00 0.00 1.12 1.23 0.04 1.02 3.43 0.00 2.03 2.84 0.00 0.98 2.52 0.00 0.21 0.74 0.00 0.00 1.58 0.00 0.95 0.32 2.73 0.00 0.00 1.89 0.00 1.09
18 0.00 0.00 1.96 0.00 1.37 0.00 0.00 0.00 0.00 0.00 3.12 1.02 0.00 1.40 0.00 0.00 0.00 0.00 0.00 2.24 0.00 0.00 3.29 2.73 0.00 0.49 0.00 0.00 0.00 0.00 0.00 0.00 0.00 2.28 0.00 0.00 0.53 0.00 0.00 0.00 2.45 3.33 0.00 0.28 1.30 0.00 1.54 0.00 1.89 0.00
19 0.00 2.03 0.00 0.14 1.72 0.35 0.00 3.26 0.00 0.00 0.28 3.05 1.82 0.67 0.00 0.00 0.00 0.49 2.24 0.00 0.00 0.00 0.00 1.72 0.00 0.00 0.00 0.00 0.00 0.00 2.00 0.00 0.00 0.00 2.98 0.81 0.00 2.42 1.33 0.56 0.00 0.21 0.00 0.00 0.00 0.00 3.26 0.00 0.00 0.00
20 0.00 0.00 1.54 0.00 0.56 0.60 0.00 0.00 0.00 2.03 3.50 0.00 0.00 1.68 0.00 2.70 0.00 0.77 0.00 0.00 0.00 0.35 0.00 3.12 0.00 0.39 2.73 2.38 1.05 2.10 1.93 1.68 0.00 0.00 2.59 0.00 2.10 0.00 1.09 0.00 2.56 1.58 2.80 0.00 0.00 2.10 0.00 0.00 0.00 2.14
21 0.00 0.00 1.58 0.00 0.00 2.73 0.00 1.89 3.33 1.33 0.00 2.63 2.91 0.00 0.00 0.00 1.30 0.00 0.00 0.00 0.35 0.00 2.14 2.56 0.00 0.00 1.44 2.87 0.00 0.00 2.56 0.00 0.81 0.00 0.00 0.00 2.07 3.15 1.19 0.00 0.14 1.16 0.00 3.22 0.00 2.24 0.00 0.00 0.00 0.00
22 0.00 3.15 2.35 0.00 1.89 2.98 0.98 0.00 0.28 0.00 0.49 0.00 0.00 0.00 0.35 2.00 0.00 0.00 3.29 0.00 0.00 2.14 0.00 1.40 0.00 0.00 3.01 0.00 0.00 3.50 0.00 0.32 1.75 0.00 0.00 0.00 0.00 0.00 0.00 0.00 0.00 0.81 0.00 0.00 2.73 0.00 0.00 0.00 0.00 2.87
23 0.98 0.56 0.00 2.42 0.81 2.87 0.00 3.26 0.00 2.63 0.00 2.28 0.00 0.00 0.00 0.00 2.59 0.00 2.73 1.72 3.12 2.56 1.40 0.00 0.00 3.05 1.19 1.26 0.00 0.00 0.00 0.00 1.72 0.77 1.44 0.00 2.84 2.73 0.00 0.00 0.00 0.00 0.00 0.00 3.01 0.00 0.42 0.67 0.00 3.12
24 0.00 0.39 3.01 0.00 0.00 0.00 0.81 0.00 3.12 3.50 0.56 0.00 0.00 0.00 0.00 0.00 2.10 1.12 0.00 0.00 0.00 0.00 0.00 0.00 0.00 3.36 3.36 0.00 0.00 2.94 1.40 3.47 0.60 2.56 0.00 0.00 0.00 1.44 1.19 0.00 0.81 1.05 0.00 0.32 0.00 0.00 0.18 0.00 1.86 0.00
25 0.00 2.00 0.84 0.00 2.00 0.00 0.00 0.00 0.21 0.00 0.00 0.60 0.28 0.46 0.49 1.89 0.00 1.23 0.49 0.00 0.39 0.00 0.00 3.05 3.36 0.00 0.00 0.60 0.00 3.26 1.23 0.00 0.49 0.00 0.32 0.00 0.00 1.86 2.35 0.00 0.00 2.98 0.00 0.00 1.26 1.37 1.19 0.53 2.31 2.45
26 2.49 0.00 0.74 0.00 0.91 1.79 0.00 1.40 0.00 0.00 0.91 0.00 0.00 1.79 2.63 2.73 1.09 0.04 0.00 0.00 2.73 1.44 3.01 1.19 3.36 0.00 0.00 3.50 3.05 0.00 0.98 0.00 0.95 1.86 0.00 0.00 2.38 0.60 2.49 0.00 1.23 0.00 1.58 0.67 0.00 1.54 1.09 2.94 1.51 0.00
27 2.91 1.16 0.49 0.00 0.07 0.00 3.33 2.00 0.00 0.00 1.26 0.18 2.94 0.00 0.00 0.00 0.00 1.02 0.00 0.00 2.38 2.87 0.00 1.26 0.00 0.60 3.50 0.00 0.00 0.00 2.80 0.00 0.42 0.00 0.04 0.00 2.42 3.29 0.00 0.00 0.21 0.00 2.73 2.10 1.40 0.00 0.39 0.00 0.00 3.05
28 0.00 1.58 2.59 2.84 0.56 2.24 0.00 0.00 0.04 0.00 0.32 2.77 0.00 2.80 0.00 0.00 0.00 3.43 0.00 0.00 1.05 0.00 0.00 0.00 0.00 0.00 3.05 0.00 0.00 0.00 0.00 0.00 0.88 1.33 2.38 2.87 3.15 2.42 0.67 0.00 0.00 0.00 2.73 0.35 0.35 0.00 0.53 0.00 0.00 3.26
29 0.00 0.00 0.00 0.21 0.00 3.40 0.00 1.37 0.00 0.00 1.51 2.42 1.37 0.00 2.80 0.11 2.07 0.00 0.00 0.00 2.10 0.00 3.50 0.00 2.94 3.26 0.00 0.00 0.00 0.00 0.07 0.70 0.07 0.00 2.00 0.00 1.12 0.00 0.00 0.00 2.94 3.26 0.00 1.68 0.00 1.30 0.00 0.00 1.54 0.00
30 0.00 0.00 0.00 3.50 1.93 0.00 0.00 0.63 3.22 0.00 0.00 0.00 0.00 0.00 0.00 0.00 0.00 2.03 0.00 2.00 1.93 2.56 0.00 0.00 1.40 1.23 0.98 2.80 0.00 0.07 0.00 0.00 0.00 0.00 0.00 2.84 3.08 1.68 1.51 2.38 2.07 0.00 0.00 2.80 0.00 0.28 2.35 1.96 0.00 2.70
31 0.56 0.00 0.00 3.36 0.42 0.67 1.68 2.73 0.00 2.45 0.00 0.00 0.00 0.00 0.00 0.00 0.00 2.84 0.00 0.00 1.68 0.00 0.32 0.00 3.47 0.00 0.00 0.00 0.00 0.70 0.00 0.00 2.70 2.66 0.00 1.89 0.00 3.19 0.42 0.00 0.00 0.00 0.63 3.47 0.00 0.00 0.00 0.18 2.28 0.00
32 0.00 0.14 0.00 2.87 0.00 0.00 1.51 0.00 0.00 0.00 0.00 3.12 0.00 0.00 3.50 2.66 0.00 0.00 0.00 0.00 0.00 0.81 1.75 1.72 0.60 0.49 0.95 0.42 0.88 0.07 0.00 2.70 0.00 0.00 0.56 0.00 3.08 0.00 0.00 0.00 2.45 0.00 0.00 2.28 1.89 1.26 0.00 0.00 0.00 1.16
33 2.28 2.77 0.00 0.00 3.22 0.00 2.87 3.40 0.00 0.18 3.47 0.00 0.00 2.70 0.07 0.00 2.35 0.98 2.28 0.00 0.00 0.00 0.00 0.77 2.56 0.00 1.86 0.00 1.33 0.00 0.00 2.66 0.00 0.00 1.37 0.00 0.00 0.00 0.11 0.00 0.00 2.10 2.03 0.00 3.05 0.00 0.00 0.14 3.26 0.00
34 2.73 0.00 0.00 1.51 0.00 0.00 0.00 0.04 1.96 0.46 0.00 1.19 0.00 1.19 0.00 0.98 0.00 2.52 0.00 2.98 2.59 0.00 0.00 1.44 0.00 0.32 0.00 0.04 2.38 2.00 0.00 0.00 0.56 1.37 0.00 0.00 2.24 1.16 0.00 2.24 0.35 0.00 1.02 0.00 0.00 1.96 0.00 1.26 1.33 0.00
35 0.39 0.98 2.07 0.00 0.00 0.98 0.00 0.00 0.00 0.00 0.00 0.00 2.35 3.43 0.00 0.00 0.00 0.00 0.00 0.81 0.00 0.00 0.00 0.00 0.00 0.00 0.00 0.00 2.87 0.00 2.84 1.89 0.00 0.00 0.00 0.00 0.00 0.60 0.32 0.00 0.00 0.00 0.77 2.17 0.00 0.00 0.00 3.26 0.00 0.00
36 0.00 0.00 2.45 2.66 0.00 0.00 1.68 0.67 2.98 0.98 1.26 0.84 0.35 0.00 0.00 1.19 0.91 0.21 0.53 0.00 2.10 2.07 0.00 2.84 0.00 0.00 2.38 2.42 3.15 1.12 3.08 0.00 3.08 0.00 2.24 0.00 0.00 0.11 0.00 0.00 0.00 1.30 0.00 0.00 2.42 3.47 0.00 0.00 0.00 0.67
37 1.02 0.00 0.00 2.87 1.68 0.00 0.00 3.40 0.00 3.47 1.19 0.00 0.00 2.66 1.37 2.87 0.00 0.74 0.00 2.42 0.00 3.15 0.00 2.73 1.44 1.86 0.60 3.29 2.42 0.00 1.68 3.19 0.00 0.00 1.16 0.60 0.11 0.00 2.87 3.05 1.58 0.00 0.04 0.00 0.00 1.30 3.50 2.07 0.00 2.17
38 0.07 0.00 2.31 0.98 2.07 2.07 0.00 0.00 0.00 2.28 0.00 0.00 0.00 0.00 0.00 0.00 2.49 0.00 0.00 1.33 1.09 1.19 0.00 0.00 1.19 2.35 2.49 0.00 0.67 0.00 1.51 0.42 0.00 0.11 0.00 0.32 0.00 2.87 0.00 0.00 0.00 2.87 0.00 0.00 0.70 0.00 2.94 0.00 2.24 2.35
39 0.00 0.00 0.00 2.00 0.00 0.00 0.95 0.00 0.28 0.00 0.00 2.87 0.00 0.00 0.00 0.60 0.00 0.00 0.00 0.56 0.00 0.00 0.00 0.00 0.00 0.00 0.00 0.00 0.00 0.00 2.38 0.00 0.00 0.00 2.24 0.00 0.00 3.05 0.00 0.00 1.65 0.00 3.47 0.00 0.21 1.54 0.00 0.11 0.00 0.00
40 0.00 3.40 0.00 0.00 3.47 0.00 0.00 0.00 2.87 3.29 0.67 2.45 1.72 0.00 0.00 2.17 0.00 1.58 2.45 0.00 2.56 0.14 0.00 0.00 0.81 0.00 1.23 0.21 0.00 2.94 2.07 0.00 2.45 0.00 0.35 0.00 0.00 1.58 0.00 1.65 0.00 0.18 1.05 0.00 0.25 0.25 2.45 0.00 1.37 0.00
41 0.00 1.93 0.07 0.00 2.28 1.89 2.31 1.12 0.00 1.26 0.00 1.16 0.00 0.21 2.49 0.00 0.00 0.00 3.33 0.21 1.58 1.16 0.81 0.00 1.05 2.98 0.00 0.00 0.00 3.26 0.00 0.00 0.00 2.10 0.00 0.00 1.30 0.00 2.87 0.00 0.18 0.00 3.12 2.56 0.00 0.53 1.02 0.00 1.47 0.04
42 0.00 0.00 0.00 0.00 0.00 3.50 3.26 0.00 2.35 0.00 0.00 0.00 0.00 0.00 2.70 0.53 0.00 0.95 0.00 0.00 2.80 0.00 0.00 0.00 0.00 0.00 1.58 2.73 2.73 0.00 0.00 0.63 0.00 2.03 1.02 0.77 0.00 0.04 0.00 3.47 1.05 3.12 0.00 0.00 0.00 0.00 0.00 3.22 0.00 1.44
43 2.31 2.14 2.28 2.31 0.00 0.00 1.86 0.00 0.00 0.00 0.00 2.07 0.00 0.32 0.00 1.96 2.59 0.32 0.28 0.00 0.00 3.22 0.00 0.00 0.32 0.00 0.67 2.10 0.35 1.68 2.80 3.47 2.28 0.00 0.00 2.17 0.00 0.00 0.00 0.00 0.00 2.56 0.00 0.00 0.00 0.39 3.26 2.38 2.45 0.00
44 0.00 0.95 2.10 0.00 2.84 1.65 0.00 0.00 0.00 0.00 0.00 2.38 0.00 3.01 0.00 0.74 2.42 2.73 1.30 0.00 0.00 0.00 2.73 3.01 0.00 1.26 0.00 1.40 0.35 0.00 0.00 0.00 1.89 3.05 0.00 0.00 2.42 0.00 0.70 0.21 0.25 0.00 0.00 0.00 0.00 0.00 0.00 0.00 0.49 0.00
45 1.72 1.16 3.29 0.00 0.00 3.15 0.00 0.00 1.26 2.49 0.00 0.95 3.29 0.00 1.68 0.00 3.40 0.00 0.00 0.00 2.10 2.24 0.00 0.00 0.00 1.37 1.54 0.00 0.00 1.30 0.28 0.00 1.26 0.00 1.96 0.00 3.47 1.30 0.00 1.54 0.25 0.53 0.00 0.39 0.00 0.00 2.77 0.00 1.47 1.40
46 2.21 1.96 0.00 0.00 0.00 0.00 0.00 0.00 0.00 0.00 0.00 2.52 3.12 1.86 0.00 0.00 1.26 0.00 1.54 3.26 0.00 0.00 0.00 0.42 0.18 1.19 1.09 0.39 0.53 0.00 2.35 0.00 0.00 0.00 0.00 0.00 0.00 3.50 2.94 0.00 2.45 1.02 0.00 3.26 0.00 2.77 0.00 0.00 0.00 2.56
47 1.79 0.00 2.10 0.00 1.89 0.00 0.00 0.00 0.00 0.00 0.00 0.74 0.00 0.00 0.00 1.82 0.46 1.89 0.00 0.00 0.00 0.00 0.00 0.67 0.00 0.53 2.94 0.00 0.00 0.00 1.96 0.18 0.00 0.14 1.26 3.26 0.00 2.07 0.00 0.11 0.00 0.00 3.22 2.38 0.00 0.00 0.00 0.00 0.00 0.00
48 0.70 0.00 1.37 2.87 0.00 0.42 1.54 3.22 0.98 1.44 1.51 0.00 0.00 3.36 0.00 0.00 1.16 0.00 1.89 0.00 0.00 0.00 0.00 0.00 1.86 2.31 1.51 0.00 0.00 1.54 0.00 2.28 0.00 3.26 1.33 0.00 0.00 0.00 2.24 0.00 1.37 1.47 0.00 2.45 0.49 1.47 0.00 0.00 0.00 0.00
49 1.72 2.63 3.01 0.00 0.00 0.00 0.00 0.00 3.47 0.00 2.70 0.00 2.28 3.22 0.77 2.63 0.00 1.09 0.00 0.00 2.14 0.00 2.87 3.12 0.00 2.45 0.00 3.05 3.26 0.00 2.70 0.00 1.16 0.00 0.00 0.00 0.67 2.17 2.35 0.00 0.00 0.04 1.44 0.00 0.00 1.40 2.56 0.00 0.00 0.00

ITEMS
nominal_profits 55.00 0.00 0.00 0.00 0.00 90.00 0.00 0.00 99.00 17.00 93.00 0.00 32.00 0.00 0.00 19.00 30.00 0.00 0.00 41.00 73.00 26.00 0.00 0.00 0.00 0.00 17.00 0.00 0.00 91.00 0.00 0.00 34.00 9.00 0.00 95.00 55.00 0.00 46.00 0.00 94.00 26.00 85.00 0.00 12.00 47.00 0.00 0.00 19.00 0.00
weights 35 36 13 28 45 6 50 27 31 38 8 30 47 3 34 31 28 39 36 43 4 23 48 16 8 19 48 27 33 48 18 49 7 12 39 4 11 45 25 6 38 24 48 13 15 8 1 21 36 46
capacity 1135
k_max 45

COMMENTS
original_pairwise_profits
0 0.00 14.00 95.00 82.00 0.00 20.00 0.00 0.00 59.00 0.00 0.00 0.00 21.00 0.00 0.00 0.00 0.00 70.00 0.00 0.00 0.00 0.00 0.00 28.00 0.00 0.00 71.00 83.00 0.00 0.00 0.00 16.00 0.00 65.00 78.00 11.00 0.00 29.00 2.00 0.00 0.00 0.00 0.00 66.00 0.00 49.00 63.00 51.00 20.00 49.00
1 14.00 0.00 0.00 0.00 51.00 47.00 0.00 67.00 33.00 30.00 0.00 0.00 68.00 44.00 0.00 19.00 85.00 0.00 0.00 58.00 0.00 0.00 90.00 16.00 11.00 57.00 0.00 33.00 45.00 0.00 0.00 0.00 4.00 79.00 0.00 28.00 0.00 0.00 0.00 0.00 97.00 55.00 0.00 61.00 27.00 33.00 56.00 0.00 0.00 75.00
2 95.00 0.00 0.00 0.00 0.00 0.00 19.00 0.00 0.00 0.00 0.00 0.00 46.00 0.00 0.00 0.00 0.00 0.00 56.00 0.00 44.00 45.00 67.00 0.00 86.00 24.00 21.00 14.00 74.00 0.00 0.00 0.00 0.00 0.00 0.00 59.00 70.00 0.00 66.00 0.00 0.00 2.00 0.00 65.00 60.00 94.00 0.00 60.00 39.00 86.00
3 82.00 0.00 0.00 0.00 19.00 0.00 0.00 0.00 45.00 26.00 0.00 99.00 88.00 0.00 0.00 90.00 69.00 0.00 0.00 4.00 0.00 0.00 0.00 69.00 0.00 0.00 0.00 0.00 81.00 6.00 100.00 96.00 82.00 0.00 43.00 0.00 76.00 82.00 28.00 57.00 0.00 0.00 0.00 66.00 0.00 0.00 0.00 0.00 82.00 0.00
4 0.00 51.00 0.00 19.00 0.00 47.00 23.00 0.00 0.00 0.00 31.00 85.00 0.00 59.00 0.00 61.00 0.00 78.00 39.00 49.00 16.00 0.00 54.00 23.00 0.00 57.00 26.00 2.00 16.00 0.00 55.00 12.00 0.00 92.00 0.00 0.00 0.00 48.00 59.00 0.00 99.00 65.00 0.00 0.00 81.00 0.00 0.00 54.00 0.00 0.00
5 20.00 47.00 0.00 0.00 47.00 0.00 49.00 0.00 0.00 0.00 0.00 0.00 0.00 0.00 85.00 0.00 0.00 0.00 0.00 10.00 17.00 78.00 85.00 82.00 0.00 0.00 51.00 0.00 64.00 97.00 0.00 19.00 0.00 0.00 0.00 28.00 0.00 0.00 59.00 0.00 0.00 54.00 100.00 0.00 47.00 90.00 0.00 0.00 12.00 0.00
6 0.00 0.00 19.00 0.00 23.00 49.00 0.00 67.00 0.00 0.00 0.00 10.00 4.00 0.00 9.00 72.00 52.00 44.00 0.00 0.00 0.00 0.00 28.00 0.00 23.00 0.00 0.00 95.00 0.00 0.00 0.00 48.00 43.00 82.00 0.00 0.00 48.00 0.00 0.00 27.00 0.00 66.00 93.00 53.00 0.00 0.00 0.00 0.00 44.00 0.00
7 0.00 67.00 0.00 0.00 0.00 0.00 67.00 0.00 89.00 89.00 46.00 0.00 49.00 8.00 0.00 66.00 35.00 0.00 0.00 93.00 0.00 54.00 0.00 93.00 0.00 0.00 40.00 57.00 0.00 39.00 18.00 78.00 0.00 97.00 1.00 0.00 19.00 97.00 0.00 0.00 0.00 32.00 0.00 0.00 0.00 0.00 0.00 0.00 92.00 0.00
8 59.00 33.00 0.00 45.00 0.00 0.00 0.00 89.00 0.00 98.00 0.00 71.00 0.00 22.00 0.00 60.00 45.00 0.00 0.00 0.00 0.00 95.00 8.00 0.00 89.00 6.00 0.00 0.00 1.00 0.00 92.00 0.00 0.00 0.00 56.00 0.00 85.00 0.00 0.00 8.00 82.00 0.00 67.00 0.00 0.00 36.00 0.00 0.00 28.00 99.00
9 0.00 30.00 0.00 26.00 0.00 0.00 0.00 89.00 98.00 0.00 14.00 0.00 0.00 46.00 92.00 14.00 43.00 0.00 0.00 0.00 58.00 38.00 0.00 75.00 100.00 0.00 0.00 0.00 0.00 0.00 0.00 70.00 0.00 5.00 13.00 0.00 28.00 99.00 65.00 0.00 94.00 36.00 0.00 0.00 0.00 71.00 0.00 0.00 41.00 0.00
10 0.00 0.00 0.00 0.00 31.00 0.00 0.00 46.00 0.00 14.00 0.00 0.00 0.00 0.00 0.00 0.00 100.00 0.00 89.00 8.00 100.00 0.00 14.00 0.00 16.00 0.00 26.00 36.00 9.00 43.00 0.00 0.00 0.00 99.00 0.00 0.00 36.00 34.00 0.00 0.00 19.00 0.00 0.00 0.00 0.00 0.00 0.00 0.00 43.00 77.00
11 0.00 0.00 0.00 99.00 85.00 0.00 10.00 0.00 71.00 0.00 0.00 0.00 0.00 89.00 0.00 0.00 66.00 0.00 29.00 87.00 0.00 75.00 0.00 65.00 0.00 17.00 0.00 5.00 79.00 69.00 0.00 0.00 89.00 0.00 34.00 0.00 24.00 0.00 0.00 82.00 70.00 33.00 0.00 59.00 68.00 27.00 72.00 21.00 0.00 0.00
12 21.00 68.00 46.00 88.00 0.00 0.00 4.00 49.00 0.00 0.00 0.00 0.00 0.00 93.00 0.00 38.00 0.00 0.00 0.00 52.00 0.00 83.00 0.00 0.00 0.00 8.00 0.00 84.00 0.00 39.00 0.00 0.00 0.00 0.00 0.00 67.00 10.00 0.00 0.00 0.00 49.00 0.00 0.00 0.00 0.00 94.00 89.00 0.00 0.00 65.00
13 0.00 44.00 0.00 0.00 59.00 0.00 0.00 8.00 22.00 46.00 0.00 89.00 93.00 0.00 37.00 78.00 0.00 44.00 40.00 19.00 48.00 0.00 0.00 0.00 0.00 13.00 51.00 0.00 80.00 0.00 0.00 0.00 0.00 77.00 34.00 98.00 0.00 76.00 0.00 0.00 0.00 6.00 0.00 9.00 86.00 0.00 53.00 0.00 96.00 92.00
14 0.00 0.00 0.00 0.00 0.00 85.00 9.00 0.00 0.00 92.00 0.00 0.00 0.00 37.00 0.00 0.00 15.00 24.00 0.00 0.00 0.00 0.00 10.00 0.00 0.00 14.00 75.00 0.00 0.00 80.00 0.00 0.00 100.00 2.00 0.00 0.00 0.00 39.00 0.00 0.00 0.00 71.00 77.00 0.00 0.00 48.00 0.00 0.00 0.00 22.00
15 0.00 19.00 0.00 90.00 61.00 0.00 72.00 66.00 60.00 14.00 0.00 0.00 38.00 78.00 0.00 0.00 44.00 0.00 0.00 0.00 77.00 0.00 57.00 0.00 0.00 54.00 78.00 0.00 0.00 3.00 0.00 0.00 76.00 0.00 28.00 0.00 34.00 82.00 0.00 17.00 62.00 0.00 15.00 56.00 21.00 0.00 0.00 52.00 0.00 75.00
16 0.00 85.00 0.00 69.00 0.00 0.00 52.00 35.00 45.00 43.00 100.00 66.00 0.00 0.00 15.00 44.00 0.00 0.00 0.00 0.00 0.00 37.00 0.00 74.00 60.00 0.00 31.00 0.00 0.00 59.00 0.00 0.00 0.00 67.00 0.00 0.00 26.00 0.00 71.00 0.00 0.00 0.00 0.00 74.00 69.00 97.00 36.00 13.00 33.00 0.00
17 70.00 0.00 0.00 0.00 78.00 0.00 44.00 0.00 0.00 0.00 0.00 0.00 0.00 44.00 24.00 0.00 0.00 0.00 0.00 14.00 22.00 0.00 0.00 0.00 32.00 35.00 1.00 29.00 98.00 0.00 58.00 81.00 0.00 28.00 72.00 0.00 6.00 21.00 0.00 0.00 45.00 0.00 27.00 9.00 78.00 0.00 0.00 54.00 0.00 31.00
18 0.00 0.00 56.00 0.00 39.00 0.00 0.00 0.00 0.00 0.00 89.00 29.00 0.00 40.00 0.00 0.00 0.00 0.00 0.00 64.00 0.00 0.00 94.00 78.00 0.00 14.00 0.00 0.00 0.00 0.00 0.00 0.00 0.00 65.00 0.00 0.00 15.00 0.00 0.00 0.00 70.00 95.00 0.00 8.00 37.00 0.00 44.00 0.00 54.00 0.00
19 0.00 58.00 0.00 4.00 49.00 10.00 0.00 93.00 0.00 0.00 8.00 87.00 52.00 19.00 0.00 0.00 0.00 14.00 64.00 0.00 0.00 0.00 0.00 49.00 0.00 0.00 0.00 0.00 0.00 0.00 57.00 0.00 0.00 0.00 85.00 23.00 0.00 69.00 38.00 16.00 0.00 6.00 0.00 0.00 0.00 0.00 93.00 0.00 0.00 0.00
20 0.00 0.00 44.00 0.00 16.00 17.00 0.00 0.00 0.00 58.00 100.00 0.00 0.00 48.00 0.00 77.00 0.00 22.00 0.00 0.00 0.00 10.00 0.00 89.00 0.00 11.00 78.00 68.00 30.00 60.00 55.00 48.00 0.00 0.00 74.00 0.00 60.00 0.00 31.00 0.00 73.00 45.00 80.00 0.00 0.00 60.00 0.00 0.00 0.00 61.00
21 0.00 0.00 45.00 0.00 0.00 78.00 0.00 54.00 95.00 38.00 0.00 75.00 83.00 0.00 0.00 0.00 37.00 0.00 0.00 0.00 10.00 0.00 61.00 73.00 0.00 0.00 41.00 82.00 0.00 0.00 73.00 0.00 23.00 0.00 0.00 0.00 59.00 90.00 34.00 0.00 4.00 33.00 0.00 92.00 0.00 64.00 0.00 0.00 0.00 0.00
22 0.00 90.00 67.00 0.00 54.00 85.00 28.00 0.00 8.00 0.00 14.00 0.00 0.00 0.00 10.00 57.00 0.00 0.00 94.00 0.00 0.00 61.00 0.00 40.00 0.00 0.00 86.00 0.00 0.00 100.00 0.00 9.00 50.00 0.00 0.00 0.00 0.00 0.00 0.00 0.00 0.00 23.00 0.00 0.00 78.00 0.00 0.00 0.00 0.00 82.00
23 28.00 16.00 0.00 69.00 23.00 82.00 0.00 93.00 0.00 75.00 0.00 65.00 0.00 0.00 0.00 0.00 74.00 0.00 78.00 49.00 89.00 73.00 40.00 0.00 0.00 87.00 34.00 36.00 0.00 0.00 0.00 0.00 49.00 22.00 41.00 0.00 81.00 78.00 0.00 0.00 0.00 0.00 0.00 0.00 86.00 0.00 12.00 19.00 0.00 89.00
24 0.00 11.00 86.00 0.00 0.00 0.00 23.00 0.00 89.00 100.00 16.00 0.00 0.00 0.00 0.00 0.00 60.00 32.00 0.00 0.00 0.00 0.00 0.00 0.00 0.00 96.00 96.00 0.00 0.00 84.00 40.00 99.00 17.00 73.00 0.00 0.00 0.00 41.00 34.00 0.00 23.00 30.00 0.00 9.00 0.00 0.00 5.00 0.00 53.00 0.00
25 0.00 57.00 24.00 0.00 57.00 0.00 0.00 0.00 6.00 0.00 0.00 17.00 8.00 13.00 14.00 54.00 0.00 35.00 14.00 0.00 11.00 0.00 0.00 87.00 96.00 0.00 0.00 17.00 0.00 93.00 35.00 0.00 14.00 0.00 9.00 0.00 0.00 53.00 67.00 0.00 0.00 85.00 0.00 0.00 36.00 39.00 34.00 15.00 66.00 70.00
26 71.00 0.00 21.00 0.00 26.00 51.00 0.00 40.00 0.00 0.00 26.00 0.00 0.00 51.00 75.00 78.00 31.00 1.00 0.00 0.00 78.00 41.00 86.00 34.00 96.00 0.00 0.00 100.00 87.00 0.00 28.00 0.00 27.00 53.00 0.00 0.00 68.00 17.00 71.00 0.00 35.00 0.00 45.00 19.00 0.00 44.00 31.00 84.00 43.00 0.00
27 83.00 33.00 14.00 0.00 2.00 0.00 95.00 57.00 0.00 0.00 36.00 5.00 84.00 0.00 0.00 0.00 0.00 29.00 0.00 0.00 68.00 82.00 0.00 36.00 0.00 17.00 100.00 0.00 0.00 0.00 80.00 0.00 12.00 0.00 1.00 0.00 69.00 94.00 0.00 0.00 6.00 0.00 78.00 60.00 40.00 0.00 11.00 0.00 0.00 87.00
28 0.00 45.00 74.00 81.00 16.00 64.00 0.00 0.00 1.00 0.00 9.00 79.00 0.00 80.00 0.00 0.00 0.00 98.00 0.00 0.00 30.00 0.00 0.00 0.00 0.00 0.00 87.00 0.00 0.00 0.00 0.00 0.00 25.00 38.00 68.00 82.00 90.00 69.00 19.00 0.00 0.00 0.00 78.00 10.00 10.00 0.00 15.00 0.00 0.00 93.00
29 0.00 0.00 0.00 6.00 0.00 97.00 0.00 39.00 0.00 0.00 43.00 69.00 39.00 0.00 80.00 3.00 59.00 0.00 0.00 0.00 60.00 0.00 100.00 0.00 84.00 93.00 0.00 0.00 0.00 0.00 2.00 20.00 2.00 0.00 57.00 0.00 32.00 0.00 0.00 0.00 84.00 93.00 0.00 48.00 0.00 37.00 0.00 0.00 44.00 0.00
30 0.00 0.00 0.00 100.00 55.00 0.00 0.00 18.00 92.00 0.00 0.00 0.00 0.00 0.00 0.00 0.00 0.00 58.00 0.00 57.00 55.00 73.00 0.00 0.00 40.00 35.00 28.00 80.00 0.00 2.00 0.00 0.00 0.00 0.00 0.00 81.00 88.00 48.00 43.00 68.00 59.00 0.00 0.00 80.00 0.00 8.00 67.00 56.00 0.00 77.00
31 16.00 0.00 0.00 96.00 12.00 19.00 48.00 78.00 0.00 70.00 0.00 0.00 0.00 0.00 0.00 0.00 0.00 81.00 0.00 0.00 48.00 0.00 9.00 0.00 99.00 0.00 0.00 0.00 0.00 20.00 0.00 0.00 77.00 76.00 0.00 54.00 0.00 91.00 12.00 0.00 0.00 0.00 18.00 99.00 0.00 0.00 0.00 5.00 65.00 0.00
32 0.00 4.00 0.00 82.00 0.00 0.00 43.00 0.00 0.00 0.00 0.00 89.00 0.00 0.00 100.00 76.00 0.00 0.00 0.00 0.00 0.00 23.00 50.00 49.00 17.00 14.00 27.00 12.00 25.00 2.00 0.00 77.00 0.00 0.00 16.00 0.00 88.00 0.00 0.00 0.00 70.00 0.00 0.00 65.00 54.00 36.00 0.00 0.00 0.00 33.00
33 65.00 79.00 0.00 0.00 92.00 0.00 82.00 97.00 0.00 5.00 99.00 0.00 0.00 77.00 2.00 0.00 67.00 28.00 65.00 0.00 0.00 0.00 0.00 22.00 73.00 0.00 53.00 0.00 38.00 0.00 0.00 76.00 0.00 0.00 39.00 0.00 0.00 0.00 3.00 0.00 0.00 60.00 58.00 0.00 87.00 0.00 0.00 4.00 93.00 0.00
34 78.00 0.00 0.00 43.00 0.00 0.00 0.00 1.00 56.00 13.00 0.00 34.00 0.00 34.00 0.00 28.00 0.00 72.00 0.00 85.00 74.00 0.00 0.00 41.00 0.00 9.00 0.00 1.00 68.00 57.00 0.00 0.00 16.00 39.00 0.00 0.00 64.00 33.00 0.00 64.00 10.00 0.00 29.00 0.00 0.00 56.00 0.00 36.00 38.00 0.00
35 11.00 28.00 59.00 0.00 0.00 28.00 0.00 0.00 0.00 0.00 0.00 0.00 67.00 98.00 0.00 0.00 0.00 0.00 0.00 23.00 0.00 0.00 0.00 0.00 0.00 0.00 0.00 0.00 82.00 0.00 81.00 54.00 0.00 0.00 0.00 0.00 0.00 17.00 9.00 0.00 0.00 0.00 22.00 62.00 0.00 0.00 0.00 93.00 0.00 0.00
36 0.00 0.00 70.00 76.00 0.00 0.00 48.00 19.00 85.00 28.00 36.00 24.00 10.00 0.00 0.00 34.00 26.00 6.00 15.00 0.00 60.00 59.00 0.00 81.00 0.00 0.00 68.00 69.00 90.00 32.00 88.00 0.00 88.00 0.00 64.00 0.00 0.00 3.00 0.00 0.00 0.00 37.00 0.00 0.00 69.00 99.00 0.00 0.00 0.00 19.00
37 29.00 0.00 0.00 82.00 48.00 0.00 0.00 97.00 0.00 99.00 34.00 0.00 0.00 76.00 39.00 82.00 0.00 21.00 0.00 69.00 0.00 90.00 0.00 78.00 41.00 53.00 17.00 94.00 69.00 0.00 48.00 91.00 0.00 0.00 33.00 17.00 3.00 0.00 82.00 87.00 45.00 0.00 1.00 0.00 0.00 37.00 100.00 59.00 0.00 62.00
38 2.00 0.00 66.00 28.00 59.00 59.00 0.00 0.00 0.00 65.00 0.00 0.00 0.00 0.00 0.00 0.00 71.00 0.00 0.00 38.00 31.00 34.00 0.00 0.00 34.00 67.00 71.00 0.00 19.00 0.00 43.00 12.00 0.00 3.00 0.00 9.00 0.00 82.00 0.00 0.00 0.00 82.00 0.00 0.00 20.00 0.00 84.00 0.00 64.00 67.00
39 0.00 0.00 0.00 57.00 0.00 0.00 27.00 0.00 8.00 0.00 0.00 82.00 0.00 0.00 0.00 17.00 0.00 0.00 0.00 16.00 0.00 0.00 0.00 0.00 0.00 0.00 0.00 0.00 0.00 0.00 68.00 0.00 0.00 0.00 64.00 0.00 0.00 87.00 0.00 0.00 47.00 0.00 99.00 0.00 6.00 44.00 0.00 3.00 0.00 0.00
40 0.00 97.00 0.00 0.00 99.00 0.00 0.00 0.00 82.00 94.00 19.00 70.00 49.00 0.00 0.00 62.00 0.00 45.00 70.00 0.00 73.00 4.00 0.00 0.00 23.00 0.00 35.00 6.00 0.00 84.00 59.00 0.00 70.00 0.00 10.00 0.00 0.00 45.00 0.00 47.00 0.00 5.00 30.00 0.00 7.00 7.00 70.00 0.00 39.00 0.00
41 0.00 55.00 2.00 0.00 65.00 54.00 66.00 32.00 0.00 36.00 0.00 33.00 0.00 6.00 71.00 0.00 0.00 0.00 95.00 6.00 45.00 33.00 23.00 0.00 30.00 85.00 0.00 0.00 0.00 93.00 0.00 0.00 0.00 60.00 0.00 0.00 37.00 0.00 82.00 0.00 5.00 0.00 89.00 73.00 0.00 15.00 29.00 0.00 42.00 1.00
42 0.00 0.00 0.00 0.00 0.00 100.00 93.00 0.00 67.00 0.00 0.00 0.00 0.00 0.00 77.00 15.00 0.00 27.00 0.00 0.00 80.00 0.00 0.00 0.00 0.00 0.00 45.00 78.00 78.00 0.00 0.00 18.00 0.00 58.00 29.00 22.00 0.00 1.00 0.00 99.00 30.00 89.00 0.00 0.00 0.00 0.00 0.00 92.00 0.00 41.00
43 66.00 61.00 65.00 66.00 0.00 0.00 53.00 0.00 0.00 0.00 0.00 59.00 0.00 9.00 0.00 56.00 74.00 9.00 8.00 0.00 0.00 92.00 0.00 0.00 9.00 0.00 19.00 60.00 10.00 48.00 80.00 99.00 65.00 0.00 0.00 62.00 0.00 0.00 0.00 0.00 0.00 73.00 0.00 0.00 0.00 11.00 93.00 68.00 70.00 0.00
44 0.00 27.00 60.00 0.00 81.00 47.00 0.00 0.00 0.00 0.00 0.00 68.00 0.00 86.00 0.00 21.00 69.00 78.00 37.00 0.00 0.00 0.00 78.00 86.00 0.00 36.00 0.00 40.00 10.00 0.00 0.00 0.00 54.00 87.00 0.00 0.00 69.00 0.00 20.00 6.00 7.00 0.00 0.00 0.00 0.00 0.00 0.00 0.00 14.00 0.00
45 49.00 33.00 94.00 0.00 0.00 90.00 0.00 0.00 36.00 71.00 0.00 27.00 94.00 0.00 48.00 0.00 97.00 0.00 0.00 0.00 60.00 64.00 0.00 0.00 0.00 39.00 44.00 0.00 0.00 37.00 8.00 0.00 36.00 0.00 56.00 0.00 99.00 37.00 0.00 44.00 7.00 15.00 0.00 11.00 0.00 0.00 79.00 0.00 42.00 40.00
46 63.00 56.00 0.00 0.00 0.00 0.00 0.00 0.00 0.00 0.00 0.00 72.00 89.00 53.00 0.00 0.00 36.00 0.00 44.00 93.00 0.00 0.00 0.00 12.00 5.00 34.00 31.00 11.00 15.00 0.00 67.00 0.00 0.00 0.00 0.00 0.00 0.00 100.00 84.00 0.00 70.00 29.00 0.00 93.00 0.00 79.00 0.00 0.00 0.00 73.00
47 51.00 0.00 60.00 0.00 54.00 0.00 0.00 0.00 0.00 0.00 0.00 21.00 0.00 0.00 0.00 52.00 13.00 54.00 0.00 0.00 0.00 0.00 0.00 19.00 0.00 15.00 84.00 0.00 0.00 0.00 56.00 5.00 0.00 4.00 36.00 93.00 0.00 59.00 0.00 3.00 0.00 0.00 92.00 68.00 0.00 0.00 0.00 0.00 0.00 0.00
48 20.00 0.00 39.00 82.00 0.00 12.00 44.00 92.00 28.00 41.00 43.00 0.00 0.00 96.00 0.00 0.00 33.00 0.00 54.00 0.00 0.00 0.00 0.00 0.00 53.00 66.00 43.00 0.00 0.00 44.00 0.00 65.00 0.00 93.00 38.00 0.00 0.00 0.00 64.00 0.00 39.00 42.00 0.00 70.00 14.00 42.00 0.00 0.00 0.00 0.00
49 49.00 75.00 86.00 0.00 0.00 0.00 0.00 0.00 99.00 0.00 77.00 0.00 65.00 92.00 22.00 75.00 0.00 31.00 0.00 0.00 61.00 0.00 82.00 89.00 0.00 70.00 0.00 87.00 93.00 0.00 77.00 0.00 33.00 0.00 0.00 0.00 19.00 62.00 67.00 0.00 0.00 1.00 41.00 0.00 0.00 40.00 73.00 0.00 0.00 0.00
mcp_obj 45
mcp_gap 0
mcp_x 1 1 1 1 1 1 0 1 1 1 1 1 1 1 1 1 1 1 1 1 1 1 1 1 1 1 0 1 1 0 1 0 1 1 1 1 1 1 1 1 1 1 0 1 1 1 1 1 1 1
