NAME N50_rc_0.7_rGamma_1_dc_0.035_dGamma_0.0005_jeu_50_50_5.txt
NUM_ITEMS 50
SOURCE jeu_50_50_5
PARAMETERS
r_c 0.7
r_Gamma 1
d_c 0.035
d_Gamma 0.0005

BOUNDS
c_lb 0.00
c_ub 118.63
Gamma_lb 11
Gamma_ub 14
B_i_1_lb 0.00 0.00 0.00 0.00 0.00 0.00 0.00 0.00 0.00 0.00 0.00 0.00 0.00 0.00 0.00 0.00 0.00 0.00 0.00 0.00 0.00 0.00 0.00 0.00 0.00 0.00 0.00 0.00 0.00 0.00 0.00 0.00 0.00 0.00 0.00 0.00 0.00 0.00 0.00 0.00 0.00 0.00 0.00 0.00 0.00 0.00 0.00 0.00 0.00 0.00
B_i_1_ub 48.21 51.68 46.55 42.53 32.49 37.45 49.30 43.40 37.49 45.03 54.11 37.44 42.50 22.40 35.79 36.11 43.55 51.24 39.78 39.26 39.08 47.26 43.26 49.82 45.58 51.25 49.07 34.26 52.90 50.15 36.43 57.65 62.76 39.57 43.07 37.35 47.93 36.44 51.46 40.05 42.53 52.13 54.97 33.77 30.41 49.26 50.61 36.71 40.62 46.46
B_i_0_lb 0.00 0.00 0.00 0.00 0.00 0.00 0.00 0.00 0.00 0.00 0.00 0.00 0.00 0.00 0.00 0.00 0.00 0.00 0.00 0.00 0.00 0.00 0.00 0.00 0.00 0.00 0.00 0.00 0.00 0.00 0.00 0.00 0.00 0.00 0.00 0.00 0.00 0.00 0.00 0.00 0.00 0.00 0.00 0.00 0.00 0.00 0.00 0.00 0.00 0.00
B_i_0_ub 48.21 51.68 46.55 42.53 32.49 37.45 49.30 43.40 37.49 45.03 54.11 37.44 42.50 22.40 35.79 36.11 43.55 51.24 39.78 39.26 39.08 47.26 43.26 49.82 45.58 51.25 49.07 34.26 52.90 50.15 36.43 57.65 62.76 39.57 43.07 37.35 47.93 36.44 51.46 40.05 42.53 52.13 54.97 33.77 30.41 49.26 50.61 36.71 40.62 46.46
c_i_1_lb 0.00 0.00 0.00 0.00 0.00 0.00 0.00 17.50 0.00 0.00 0.00 19.60 0.00 0.00 0.00 33.60 0.00 50.40 0.00 0.00 0.00 49.70 11.20 52.50 63.00 0.00 0.00 24.50 20.30 14.00 0.00 39.20 0.00 50.40 0.00 31.50 39.20 4.20 39.20 0.00 0.00 66.50 19.60 0.00 6.30 9.10 0.00 0.00 60.90 0.00
c_i_1_ub 48.21 51.68 46.55 42.53 32.49 37.45 49.30 60.90 37.49 45.03 54.11 57.04 42.50 22.40 35.79 69.71 43.55 101.64 39.78 39.26 39.08 96.96 54.46 102.32 108.58 51.25 49.07 58.76 73.20 64.15 36.43 96.85 62.76 89.97 43.07 68.85 87.13 40.64 90.66 40.05 42.53 118.63 74.57 33.77 36.71 58.36 50.61 36.71 101.52 46.46
c_i_0_lb 0.00 0.00 0.00 0.00 0.00 0.00 0.00 17.50 0.00 0.00 0.00 19.60 0.00 0.00 0.00 33.60 0.00 50.40 0.00 0.00 0.00 49.70 11.20 52.50 63.00 0.00 0.00 24.50 20.30 14.00 0.00 39.20 0.00 50.40 0.00 31.50 39.20 4.20 39.20 0.00 0.00 66.50 19.60 0.00 6.30 9.10 0.00 0.00 60.90 0.00
c_i_0_ub 48.21 51.68 46.55 42.53 32.49 37.45 49.30 60.90 37.49 45.03 54.11 57.04 42.50 22.40 35.79 69.71 43.55 101.64 39.78 39.26 39.08 96.96 54.46 102.32 108.58 51.25 49.07 58.76 73.20 64.15 36.43 96.85 62.76 89.97 43.07 68.85 87.13 40.64 90.66 40.05 42.53 118.63 74.57 33.77 36.71 58.36 50.61 36.71 101.52 46.46
c_1_lb 0.00
c_1_ub 118.63
c_0_lb 0.00
c_0_ub 118.63

BOUND_TIMES
k_max_time 0.001125
Gamma_ub_time 0.000072
B_i_1_lb_time 0.001901
B_i_1_ub_time 0.001950
B_i_0_lb_time 0.001999
B_i_0_ub_time 0.001983

DDRO_PARAMETERS
a_0 11
b_0i 0 0 0 0 0 0 0 0 0 0 0 0 0 0 0 0 0 0 0 0 0 0 0 0 0 0 0 0 0 0 0 1 1 0 0 0 0 0 0 0 0 0 1 0 0 0 0 0 0 0
a_i 0.00 0.00 0.00 0.00 0.00 0.00 0.00 17.50 0.00 0.00 0.00 19.60 0.00 0.00 0.00 33.60 0.00 50.40 0.00 0.00 0.00 49.70 11.20 52.50 63.00 0.00 0.00 24.50 20.30 14.00 0.00 39.20 0.00 50.40 0.00 31.50 39.20 4.20 39.20 0.00 0.00 66.50 19.60 0.00 6.30 9.10 0.00 0.00 60.90 0.00
b_ij
0 0.00 2.94 0.00 1.58 2.31 0.00 3.29 3.50 0.74 1.05 0.00 0.00 2.80 0.00 0.00 1.75 2.87 3.33 1.19 1.79 0.00 0.00 0.00 0.98 0.00 2.07 0.00 0.00 0.00 3.22 0.00 0.00 0.00 0.00 2.42 0.00 0.00 0.00 0.00 2.35 0.00 1.58 0.00 0.81 0.77 1.30 0.98 0.42 2.17 0.00
1 2.94 0.00 2.80 0.00 0.49 0.00 1.30 0.00 0.00 0.00 2.45 1.86 0.95 2.45 0.00 0.00 0.00 0.00 0.00 3.29 0.00 1.65 0.74 3.43 0.00 3.12 0.14 1.58 0.00 0.00 0.00 2.77 3.26 0.00 1.30 1.75 3.22 0.00 3.50 3.47 0.00 0.00 0.00 0.00 0.00 0.00 1.61 0.00 1.61 0.00
2 0.00 2.80 0.00 0.39 0.18 0.00 2.94 0.32 0.00 2.66 3.12 1.51 2.56 0.00 0.35 0.00 0.56 3.05 0.00 0.00 0.00 1.02 2.28 1.05 2.98 0.00 0.00 0.00 0.00 0.00 0.00 0.00 0.00 0.84 2.49 1.61 2.63 0.00 2.52 0.00 1.09 0.00 2.73 0.00 1.82 0.00 1.54 0.81 0.70 0.00
3 1.58 0.00 0.39 0.00 0.00 0.18 3.43 1.23 0.00 3.15 3.36 0.00 0.18 0.00 0.00 0.00 1.19 2.56 2.03 0.39 0.00 1.51 0.00 0.00 0.00 0.60 1.30 1.54 0.00 0.00 0.00 1.12 0.00 3.15 1.72 0.84 0.00 0.00 2.07 0.00 2.84 0.00 0.00 0.00 0.00 2.45 1.30 0.00 0.00 2.42
4 2.31 0.49 0.18 0.00 0.00 0.42 0.00 0.00 0.00 0.53 0.00 0.00 0.00 0.00 0.39 3.33 0.11 3.36 0.00 2.24 0.00 0.00 2.56 0.00 0.00 0.00 3.26 2.42 0.00 0.28 0.00 3.33 0.00 0.00 0.00 1.54 1.47 0.00 1.40 0.00 1.26 0.00 0.07 0.00 0.00 0.35 1.19 0.00 0.00 0.00
5 0.00 0.00 0.00 0.18 0.42 0.00 0.60 0.00 0.53 0.00 1.51 0.00 1.40 0.00 0.00 0.00 0.00 0.00 0.00 3.26 0.00 0.00 0.00 0.00 2.63 1.72 2.59 2.66 2.00 1.23 0.00 0.04 0.00 1.82 2.24 0.00 0.14 2.21 0.00 1.33 2.56 0.00 3.26 0.00 0.00 0.00 0.07 0.00 0.00 3.05
6 3.29 1.30 2.94 3.43 0.00 0.60 0.00 0.00 0.00 0.00 2.94 0.00 0.00 3.08 0.00 1.37 0.00 0.14 2.87 0.00 2.00 0.00 0.11 1.23 2.45 0.98 0.00 0.00 0.00 1.93 0.00 0.00 0.42 0.67 0.00 0.91 0.00 3.19 2.63 0.00 0.81 0.00 0.00 0.00 0.00 0.00 2.52 2.45 1.68 3.36
7 3.50 0.00 0.32 1.23 0.00 0.00 0.00 0.00 0.00 0.00 3.19 0.63 0.07 0.00 0.98 0.39 0.00 1.16 0.21 1.37 3.36 0.91 3.22 0.11 3.19 1.23 0.84 0.00 0.00 0.00 0.00 2.73 0.00 3.33 0.00 0.00 1.44 0.00 0.77 0.00 0.00 0.00 2.00 2.56 1.40 0.04 2.94 0.00 0.28 0.00
8 0.74 0.00 0.00 0.00 0.00 0.53 0.00 0.00 0.00 0.00 0.84 0.00 0.00 0.00 2.84 0.00 0.00 2.49 1.72 0.00 2.63 0.00 0.00 0.00 0.00 0.00 0.00 2.42 2.84 2.77 0.00 0.00 2.73 2.24 0.00 0.00 0.60 0.35 3.05 0.00 0.00 2.14 0.04 0.00 0.00 0.67 3.33 1.12 0.00 1.40
9 1.05 0.00 2.66 3.15 0.53 0.00 0.00 0.00 0.00 0.00 1.58 0.88 2.42 0.18 2.80 0.00 0.00 3.50 1.54 0.00 0.00 0.42 0.00 1.58 0.98 0.00 3.26 2.80 1.26 0.00 0.00 0.32 0.00 0.00 0.00 0.00 0.00 1.51 0.00 3.43 0.07 2.38 1.12 0.00 0.00 0.00 0.00 3.33 2.28 0.00
10 0.00 2.45 3.12 3.36 0.00 1.51 2.94 3.19 0.84 1.58 0.00 2.45 0.00 0.00 1.19 2.28 0.00 0.77 0.35 1.86 0.00 0.00 0.00 2.38 0.00 2.07 0.00 0.00 0.25 0.00 2.77 0.00 1.75 0.00 0.00 0.88 1.82 1.89 0.00 2.87 2.70 1.33 0.00 0.74 0.07 0.00 0.00 3.05 1.65 0.00
11 0.00 1.86 1.51 0.00 0.00 0.00 0.00 0.63 0.00 0.88 2.45 0.00 0.00 0.00 1.86 0.00 2.00 2.59 0.00 0.00 2.52 0.00 0.00 1.37 1.82 0.00 0.95 0.00 0.00 0.00 2.21 0.60 2.45 0.00 0.00 1.93 1.40 0.00 0.00 2.38 2.87 0.00 0.39 0.00 1.86 0.00 0.49 0.00 0.00 0.42
12 2.80 0.95 2.56 0.18 0.00 1.40 0.00 0.07 0.00 2.42 0.00 0.00 0.00 0.00 0.84 0.00 0.00 2.77 1.86 1.51 0.00 2.80 3.40 0.39 0.00 0.00 1.23 0.53 0.00 2.87 0.00 0.95 0.18 2.14 0.00 0.00 0.00 0.00 2.03 2.14 0.00 0.00 3.36 0.00 0.00 2.35 0.00 0.00 0.77 0.00
13 0.00 2.45 0.00 0.00 0.00 0.00 3.08 0.00 0.00 0.18 0.00 0.00 0.00 0.00 0.00 0.00 0.00 0.00 0.28 0.84 2.31 0.39 0.81 0.25 0.07 0.00 1.93 0.35 0.00 0.00 0.98 0.00 0.00 0.00 0.00 2.52 0.00 0.00 0.00 0.00 0.00 0.00 0.00 0.04 2.52 0.00 0.00 0.00 3.40 0.00
14 0.00 0.00 0.35 0.00 0.39 0.00 0.00 0.98 2.84 2.80 1.19 1.86 0.84 0.00 0.00 2.59 0.00 0.00 2.98 0.00 0.00 2.63 0.00 0.00 0.00 0.88 0.00 0.00 0.00 2.52 0.00 0.18 1.23 0.00 2.59 2.03 0.04 0.91 1.68 0.00 0.00 0.00 0.00 0.74 0.00 1.72 0.00 0.00 0.49 1.33
15 1.75 0.00 0.00 0.00 3.33 0.00 1.37 0.39 0.00 0.00 2.28 0.00 0.00 0.00 2.59 0.00 2.59 0.00 0.81 0.00 0.60 0.00 0.00 0.00 2.00 0.25 0.07 0.00 2.94 1.47 2.94 0.00 0.67 0.00 0.00 0.00 1.02 0.25 1.19 0.00 0.84 0.00 3.40 0.00 0.00 2.94 0.42 0.00 0.00 0.00
16 2.87 0.00 0.56 1.19 0.11 0.00 0.00 0.00 0.00 0.00 0.00 2.00 0.00 0.00 0.00 2.59 0.00 0.00 0.00 2.03 0.00 1.54 0.00 3.01 2.00 2.66 3.50 0.00 2.21 1.65 1.33 0.00 0.00 0.00 2.66 1.75 1.30 0.00 0.00 0.00 0.00 0.00 2.49 0.32 1.26 0.00 0.00 2.87 1.65 0.00
17 3.33 0.00 3.05 2.56 3.36 0.00 0.14 1.16 2.49 3.50 0.77 2.59 2.77 0.00 0.00 0.00 0.00 0.00 0.00 0.00 0.00 0.00 1.65 1.61 0.00 0.74 3.47 0.00 0.00 1.79 0.00 1.54 0.00 0.00 2.77 2.24 0.28 0.00 1.51 1.96 2.00 0.00 2.10 0.00 0.00 0.00 0.00 0.00 1.86 0.00
18 1.19 0.00 0.00 2.03 0.00 0.00 2.87 0.21 1.72 1.54 0.35 0.00 1.86 0.28 2.98 0.81 0.00 0.00 0.00 0.00 0.00 1.16 1.72 1.19 0.00 0.00 0.00 0.00 1.75 0.00 0.00 0.07 1.19 0.32 1.23 3.01 2.73 3.26 0.42 1.82 0.46 0.00 0.00 0.46 0.00 0.00 1.54 0.00 0.00 1.61
19 1.79 3.29 0.00 0.39 2.24 3.26 0.00 1.37 0.00 0.00 1.86 0.00 1.51 0.84 0.00 0.00 2.03 0.00 0.00 0.00 0.67 0.00 0.00 2.59 0.00 1.61 2.00 2.00 0.00 0.00 0.98 0.00 0.00 0.00 0.00 0.00 0.00 0.98 2.56 2.03 0.00 1.93 0.00 0.00 0.00 0.00 0.63 0.00 2.70 0.00
20 0.00 0.00 0.00 0.00 0.00 0.00 2.00 3.36 2.63 0.00 0.00 2.52 0.00 2.31 0.00 0.60 0.00 0.00 0.00 0.67 0.00 0.70 0.00 0.84 0.07 0.00 3.15 0.00 2.35 0.77 2.98 0.25 3.47 0.00 0.00 0.00 0.28 0.07 3.19 0.00 0.00 1.86 0.00 0.00 1.40 3.01 0.00 0.60 0.00 0.00
21 0.00 1.65 1.02 1.51 0.00 0.00 0.00 0.91 0.00 0.42 0.00 0.00 2.80 0.39 2.63 0.00 1.54 0.00 1.16 0.00 0.70 0.00 0.49 0.00 0.00 3.01 0.00 1.96 1.09 0.60 0.00 1.75 0.00 0.00 1.86 2.00 2.42 1.65 0.84 0.00 2.63 0.00 0.56 1.79 2.38 1.54 0.00 1.68 2.14 2.14
22 0.00 0.74 2.28 0.00 2.56 0.00 0.11 3.22 0.00 0.00 0.00 0.00 3.40 0.81 0.00 0.00 0.00 1.65 1.72 0.00 0.00 0.49 0.00 0.00 1.86 0.00 0.00 0.00 2.84 0.00 0.00 1.30 3.36 2.66 3.47 0.91 1.79 0.42 0.00 0.00 0.00 1.65 1.33 0.00 1.54 0.21 0.00 0.00 2.94 0.00
23 0.98 3.43 1.05 0.00 0.00 0.00 1.23 0.11 0.00 1.58 2.38 1.37 0.39 0.25 0.00 0.00 3.01 1.61 1.19 2.59 0.84 0.00 0.00 0.00 1.02 3.12 0.00 0.00 0.67 3.12 0.00 2.14 2.10 0.07 3.12 1.23 0.00 0.00 3.01 0.00 0.00 0.88 1.75 0.21 0.00 0.88 2.42 2.07 0.00 0.00
24 0.00 0.00 2.98 0.00 0.00 2.63 2.45 3.19 0.00 0.98 0.00 1.82 0.00 0.07 0.00 2.00 2.00 0.00 0.00 0.00 0.07 0.00 1.86 1.02 0.00 0.95 1.93 0.00 0.00 2.42 0.00 0.84 3.08 1.44 0.81 1.19 0.00 0.11 0.00 0.00 0.00 0.00 3.40 2.91 2.94 0.00 1.23 0.00 0.00 1.26
25 2.07 3.12 0.00 0.60 0.00 1.72 0.98 1.23 0.00 0.00 2.07 0.00 0.00 0.00 0.88 0.25 2.66 0.74 0.00 1.61 0.00 3.01 0.00 3.12 0.95 0.00 0.00 0.00 3.15 0.00 3.22 3.47 1.86 0.00 3.40 1.51 0.00 1.54 0.00 0.00 2.03 0.00 0.00 1.12 0.00 2.28 2.10 0.00 0.00 0.56
26 0.00 0.14 0.00 1.30 3.26 2.59 0.00 0.84 0.00 3.26 0.00 0.95 1.23 1.93 0.00 0.07 3.50 3.47 0.00 2.00 3.15 0.00 0.00 0.00 1.93 0.00 0.00 0.00 3.50 1.05 1.26 0.00 3.12 0.00 0.00 0.00 1.51 0.14 0.00 2.45 0.00 0.00 3.33 0.00 0.00 2.07 0.21 0.00 0.00 0.81
27 0.00 1.58 0.00 1.54 2.42 2.66 0.00 0.00 2.42 2.80 0.00 0.00 0.53 0.35 0.00 0.00 0.00 0.00 0.00 2.00 0.00 1.96 0.00 0.00 0.00 0.00 0.00 0.00 0.46 0.00 0.35 1.16 3.40 0.00 0.11 0.00 1.44 0.00 1.96 0.00 2.84 2.03 0.00 0.00 0.00 0.00 0.00 0.25 2.00 0.00
28 0.00 0.00 0.00 0.00 0.00 2.00 0.00 0.00 2.84 1.26 0.25 0.00 0.00 0.00 0.00 2.94 2.21 0.00 1.75 0.00 2.35 1.09 2.84 0.67 0.00 3.15 3.50 0.46 0.00 3.05 0.00 3.15 3.12 1.33 0.25 0.04 0.00 0.00 2.21 0.00 0.84 3.08 0.00 2.98 0.00 3.40 0.00 0.91 0.00 1.23
29 3.22 0.00 0.00 0.00 0.28 1.23 1.93 0.00 2.77 0.00 0.00 0.00 2.87 0.00 2.52 1.47 1.65 1.79 0.00 0.00 0.77 0.60 0.00 3.12 2.42 0.00 1.05 0.00 3.05 0.00 0.00 0.00 0.00 1.44 1.23 0.00 0.00 0.46 2.21 3.33 0.32 1.40 0.00 0.88 0.46 0.46 2.38 2.07 0.25 2.52
30 0.00 0.00 0.00 0.00 0.00 0.00 0.00 0.00 0.00 0.00 2.77 2.21 0.00 0.98 0.00 2.94 1.33 0.00 0.00 0.98 2.98 0.00 0.00 0.00 0.00 3.22 1.26 0.35 0.00 0.00 0.00 2.45 0.00 2.03 0.00 0.00 2.35 2.38 0.00 0.00 0.00 1.26 3.08 0.00 0.00 1.86 0.00 2.00 0.00 0.00
31 0.00 2.77 0.00 1.12 3.33 0.04 0.00 2.73 0.00 0.32 0.00 0.60 0.95 0.00 0.18 0.00 0.00 1.54 0.07 0.00 0.25 1.75 1.30 2.14 0.84 3.47 0.00 1.16 3.15 0.00 2.45 0.00 2.24 2.31 0.00 0.00 3.50 0.00 1.68 0.00 2.80 3.15 3.26 1.51 0.00 1.23 2.73 0.00 0.00 3.08
32 0.00 3.26 0.00 0.00 0.00 0.00 0.42 0.00 2.73 0.00 1.75 2.45 0.18 0.00 1.23 0.67 0.00 0.00 1.19 0.00 3.47 0.00 3.36 2.10 3.08 1.86 3.12 3.40 3.12 0.00 0.00 2.24 0.00 0.00 0.00 0.00 0.00 2.77 0.00 1.51 0.04 1.05 2.24 1.82 2.56 3.33 1.61 2.70 0.00 3.50
33 0.00 0.00 0.84 3.15 0.00 1.82 0.67 3.33 2.24 0.00 0.00 0.00 2.14 0.00 0.00 0.00 0.00 0.00 0.32 0.00 0.00 0.00 2.66 0.07 1.44 0.00 0.00 0.00 1.33 1.44 2.03 2.31 0.00 0.00 0.25 0.00 0.88 0.00 0.00 0.00 2.84 2.84 0.00 2.66 2.21 0.00 0.00 0.00 0.00 2.10
34 2.42 1.30 2.49 1.72 0.00 2.24 0.00 0.00 0.00 0.00 0.00 0.00 0.00 0.00 2.59 0.00 2.66 2.77 1.23 0.00 0.00 1.86 3.47 3.12 0.81 3.40 0.00 0.11 0.25 1.23 0.00 0.00 0.00 0.25 0.00 0.04 0.00 0.00 0.00 0.00 2.56 3.50 0.00 0.00 1.12 0.00 0.00 1.40 0.00 0.53
35 0.00 1.75 1.61 0.84 1.54 0.00 0.91 0.00 0.00 0.00 0.88 1.93 0.00 2.52 2.03 0.00 1.75 2.24 3.01 0.00 0.00 2.00 0.91 1.23 1.19 1.51 0.00 0.00 0.04 0.00 0.00 0.00 0.00 0.00 0.04 0.00 2.03 0.00 3.36 0.00 0.00 0.00 2.73 0.00 0.00 0.00 0.00 0.00 0.00 1.30
36 0.00 3.22 2.63 0.00 1.47 0.14 0.00 1.44 0.60 0.00 1.82 1.40 0.00 0.00 0.04 1.02 1.30 0.28 2.73 0.00 0.28 2.42 1.79 0.00 0.00 0.00 1.51 1.44 0.00 0.00 2.35 3.50 0.00 0.88 0.00 2.03 0.00 1.44 3.01 0.00 0.00 2.35 0.46 1.72 0.00 0.00 3.40 0.00 0.00 1.26
37 0.00 0.00 0.00 0.00 0.00 2.21 3.19 0.00 0.35 1.51 1.89 0.00 0.00 0.00 0.91 0.25 0.00 0.00 3.26 0.98 0.07 1.65 0.42 0.00 0.11 1.54 0.14 0.00 0.00 0.46 2.38 0.00 2.77 0.00 0.00 0.00 1.44 0.00 0.00 0.67 0.70 0.00 1.05 0.14 2.00 2.77 0.00 2.42 1.16 0.00
38 0.00 3.50 2.52 2.07 1.40 0.00 2.63 0.77 3.05 0.00 0.00 0.00 2.03 0.00 1.68 1.19 0.00 1.51 0.42 2.56 3.19 0.84 0.00 3.01 0.00 0.00 0.00 1.96 2.21 2.21 0.00 1.68 0.00 0.00 0.00 3.36 3.01 0.00 0.00 0.60 0.28 0.00 0.00 2.24 0.00 0.42 1.12 0.00 0.00 0.00
39 2.35 3.47 0.00 0.00 0.00 1.33 0.00 0.00 0.00 3.43 2.87 2.38 2.14 0.00 0.00 0.00 0.00 1.96 1.82 2.03 0.00 0.00 0.00 0.00 0.00 0.00 2.45 0.00 0.00 3.33 0.00 0.00 1.51 0.00 0.00 0.00 0.00 0.67 0.60 0.00 0.00 0.91 3.29 0.00 0.28 0.00 0.00 1.30 1.65 0.28
40 0.00 0.00 1.09 2.84 1.26 2.56 0.81 0.00 0.00 0.07 2.70 2.87 0.00 0.00 0.00 0.84 0.00 2.00 0.46 0.00 0.00 2.63 0.00 0.00 0.00 2.03 0.00 2.84 0.84 0.32 0.00 2.80 0.04 2.84 2.56 0.00 0.00 0.70 0.28 0.00 0.00 1.26 2.49 0.00 0.00 0.00 3.33 0.00 0.00 0.07
41 1.58 0.00 0.00 0.00 0.00 0.00 0.00 0.00 2.14 2.38 1.33 0.00 0.00 0.00 0.00 0.00 0.00 0.00 0.00 1.93 1.86 0.00 1.65 0.88 0.00 0.00 0.00 2.03 3.08 1.40 1.26 3.15 1.05 2.84 3.50 0.00 2.35 0.00 0.00 0.91 1.26 0.00 0.00 2.17 2.73 3.22 2.24 2.28 1.12 1.79
42 0.00 0.00 2.73 0.00 0.07 3.26 0.00 2.00 0.04 1.12 0.00 0.39 3.36 0.00 0.00 3.40 2.49 2.10 0.00 0.00 0.00 0.56 1.33 1.75 3.40 0.00 3.33 0.00 0.00 0.00 3.08 3.26 2.24 0.00 0.00 2.73 0.46 1.05 0.00 3.29 2.49 0.00 0.00 2.80 0.00 0.00 2.10 0.00 0.14 0.00
43 0.81 0.00 0.00 0.00 0.00 0.00 0.00 2.56 0.00 0.00 0.74 0.00 0.00 0.04 0.74 0.00 0.32 0.00 0.46 0.00 0.00 1.79 0.00 0.21 2.91 1.12 0.00 0.00 2.98 0.88 0.00 1.51 1.82 2.66 0.00 0.00 1.72 0.14 2.24 0.00 0.00 2.17 2.80 0.00 0.00 2.87 0.00 0.00 0.28 0.00
44 0.77 0.00 1.82 0.00 0.00 0.00 0.00 1.40 0.00 0.00 0.07 1.86 0.00 2.52 0.00 0.00 1.26 0.00 0.00 0.00 1.40 2.38 1.54 0.00 2.94 0.00 0.00 0.00 0.00 0.46 0.00 0.00 2.56 2.21 1.12 0.00 0.00 2.00 0.00 0.28 0.00 2.73 0.00 0.00 0.00 0.00 0.00 0.00 0.00 1.09
45 1.30 0.00 0.00 2.45 0.35 0.00 0.00 0.04 0.67 0.00 0.00 0.00 2.35 0.00 1.72 2.94 0.00 0.00 0.00 0.00 3.01 1.54 0.21 0.88 0.00 2.28 2.07 0.00 3.40 0.46 1.86 1.23 3.33 0.00 0.00 0.00 0.00 2.77 0.42 0.00 0.00 3.22 0.00 2.87 0.00 0.00 1.16 2.63 0.77 3.33
46 0.98 1.61 1.54 1.30 1.19 0.07 2.52 2.94 3.33 0.00 0.00 0.49 0.00 0.00 0.00 0.42 0.00 0.00 1.54 0.63 0.00 0.00 0.00 2.42 1.23 2.10 0.21 0.00 0.00 2.38 0.00 2.73 1.61 0.00 0.00 0.00 3.40 0.00 1.12 0.00 3.33 2.24 2.10 0.00 0.00 1.16 0.00 0.00 3.29 2.73
47 0.42 0.00 0.81 0.00 0.00 0.00 2.45 0.00 1.12 3.33 3.05 0.00 0.00 0.00 0.00 0.00 2.87 0.00 0.00 0.00 0.60 1.68 0.00 2.07 0.00 0.00 0.00 0.25 0.91 2.07 2.00 0.00 2.70 0.00 1.40 0.00 0.00 2.42 0.00 1.30 0.00 2.28 0.00 0.00 0.00 2.63 0.00 0.00 0.35 0.00
48 2.17 1.61 0.70 0.00 0.00 0.00 1.68 0.28 0.00 2.28 1.65 0.00 0.77 3.40 0.49 0.00 1.65 1.86 0.00 2.70 0.00 2.14 2.94 0.00 0.00 0.00 0.00 2.00 0.00 0.25 0.00 0.00 0.00 0.00 0.00 0.00 0.00 1.16 0.00 1.65 0.00 1.12 0.14 0.28 0.00 0.77 3.29 0.35 0.00 3.29
49 0.00 0.00 0.00 2.42 0.00 3.05 3.36 0.00 1.40 0.00 0.00 0.42 0.00 0.00 1.33 0.00 0.00 0.00 1.61 0.00 0.00 2.14 0.00 0.00 1.26 0.56 0.81 0.00 1.23 2.52 0.00 3.08 3.50 2.10 0.53 1.30 1.26 0.00 0.00 0.28 0.07 1.79 0.00 0.00 1.09 3.33 2.73 0.00 3.29 0.00

ITEMS
nominal_profits 0.00 0.00 0.00 0.00 0.00 0.00 0.00 25.00 0.00 0.00 0.00 28.00 0.00 0.00 0.00 48.00 0.00 72.00 0.00 0.00 0.00 71.00 16.00 75.00 90.00 0.00 0.00 35.00 29.00 20.00 0.00 56.00 0.00 72.00 0.00 45.00 56.00 6.00 56.00 0.00 0.00 95.00 28.00 0.00 9.00 13.00 0.00 0.00 87.00 0.00
weights 42 34 18 7 1 20 13 26 39 26 33 36 32 32 46 15 9 44 19 44 15 23 29 25 21 42 16 18 40 46 23 19 7 6 50 40 12 14 38 18 20 27 28 7 5 13 8 13 19 30
capacity 964
k_max 44

COMMENTS
original_pairwise_profits
0 0.00 84.00 0.00 45.00 66.00 0.00 94.00 100.00 21.00 30.00 0.00 0.00 80.00 0.00 0.00 50.00 82.00 95.00 34.00 51.00 0.00 0.00 0.00 28.00 0.00 59.00 0.00 0.00 0.00 92.00 0.00 0.00 0.00 0.00 69.00 0.00 0.00 0.00 0.00 67.00 0.00 45.00 0.00 23.00 22.00 37.00 28.00 12.00 62.00 0.00
1 84.00 0.00 80.00 0.00 14.00 0.00 37.00 0.00 0.00 0.00 70.00 53.00 27.00 70.00 0.00 0.00 0.00 0.00 0.00 94.00 0.00 47.00 21.00 98.00 0.00 89.00 4.00 45.00 0.00 0.00 0.00 79.00 93.00 0.00 37.00 50.00 92.00 0.00 100.00 99.00 0.00 0.00 0.00 0.00 0.00 0.00 46.00 0.00 46.00 0.00
2 0.00 80.00 0.00 11.00 5.00 0.00 84.00 9.00 0.00 76.00 89.00 43.00 73.00 0.00 10.00 0.00 16.00 87.00 0.00 0.00 0.00 29.00 65.00 30.00 85.00 0.00 0.00 0.00 0.00 0.00 0.00 0.00 0.00 24.00 71.00 46.00 75.00 0.00 72.00 0.00 31.00 0.00 78.00 0.00 52.00 0.00 44.00 23.00 20.00 0.00
3 45.00 0.00 11.00 0.00 0.00 5.00 98.00 35.00 0.00 90.00 96.00 0.00 5.00 0.00 0.00 0.00 34.00 73.00 58.00 11.00 0.00 43.00 0.00 0.00 0.00 17.00 37.00 44.00 0.00 0.00 0.00 32.00 0.00 90.00 49.00 24.00 0.00 0.00 59.00 0.00 81.00 0.00 0.00 0.00 0.00 70.00 37.00 0.00 0.00 69.00
4 66.00 14.00 5.00 0.00 0.00 12.00 0.00 0.00 0.00 15.00 0.00 0.00 0.00 0.00 11.00 95.00 3.00 96.00 0.00 64.00 0.00 0.00 73.00 0.00 0.00 0.00 93.00 69.00 0.00 8.00 0.00 95.00 0.00 0.00 0.00 44.00 42.00 0.00 40.00 0.00 36.00 0.00 2.00 0.00 0.00 10.00 34.00 0.00 0.00 0.00
5 0.00 0.00 0.00 5.00 12.00 0.00 17.00 0.00 15.00 0.00 43.00 0.00 40.00 0.00 0.00 0.00 0.00 0.00 0.00 93.00 0.00 0.00 0.00 0.00 75.00 49.00 74.00 76.00 57.00 35.00 0.00 1.00 0.00 52.00 64.00 0.00 4.00 63.00 0.00 38.00 73.00 0.00 93.00 0.00 0.00 0.00 2.00 0.00 0.00 87.00
6 94.00 37.00 84.00 98.00 0.00 17.00 0.00 0.00 0.00 0.00 84.00 0.00 0.00 88.00 0.00 39.00 0.00 4.00 82.00 0.00 57.00 0.00 3.00 35.00 70.00 28.00 0.00 0.00 0.00 55.00 0.00 0.00 12.00 19.00 0.00 26.00 0.00 91.00 75.00 0.00 23.00 0.00 0.00 0.00 0.00 0.00 72.00 70.00 48.00 96.00
7 100.00 0.00 9.00 35.00 0.00 0.00 0.00 0.00 0.00 0.00 91.00 18.00 2.00 0.00 28.00 11.00 0.00 33.00 6.00 39.00 96.00 26.00 92.00 3.00 91.00 35.00 24.00 0.00 0.00 0.00 0.00 78.00 0.00 95.00 0.00 0.00 41.00 0.00 22.00 0.00 0.00 0.00 57.00 73.00 40.00 1.00 84.00 0.00 8.00 0.00
8 21.00 0.00 0.00 0.00 0.00 15.00 0.00 0.00 0.00 0.00 24.00 0.00 0.00 0.00 81.00 0.00 0.00 71.00 49.00 0.00 75.00 0.00 0.00 0.00 0.00 0.00 0.00 69.00 81.00 79.00 0.00 0.00 78.00 64.00 0.00 0.00 17.00 10.00 87.00 0.00 0.00 61.00 1.00 0.00 0.00 19.00 95.00 32.00 0.00 40.00
9 30.00 0.00 76.00 90.00 15.00 0.00 0.00 0.00 0.00 0.00 45.00 25.00 69.00 5.00 80.00 0.00 0.00 100.00 44.00 0.00 0.00 12.00 0.00 45.00 28.00 0.00 93.00 80.00 36.00 0.00 0.00 9.00 0.00 0.00 0.00 0.00 0.00 43.00 0.00 98.00 2.00 68.00 32.00 0.00 0.00 0.00 0.00 95.00 65.00 0.00
10 0.00 70.00 89.00 96.00 0.00 43.00 84.00 91.00 24.00 45.00 0.00 70.00 0.00 0.00 34.00 65.00 0.00 22.00 10.00 53.00 0.00 0.00 0.00 68.00 0.00 59.00 0.00 0.00 7.00 0.00 79.00 0.00 50.00 0.00 0.00 25.00 52.00 54.00 0.00 82.00 77.00 38.00 0.00 21.00 2.00 0.00 0.00 87.00 47.00 0.00
11 0.00 53.00 43.00 0.00 0.00 0.00 0.00 18.00 0.00 25.00 70.00 0.00 0.00 0.00 53.00 0.00 57.00 74.00 0.00 0.00 72.00 0.00 0.00 39.00 52.00 0.00 27.00 0.00 0.00 0.00 63.00 17.00 70.00 0.00 0.00 55.00 40.00 0.00 0.00 68.00 82.00 0.00 11.00 0.00 53.00 0.00 14.00 0.00 0.00 12.00
12 80.00 27.00 73.00 5.00 0.00 40.00 0.00 2.00 0.00 69.00 0.00 0.00 0.00 0.00 24.00 0.00 0.00 79.00 53.00 43.00 0.00 80.00 97.00 11.00 0.00 0.00 35.00 15.00 0.00 82.00 0.00 27.00 5.00 61.00 0.00 0.00 0.00 0.00 58.00 61.00 0.00 0.00 96.00 0.00 0.00 67.00 0.00 0.00 22.00 0.00
13 0.00 70.00 0.00 0.00 0.00 0.00 88.00 0.00 0.00 5.00 0.00 0.00 0.00 0.00 0.00 0.00 0.00 0.00 8.00 24.00 66.00 11.00 23.00 7.00 2.00 0.00 55.00 10.00 0.00 0.00 28.00 0.00 0.00 0.00 0.00 72.00 0.00 0.00 0.00 0.00 0.00 0.00 0.00 1.00 72.00 0.00 0.00 0.00 97.00 0.00
14 0.00 0.00 10.00 0.00 11.00 0.00 0.00 28.00 81.00 80.00 34.00 53.00 24.00 0.00 0.00 74.00 0.00 0.00 85.00 0.00 0.00 75.00 0.00 0.00 0.00 25.00 0.00 0.00 0.00 72.00 0.00 5.00 35.00 0.00 74.00 58.00 1.00 26.00 48.00 0.00 0.00 0.00 0.00 21.00 0.00 49.00 0.00 0.00 14.00 38.00
15 50.00 0.00 0.00 0.00 95.00 0.00 39.00 11.00 0.00 0.00 65.00 0.00 0.00 0.00 74.00 0.00 74.00 0.00 23.00 0.00 17.00 0.00 0.00 0.00 57.00 7.00 2.00 0.00 84.00 42.00 84.00 0.00 19.00 0.00 0.00 0.00 29.00 7.00 34.00 0.00 24.00 0.00 97.00 0.00 0.00 84.00 12.00 0.00 0.00 0.00
16 82.00 0.00 16.00 34.00 3.00 0.00 0.00 0.00 0.00 0.00 0.00 57.00 0.00 0.00 0.00 74.00 0.00 0.00 0.00 58.00 0.00 44.00 0.00 86.00 57.00 76.00 100.00 0.00 63.00 47.00 38.00 0.00 0.00 0.00 76.00 50.00 37.00 0.00 0.00 0.00 0.00 0.00 71.00 9.00 36.00 0.00 0.00 82.00 47.00 0.00
17 95.00 0.00 87.00 73.00 96.00 0.00 4.00 33.00 71.00 100.00 22.00 74.00 79.00 0.00 0.00 0.00 0.00 0.00 0.00 0.00 0.00 0.00 47.00 46.00 0.00 21.00 99.00 0.00 0.00 51.00 0.00 44.00 0.00 0.00 79.00 64.00 8.00 0.00 43.00 56.00 57.00 0.00 60.00 0.00 0.00 0.00 0.00 0.00 53.00 0.00
18 34.00 0.00 0.00 58.00 0.00 0.00 82.00 6.00 49.00 44.00 10.00 0.00 53.00 8.00 85.00 23.00 0.00 0.00 0.00 0.00 0.00 33.00 49.00 34.00 0.00 0.00 0.00 0.00 50.00 0.00 0.00 2.00 34.00 9.00 35.00 86.00 78.00 93.00 12.00 52.00 13.00 0.00 0.00 13.00 0.00 0.00 44.00 0.00 0.00 46.00
19 51.00 94.00 0.00 11.00 64.00 93.00 0.00 39.00 0.00 0.00 53.00 0.00 43.00 24.00 0.00 0.00 58.00 0.00 0.00 0.00 19.00 0.00 0.00 74.00 0.00 46.00 57.00 57.00 0.00 0.00 28.00 0.00 0.00 0.00 0.00 0.00 0.00 28.00 73.00 58.00 0.00 55.00 0.00 0.00 0.00 0.00 18.00 0.00 77.00 0.00
20 0.00 0.00 0.00 0.00 0.00 0.00 57.00 96.00 75.00 0.00 0.00 72.00 0.00 66.00 0.00 17.00 0.00 0.00 0.00 19.00 0.00 20.00 0.00 24.00 2.00 0.00 90.00 0.00 67.00 22.00 85.00 7.00 99.00 0.00 0.00 0.00 8.00 2.00 91.00 0.00 0.00 53.00 0.00 0.00 40.00 86.00 0.00 17.00 0.00 0.00
21 0.00 47.00 29.00 43.00 0.00 0.00 0.00 26.00 0.00 12.00 0.00 0.00 80.00 11.00 75.00 0.00 44.00 0.00 33.00 0.00 20.00 0.00 14.00 0.00 0.00 86.00 0.00 56.00 31.00 17.00 0.00 50.00 0.00 0.00 53.00 57.00 69.00 47.00 24.00 0.00 75.00 0.00 16.00 51.00 68.00 44.00 0.00 48.00 61.00 61.00
22 0.00 21.00 65.00 0.00 73.00 0.00 3.00 92.00 0.00 0.00 0.00 0.00 97.00 23.00 0.00 0.00 0.00 47.00 49.00 0.00 0.00 14.00 0.00 0.00 53.00 0.00 0.00 0.00 81.00 0.00 0.00 37.00 96.00 76.00 99.00 26.00 51.00 12.00 0.00 0.00 0.00 47.00 38.00 0.00 44.00 6.00 0.00 0.00 84.00 0.00
23 28.00 98.00 30.00 0.00 0.00 0.00 35.00 3.00 0.00 45.00 68.00 39.00 11.00 7.00 0.00 0.00 86.00 46.00 34.00 74.00 24.00 0.00 0.00 0.00 29.00 89.00 0.00 0.00 19.00 89.00 0.00 61.00 60.00 2.00 89.00 35.00 0.00 0.00 86.00 0.00 0.00 25.00 50.00 6.00 0.00 25.00 69.00 59.00 0.00 0.00
24 0.00 0.00 85.00 0.00 0.00 75.00 70.00 91.00 0.00 28.00 0.00 52.00 0.00 2.00 0.00 57.00 57.00 0.00 0.00 0.00 2.00 0.00 53.00 29.00 0.00 27.00 55.00 0.00 0.00 69.00 0.00 24.00 88.00 41.00 23.00 34.00 0.00 3.00 0.00 0.00 0.00 0.00 97.00 83.00 84.00 0.00 35.00 0.00 0.00 36.00
25 59.00 89.00 0.00 17.00 0.00 49.00 28.00 35.00 0.00 0.00 59.00 0.00 0.00 0.00 25.00 7.00 76.00 21.00 0.00 46.00 0.00 86.00 0.00 89.00 27.00 0.00 0.00 0.00 90.00 0.00 92.00 99.00 53.00 0.00 97.00 43.00 0.00 44.00 0.00 0.00 58.00 0.00 0.00 32.00 0.00 65.00 60.00 0.00 0.00 16.00
26 0.00 4.00 0.00 37.00 93.00 74.00 0.00 24.00 0.00 93.00 0.00 27.00 35.00 55.00 0.00 2.00 100.00 99.00 0.00 57.00 90.00 0.00 0.00 0.00 55.00 0.00 0.00 0.00 100.00 30.00 36.00 0.00 89.00 0.00 0.00 0.00 43.00 4.00 0.00 70.00 0.00 0.00 95.00 0.00 0.00 59.00 6.00 0.00 0.00 23.00
27 0.00 45.00 0.00 44.00 69.00 76.00 0.00 0.00 69.00 80.00 0.00 0.00 15.00 10.00 0.00 0.00 0.00 0.00 0.00 57.00 0.00 56.00 0.00 0.00 0.00 0.00 0.00 0.00 13.00 0.00 10.00 33.00 97.00 0.00 3.00 0.00 41.00 0.00 56.00 0.00 81.00 58.00 0.00 0.00 0.00 0.00 0.00 7.00 57.00 0.00
28 0.00 0.00 0.00 0.00 0.00 57.00 0.00 0.00 81.00 36.00 7.00 0.00 0.00 0.00 0.00 84.00 63.00 0.00 50.00 0.00 67.00 31.00 81.00 19.00 0.00 90.00 100.00 13.00 0.00 87.00 0.00 90.00 89.00 38.00 7.00 1.00 0.00 0.00 63.00 0.00 24.00 88.00 0.00 85.00 0.00 97.00 0.00 26.00 0.00 35.00
29 92.00 0.00 0.00 0.00 8.00 35.00 55.00 0.00 79.00 0.00 0.00 0.00 82.00 0.00 72.00 42.00 47.00 51.00 0.00 0.00 22.00 17.00 0.00 89.00 69.00 0.00 30.00 0.00 87.00 0.00 0.00 0.00 0.00 41.00 35.00 0.00 0.00 13.00 63.00 95.00 9.00 40.00 0.00 25.00 13.00 13.00 68.00 59.00 7.00 72.00
30 0.00 0.00 0.00 0.00 0.00 0.00 0.00 0.00 0.00 0.00 79.00 63.00 0.00 28.00 0.00 84.00 38.00 0.00 0.00 28.00 85.00 0.00 0.00 0.00 0.00 92.00 36.00 10.00 0.00 0.00 0.00 70.00 0.00 58.00 0.00 0.00 67.00 68.00 0.00 0.00 0.00 36.00 88.00 0.00 0.00 53.00 0.00 57.00 0.00 0.00
31 0.00 79.00 0.00 32.00 95.00 1.00 0.00 78.00 0.00 9.00 0.00 17.00 27.00 0.00 5.00 0.00 0.00 44.00 2.00 0.00 7.00 50.00 37.00 61.00 24.00 99.00 0.00 33.00 90.00 0.00 70.00 0.00 64.00 66.00 0.00 0.00 100.00 0.00 48.00 0.00 80.00 90.00 93.00 43.00 0.00 35.00 78.00 0.00 0.00 88.00
32 0.00 93.00 0.00 0.00 0.00 0.00 12.00 0.00 78.00 0.00 50.00 70.00 5.00 0.00 35.00 19.00 0.00 0.00 34.00 0.00 99.00 0.00 96.00 60.00 88.00 53.00 89.00 97.00 89.00 0.00 0.00 64.00 0.00 0.00 0.00 0.00 0.00 79.00 0.00 43.00 1.00 30.00 64.00 52.00 73.00 95.00 46.00 77.00 0.00 100.00
33 0.00 0.00 24.00 90.00 0.00 52.00 19.00 95.00 64.00 0.00 0.00 0.00 61.00 0.00 0.00 0.00 0.00 0.00 9.00 0.00 0.00 0.00 76.00 2.00 41.00 0.00 0.00 0.00 38.00 41.00 58.00 66.00 0.00 0.00 7.00 0.00 25.00 0.00 0.00 0.00 81.00 81.00 0.00 76.00 63.00 0.00 0.00 0.00 0.00 60.00
34 69.00 37.00 71.00 49.00 0.00 64.00 0.00 0.00 0.00 0.00 0.00 0.00 0.00 0.00 74.00 0.00 76.00 79.00 35.00 0.00 0.00 53.00 99.00 89.00 23.00 97.00 0.00 3.00 7.00 35.00 0.00 0.00 0.00 7.00 0.00 1.00 0.00 0.00 0.00 0.00 73.00 100.00 0.00 0.00 32.00 0.00 0.00 40.00 0.00 15.00
35 0.00 50.00 46.00 24.00 44.00 0.00 26.00 0.00 0.00 0.00 25.00 55.00 0.00 72.00 58.00 0.00 50.00 64.00 86.00 0.00 0.00 57.00 26.00 35.00 34.00 43.00 0.00 0.00 1.00 0.00 0.00 0.00 0.00 0.00 1.00 0.00 58.00 0.00 96.00 0.00 0.00 0.00 78.00 0.00 0.00 0.00 0.00 0.00 0.00 37.00
36 0.00 92.00 75.00 0.00 42.00 4.00 0.00 41.00 17.00 0.00 52.00 40.00 0.00 0.00 1.00 29.00 37.00 8.00 78.00 0.00 8.00 69.00 51.00 0.00 0.00 0.00 43.00 41.00 0.00 0.00 67.00 100.00 0.00 25.00 0.00 58.00 0.00 41.00 86.00 0.00 0.00 67.00 13.00 49.00 0.00 0.00 97.00 0.00 0.00 36.00
37 0.00 0.00 0.00 0.00 0.00 63.00 91.00 0.00 10.00 43.00 54.00 0.00 0.00 0.00 26.00 7.00 0.00 0.00 93.00 28.00 2.00 47.00 12.00 0.00 3.00 44.00 4.00 0.00 0.00 13.00 68.00 0.00 79.00 0.00 0.00 0.00 41.00 0.00 0.00 19.00 20.00 0.00 30.00 4.00 57.00 79.00 0.00 69.00 33.00 0.00
38 0.00 100.00 72.00 59.00 40.00 0.00 75.00 22.00 87.00 0.00 0.00 0.00 58.00 0.00 48.00 34.00 0.00 43.00 12.00 73.00 91.00 24.00 0.00 86.00 0.00 0.00 0.00 56.00 63.00 63.00 0.00 48.00 0.00 0.00 0.00 96.00 86.00 0.00 0.00 17.00 8.00 0.00 0.00 64.00 0.00 12.00 32.00 0.00 0.00 0.00
39 67.00 99.00 0.00 0.00 0.00 38.00 0.00 0.00 0.00 98.00 82.00 68.00 61.00 0.00 0.00 0.00 0.00 56.00 52.00 58.00 0.00 0.00 0.00 0.00 0.00 0.00 70.00 0.00 0.00 95.00 0.00 0.00 43.00 0.00 0.00 0.00 0.00 19.00 17.00 0.00 0.00 26.00 94.00 0.00 8.00 0.00 0.00 37.00 47.00 8.00
40 0.00 0.00 31.00 81.00 36.00 73.00 23.00 0.00 0.00 2.00 77.00 82.00 0.00 0.00 0.00 24.00 0.00 57.00 13.00 0.00 0.00 75.00 0.00 0.00 0.00 58.00 0.00 81.00 24.00 9.00 0.00 80.00 1.00 81.00 73.00 0.00 0.00 20.00 8.00 0.00 0.00 36.00 71.00 0.00 0.00 0.00 95.00 0.00 0.00 2.00
41 45.00 0.00 0.00 0.00 0.00 0.00 0.00 0.00 61.00 68.00 38.00 0.00 0.00 0.00 0.00 0.00 0.00 0.00 0.00 55.00 53.00 0.00 47.00 25.00 0.00 0.00 0.00 58.00 88.00 40.00 36.00 90.00 30.00 81.00 100.00 0.00 67.00 0.00 0.00 26.00 36.00 0.00 0.00 62.00 78.00 92.00 64.00 65.00 32.00 51.00
42 0.00 0.00 78.00 0.00 2.00 93.00 0.00 57.00 1.00 32.00 0.00 11.00 96.00 0.00 0.00 97.00 71.00 60.00 0.00 0.00 0.00 16.00 38.00 50.00 97.00 0.00 95.00 0.00 0.00 0.00 88.00 93.00 64.00 0.00 0.00 78.00 13.00 30.00 0.00 94.00 71.00 0.00 0.00 80.00 0.00 0.00 60.00 0.00 4.00 0.00
43 23.00 0.00 0.00 0.00 0.00 0.00 0.00 73.00 0.00 0.00 21.00 0.00 0.00 1.00 21.00 0.00 9.00 0.00 13.00 0.00 0.00 51.00 0.00 6.00 83.00 32.00 0.00 0.00 85.00 25.00 0.00 43.00 52.00 76.00 0.00 0.00 49.00 4.00 64.00 0.00 0.00 62.00 80.00 0.00 0.00 82.00 0.00 0.00 8.00 0.00
44 22.00 0.00 52.00 0.00 0.00 0.00 0.00 40.00 0.00 0.00 2.00 53.00 0.00 72.00 0.00 0.00 36.00 0.00 0.00 0.00 40.00 68.00 44.00 0.00 84.00 0.00 0.00 0.00 0.00 13.00 0.00 0.00 73.00 63.00 32.00 0.00 0.00 57.00 0.00 8.00 0.00 78.00 0.00 0.00 0.00 0.00 0.00 0.00 0.00 31.00
45 37.00 0.00 0.00 70.00 10.00 0.00 0.00 1.00 19.00 0.00 0.00 0.00 67.00 0.00 49.00 84.00 0.00 0.00 0.00 0.00 86.00 44.00 6.00 25.00 0.00 65.00 59.00 0.00 97.00 13.00 53.00 35.00 95.00 0.00 0.00 0.00 0.00 79.00 12.00 0.00 0.00 92.00 0.00 82.00 0.00 0.00 33.00 75.00 22.00 95.00
46 28.00 46.00 44.00 37.00 34.00 2.00 72.00 84.00 95.00 0.00 0.00 14.00 0.00 0.00 0.00 12.00 0.00 0.00 44.00 18.00 0.00 0.00 0.00 69.00 35.00 60.00 6.00 0.00 0.00 68.00 0.00 78.00 46.00 0.00 0.00 0.00 97.00 0.00 32.00 0.00 95.00 64.00 60.00 0.00 0.00 33.00 0.00 0.00 94.00 78.00
47 12.00 0.00 23.00 0.00 0.00 0.00 70.00 0.00 32.00 95.00 87.00 0.00 0.00 0.00 0.00 0.00 82.00 0.00 0.00 0.00 17.00 48.00 0.00 59.00 0.00 0.00 0.00 7.00 26.00 59.00 57.00 0.00 77.00 0.00 40.00 0.00 0.00 69.00 0.00 37.00 0.00 65.00 0.00 0.00 0.00 75.00 0.00 0.00 10.00 0.00
48 62.00 46.00 20.00 0.00 0.00 0.00 48.00 8.00 0.00 65.00 47.00 0.00 22.00 97.00 14.00 0.00 47.00 53.00 0.00 77.00 0.00 61.00 84.00 0.00 0.00 0.00 0.00 57.00 0.00 7.00 0.00 0.00 0.00 0.00 0.00 0.00 0.00 33.00 0.00 47.00 0.00 32.00 4.00 8.00 0.00 22.00 94.00 10.00 0.00 94.00
49 0.00 0.00 0.00 69.00 0.00 87.00 96.00 0.00 40.00 0.00 0.00 12.00 0.00 0.00 38.00 0.00 0.00 0.00 46.00 0.00 0.00 61.00 0.00 0.00 36.00 16.00 23.00 0.00 35.00 72.00 0.00 88.00 100.00 60.00 15.00 37.00 36.00 0.00 0.00 8.00 2.00 51.00 0.00 0.00 31.00 95.00 78.00 0.00 94.00 0.00
mcp_obj 44
mcp_gap 0
mcp_x 0 1 1 1 1 1 1 1 1 1 1 1 1 1 0 1 1 0 1 0 1 1 1 1 1 1 1 1 1 0 1 1 1 1 0 1 1 1 1 1 1 1 1 1 1 1 1 1 1 1
