NAME N50_rc_0.7_rGamma_1_dc_0.035_dGamma_0.0005_jeu_50_50_6.txt
NUM_ITEMS 50
SOURCE jeu_50_50_6
PARAMETERS
r_c 0.7
r_Gamma 1
d_c 0.035
d_Gamma 0.0005

BOUNDS
c_lb 0.00
c_ub 111.69
Gamma_lb 12
Gamma_ub 19
B_i_1_lb 0.00 0.00 0.00 0.00 0.00 0.00 0.00 0.00 0.00 0.00 0.00 0.00 0.00 0.00 0.00 0.00 0.00 0.00 0.00 0.00 0.00 0.00 0.00 0.00 0.00 0.00 0.00 0.00 0.00 0.00 0.00 0.00 0.00 0.00 0.00 0.00 0.00 0.00 0.00 0.00 0.00 0.00 0.00 0.00 0.00 0.00 0.00 0.00 0.00 0.00
B_i_1_ub 47.66 45.19 54.34 47.99 31.51 58.08 39.35 58.13 45.41 50.49 45.06 39.93 47.17 57.54 33.48 43.67 35.48 40.23 33.88 35.36 56.39 36.42 28.66 41.89 49.95 39.31 42.33 40.54 40.77 43.10 41.23 37.01 29.31 59.53 34.87 37.06 43.87 34.10 30.67 43.69 43.67 42.54 60.63 39.08 47.46 39.48 31.49 52.15 40.36 47.15
B_i_0_lb 0.00 0.00 0.00 0.00 0.00 0.00 0.00 0.00 0.00 0.00 0.00 0.00 0.00 0.00 0.00 0.00 0.00 0.00 0.00 0.00 0.00 0.00 0.00 0.00 0.00 0.00 0.00 0.00 0.00 0.00 0.00 0.00 0.00 0.00 0.00 0.00 0.00 0.00 0.00 0.00 0.00 0.00 0.00 0.00 0.00 0.00 0.00 0.00 0.00 0.00
B_i_0_ub 47.66 45.19 54.34 47.99 31.51 58.08 39.35 58.13 45.41 50.49 45.06 39.93 47.17 57.54 33.48 43.67 35.48 40.23 33.88 35.36 56.39 36.42 28.66 41.89 49.95 39.31 42.33 40.54 40.77 43.10 41.23 37.01 29.31 59.53 34.87 37.06 43.87 34.10 30.67 43.69 43.67 42.54 60.63 39.08 47.46 39.48 31.49 52.15 40.36 47.15
c_i_1_lb 11.20 59.50 0.00 48.30 52.50 0.00 0.00 8.40 0.00 50.40 22.40 0.00 0.00 0.00 39.90 0.00 0.00 60.20 43.40 60.20 55.30 0.00 0.00 52.50 0.00 0.00 0.00 14.70 0.00 0.00 0.00 14.00 56.70 0.00 0.00 0.00 0.00 0.00 0.00 0.00 8.40 25.90 0.00 11.20 18.90 21.70 38.50 0.00 7.00 4.90
c_i_1_ub 58.86 104.69 54.34 96.29 84.01 58.08 39.35 66.53 45.41 100.89 67.46 39.93 47.17 57.54 73.38 43.67 35.48 100.43 77.28 95.56 111.69 36.42 28.66 94.39 49.95 39.31 42.33 55.24 40.77 43.10 41.23 51.01 86.01 59.53 34.87 37.06 43.87 34.10 30.67 43.69 52.07 68.44 60.63 50.28 66.36 61.18 69.99 52.15 47.36 52.05
c_i_0_lb 11.20 59.50 0.00 48.30 52.50 0.00 0.00 8.40 0.00 50.40 22.40 0.00 0.00 0.00 39.90 0.00 0.00 60.20 43.40 60.20 55.30 0.00 0.00 52.50 0.00 0.00 0.00 14.70 0.00 0.00 0.00 14.00 56.70 0.00 0.00 0.00 0.00 0.00 0.00 0.00 8.40 25.90 0.00 11.20 18.90 21.70 38.50 0.00 7.00 4.90
c_i_0_ub 58.86 104.69 54.34 96.29 84.01 58.08 39.35 66.53 45.41 100.89 67.46 39.93 47.17 57.54 73.38 43.67 35.48 100.43 77.28 95.56 111.69 36.42 28.66 94.39 49.95 39.31 42.33 55.24 40.77 43.10 41.23 51.01 86.01 59.53 34.87 37.06 43.87 34.10 30.67 43.69 52.07 68.44 60.63 50.28 66.36 61.18 69.99 52.15 47.36 52.05
c_1_lb 0.00
c_1_ub 111.69
c_0_lb 0.00
c_0_ub 111.69

BOUND_TIMES
k_max_time 0.001208
Gamma_ub_time 0.000078
B_i_1_lb_time 0.002237
B_i_1_ub_time 0.001969
B_i_0_lb_time 0.001975
B_i_0_ub_time 0.002022

DDRO_PARAMETERS
a_0 12
b_0i 0 0 1 0 0 1 0 1 0 0 0 0 0 1 0 0 0 0 0 0 1 0 0 0 0 0 0 0 0 0 0 0 0 1 0 0 0 0 0 0 0 0 1 0 0 0 0 0 0 0
a_i 11.20 59.50 0.00 48.30 52.50 0.00 0.00 8.40 0.00 50.40 22.40 0.00 0.00 0.00 39.90 0.00 0.00 60.20 43.40 60.20 55.30 0.00 0.00 52.50 0.00 0.00 0.00 14.70 0.00 0.00 0.00 14.00 56.70 0.00 0.00 0.00 0.00 0.00 0.00 0.00 8.40 25.90 0.00 11.20 18.90 21.70 38.50 0.00 7.00 4.90
b_ij
0 0.00 0.00 0.00 2.70 0.53 0.00 0.00 3.22 3.15 1.47 0.00 0.00 1.65 0.00 0.00 0.11 0.00 0.00 0.00 3.22 2.91 2.52 0.00 3.43 1.65 1.40 0.49 1.79 0.39 0.00 0.00 0.00 0.00 3.15 0.00 0.00 1.61 2.98 0.00 1.96 0.00 2.28 1.79 0.00 0.00 3.26 0.00 0.00 0.00 0.00
1 0.00 0.00 1.68 0.00 0.00 0.00 3.22 0.00 3.29 2.42 1.44 0.00 0.00 2.10 2.66 0.00 0.28 0.00 0.00 0.00 1.54 0.00 1.51 0.28 0.00 1.68 0.00 0.00 1.44 1.02 2.59 0.00 0.00 0.98 0.00 0.67 0.00 0.00 0.00 1.72 2.91 1.61 0.00 1.68 0.00 0.00 0.00 3.43 1.96 3.08
2 0.00 1.68 0.00 3.40 0.00 1.65 0.00 0.00 2.07 0.00 1.82 0.00 0.00 0.00 2.70 0.00 3.50 0.00 0.00 1.19 0.00 1.79 2.49 3.08 0.00 0.63 0.00 0.00 2.66 0.00 3.26 3.01 0.00 0.00 0.00 1.82 0.14 0.00 0.00 2.49 0.00 3.36 1.23 1.75 0.00 3.36 0.00 2.03 0.04 3.19
3 2.70 0.00 3.40 0.00 0.00 0.00 0.00 3.19 0.00 0.07 1.23 1.33 1.37 2.24 0.00 2.10 1.51 0.95 1.75 0.00 2.91 2.28 0.00 1.40 1.68 0.00 3.19 0.00 0.00 0.70 0.00 0.00 0.39 0.00 2.84 0.00 0.00 0.00 0.00 1.65 0.00 0.00 2.52 0.00 1.44 1.26 1.58 0.00 2.31 0.00
4 0.53 0.00 0.00 0.00 0.00 0.77 0.00 2.17 1.79 3.12 1.51 0.00 0.00 2.28 0.00 3.36 0.00 1.75 0.00 0.00 1.16 0.00 0.00 0.00 0.00 0.00 1.40 0.00 0.07 0.00 3.40 0.00 0.00 2.56 0.00 0.00 0.00 0.00 0.00 0.00 0.00 0.00 0.00 0.00 0.00 0.00 0.63 2.00 3.01 0.00
5 0.00 0.00 1.65 0.00 0.77 0.00 2.45 3.26 0.00 3.22 2.42 0.00 0.00 0.28 0.00 0.00 1.40 1.37 2.91 3.05 1.79 0.42 0.00 2.24 0.00 3.26 1.82 0.14 1.40 1.65 0.21 2.14 1.40 1.02 2.56 0.00 0.00 0.00 0.00 0.00 1.96 0.00 3.05 1.65 0.70 0.60 0.00 2.77 1.86 2.66
6 0.00 3.22 0.00 0.00 0.00 2.45 0.00 0.00 1.47 0.00 0.00 1.26 0.00 0.00 1.75 0.00 0.00 0.00 0.00 0.00 2.63 0.00 3.40 0.88 0.00 0.00 0.00 1.89 0.00 0.00 0.67 0.00 3.05 2.87 1.47 1.19 0.00 0.00 0.00 0.00 2.14 2.14 1.33 0.00 0.00 2.42 0.00 0.00 1.19 1.93
7 3.22 0.00 0.00 3.19 2.17 3.26 0.00 0.00 1.89 3.15 0.07 0.00 0.42 3.15 0.00 0.46 0.00 0.00 0.28 0.18 2.73 2.07 0.00 0.35 3.43 1.79 2.49 0.00 0.00 2.94 1.75 0.00 0.00 0.00 0.63 1.79 2.84 2.91 2.98 0.60 0.00 0.00 2.45 0.84 1.89 1.44 0.77 0.00 0.00 0.00
8 3.15 3.29 2.07 0.00 1.79 0.00 1.47 1.89 0.00 1.40 0.53 0.42 0.00 1.72 0.00 0.00 0.21 1.30 1.93 0.98 0.42 0.00 0.00 3.19 1.65 0.00 1.33 3.50 0.00 0.00 0.00 0.00 0.00 1.86 0.00 0.70 0.00 0.00 0.00 2.94 0.00 2.94 0.00 0.00 0.07 0.00 0.49 0.00 2.73 1.44
9 1.47 2.42 0.00 0.07 3.12 3.22 0.00 3.15 1.40 0.00 1.61 0.00 3.40 0.00 2.07 0.00 1.65 0.00 0.00 0.00 0.00 3.36 0.00 0.00 3.19 2.59 0.00 2.94 0.00 0.00 0.74 0.21 0.00 3.22 0.00 0.00 0.84 0.00 0.32 0.00 0.00 1.16 2.59 0.74 1.12 0.00 0.00 1.89 0.00 2.00
10 0.00 1.44 1.82 1.23 1.51 2.42 0.00 0.07 0.53 1.61 0.00 1.79 1.75 0.18 0.00 0.00 0.00 0.00 0.00 2.63 1.82 0.00 0.00 0.56 0.60 0.11 2.10 2.10 1.58 0.00 1.40 0.00 0.00 0.00 2.42 0.63 3.01 0.00 0.42 0.84 1.51 3.40 0.53 0.00 0.00 2.45 0.00 1.37 1.23 0.00
11 0.00 0.00 0.00 1.33 0.00 0.00 1.26 0.00 0.42 0.00 1.79 0.00 0.00 0.00 0.00 2.73 3.19 2.38 0.63 1.30 2.52 0.00 0.53 0.00 1.65 0.00 2.73 0.00 0.00 0.00 0.00 0.00 0.00 1.47 0.00 0.00 3.50 0.00 0.84 1.40 0.00 0.53 3.01 0.00 2.59 0.00 0.00 1.05 3.08 0.00
12 1.65 0.00 0.00 1.37 0.00 0.00 0.00 0.42 0.00 3.40 1.75 0.00 0.00 2.28 0.53 2.56 0.00 0.00 0.00 0.00 2.24 0.00 0.00 0.00 0.28 0.00 2.45 2.80 3.33 0.98 2.87 0.32 0.00 0.00 2.24 1.40 0.49 0.00 0.63 0.00 0.00 1.58 3.40 2.77 0.00 2.56 0.00 0.00 0.00 2.87
13 0.00 2.10 0.00 2.24 2.28 0.28 0.00 3.15 1.72 0.00 0.18 0.00 2.28 0.00 0.00 0.00 2.35 0.00 2.56 0.32 2.98 0.88 0.00 3.15 2.94 1.82 0.00 3.05 2.24 0.00 0.00 0.00 0.67 2.03 0.00 1.47 0.00 0.00 3.50 2.35 1.09 0.00 1.47 2.45 0.00 2.28 1.89 0.00 0.00 1.82
14 0.00 2.66 2.70 0.00 0.00 0.00 1.75 0.00 0.00 2.07 0.00 0.00 0.53 0.00 0.00 0.46 0.39 0.67 0.00 2.91 0.00 0.00 0.00 1.79 0.98 0.00 0.00 0.21 0.00 0.07 0.00 3.40 0.00 0.00 0.88 2.94 1.54 0.00 0.00 2.10 0.00 1.72 0.00 1.19 0.84 1.68 0.00 0.00 0.00 0.00
15 0.11 0.00 0.00 2.10 3.36 0.00 0.00 0.46 0.00 0.00 0.00 2.73 2.56 0.00 0.46 0.00 0.00 2.91 0.00 0.00 2.03 0.00 3.40 1.16 2.45 1.68 0.00 0.00 1.37 0.00 0.60 0.00 2.03 3.08 0.00 0.00 3.43 0.00 0.00 0.00 3.47 0.00 0.25 0.00 0.00 0.00 0.00 1.79 2.24 0.00
16 0.00 0.28 3.50 1.51 0.00 1.40 0.00 0.00 0.21 1.65 0.00 3.19 0.00 2.35 0.39 0.00 0.00 0.00 0.00 1.37 0.74 0.00 0.00 0.00 0.00 0.07 2.52 0.00 0.00 0.00 0.00 0.84 0.00 2.77 0.00 0.53 0.00 0.53 0.00 0.00 0.00 2.24 3.12 1.33 0.77 1.40 0.00 2.77 0.00 0.00
17 0.00 0.00 0.00 0.95 1.75 1.37 0.00 0.00 1.30 0.00 0.00 2.38 0.00 0.00 0.67 2.91 0.00 0.00 0.00 0.00 0.95 0.00 0.00 0.00 2.42 3.05 0.00 0.00 0.00 1.19 2.91 0.00 0.00 2.35 0.00 0.14 2.14 1.16 0.81 2.21 0.00 2.49 0.00 0.00 1.19 0.00 3.47 0.00 2.42 0.00
18 0.00 0.00 0.00 1.75 0.00 2.91 0.00 0.28 1.93 0.00 0.00 0.63 0.00 2.56 0.00 0.00 0.00 0.00 0.00 0.00 1.12 0.00 0.00 0.04 2.00 0.00 0.07 0.00 1.12 0.00 3.26 1.40 0.00 0.00 0.00 0.00 1.19 2.31 0.00 1.61 3.15 0.00 0.00 3.15 3.40 0.00 0.00 0.00 0.00 0.00
19 3.22 0.00 1.19 0.00 0.00 3.05 0.00 0.18 0.98 0.00 2.63 1.30 0.00 0.32 2.91 0.00 1.37 0.00 0.00 0.00 0.00 0.00 0.00 0.56 0.00 0.00 0.00 0.53 0.07 3.43 0.00 1.58 1.30 0.32 0.00 0.00 1.96 0.00 0.35 0.00 0.00 0.00 0.00 0.00 1.02 2.28 2.21 0.00 2.42 0.18
20 2.91 1.54 0.00 2.91 1.16 1.79 2.63 2.73 0.42 0.00 1.82 2.52 2.24 2.98 0.00 2.03 0.74 0.95 1.12 0.00 0.00 3.01 0.00 0.42 0.28 0.00 2.73 0.00 0.00 0.00 0.00 0.00 0.35 1.16 3.05 2.17 0.00 0.84 0.00 0.00 2.28 1.79 2.14 2.00 1.47 0.00 0.00 0.46 0.00 1.75
21 2.52 0.00 1.79 2.28 0.00 0.42 0.00 2.07 0.00 3.36 0.00 0.00 0.00 0.88 0.00 0.00 0.00 0.00 0.00 0.00 3.01 0.00 1.79 0.00 0.00 2.73 0.00 2.73 0.00 0.00 0.00 0.00 1.51 0.00 3.12 2.03 0.70 0.00 0.00 1.09 0.00 0.88 0.00 1.47 1.09 0.00 0.84 0.11 0.00 0.00
22 0.00 1.51 2.49 0.00 0.00 0.00 3.40 0.00 0.00 0.00 0.00 0.53 0.00 0.00 0.00 3.40 0.00 0.00 0.00 0.00 0.00 1.79 0.00 0.32 1.40 0.00 0.00 1.75 0.00 2.84 0.18 0.00 0.00 0.00 0.00 0.14 1.09 0.53 1.26 0.00 2.84 0.00 0.95 0.00 2.24 0.00 0.00 0.00 0.00 0.00
23 3.43 0.28 3.08 1.40 0.00 2.24 0.88 0.35 3.19 0.00 0.56 0.00 0.00 3.15 1.79 1.16 0.00 0.00 0.04 0.56 0.42 0.00 0.32 0.00 3.26 0.00 0.00 0.00 1.12 0.14 0.00 0.00 0.00 1.47 0.00 0.00 1.09 0.00 0.28 1.37 0.00 0.18 1.86 3.05 0.00 0.00 2.70 0.00 1.40 1.12
24 1.65 0.00 0.00 1.68 0.00 0.00 0.00 3.43 1.65 3.19 0.60 1.65 0.28 2.94 0.98 2.45 0.00 2.42 2.00 0.00 0.28 0.00 1.40 3.26 0.00 0.00 0.00 2.77 0.18 0.00 1.89 2.77 0.00 0.39 0.00 0.00 0.00 1.19 3.05 1.86 0.00 0.00 0.00 0.00 2.59 2.07 0.00 0.28 1.05 0.00
25 1.40 1.68 0.63 0.00 0.00 3.26 0.00 1.79 0.00 2.59 0.11 0.00 0.00 1.82 0.00 1.68 0.07 3.05 0.00 0.00 0.00 2.73 0.00 0.00 0.00 0.00 0.00 1.86 2.31 0.00 1.79 1.96 0.00 0.00 0.00 1.86 0.00 1.19 0.00 0.00 0.00 0.00 0.00 0.56 2.31 0.00 1.47 0.00 0.00 3.19
26 0.49 0.00 0.00 3.19 1.40 1.82 0.00 2.49 1.33 0.00 2.10 2.73 2.45 0.00 0.00 0.00 2.52 0.00 0.07 0.00 2.73 0.00 0.00 0.00 0.00 0.00 0.00 1.23 2.07 2.56 0.00 0.00 1.72 2.84 0.00 0.00 2.42 0.18 1.33 0.00 0.00 0.00 3.22 0.00 1.44 0.00 0.00 0.00 0.00 0.00
27 1.79 0.00 0.00 0.00 0.00 0.14 1.89 0.00 3.50 2.94 2.10 0.00 2.80 3.05 0.21 0.00 0.00 0.00 0.00 0.53 0.00 2.73 1.75 0.00 2.77 1.86 1.23 0.00 1.26 0.00 0.00 0.00 0.00 2.17 2.59 0.00 0.00 0.00 0.00 0.00 0.84 0.00 1.58 0.00 0.00 2.56 0.00 0.00 0.25 0.00
28 0.39 1.44 2.66 0.00 0.07 1.40 0.00 0.00 0.00 0.00 1.58 0.00 3.33 2.24 0.00 1.37 0.00 0.00 1.12 0.07 0.00 0.00 0.00 1.12 0.18 2.31 2.07 1.26 0.00 2.66 0.00 0.00 0.00 1.96 0.00 0.00 0.00 0.00 0.35 1.65 0.00 1.96 0.28 0.67 2.42 3.19 2.42 0.60 0.00 0.00
29 0.00 1.02 0.00 0.70 0.00 1.65 0.00 2.94 0.00 0.00 0.00 0.00 0.98 0.00 0.07 0.00 0.00 1.19 0.00 3.43 0.00 0.00 2.84 0.14 0.00 0.00 2.56 0.00 2.66 0.00 0.00 0.32 0.28 2.49 0.00 2.10 0.00 0.00 0.00 0.00 2.24 2.98 3.08 3.29 2.21 0.88 2.14 0.91 0.00 0.00
30 0.00 2.59 3.26 0.00 3.40 0.21 0.67 1.75 0.00 0.74 1.40 0.00 2.87 0.00 0.00 0.60 0.00 2.91 3.26 0.00 0.00 0.00 0.18 0.00 1.89 1.79 0.00 0.00 0.00 0.00 0.00 0.28 1.54 0.14 0.00 0.70 2.24 0.00 1.30 2.07 2.31 0.53 0.00 0.00 2.35 0.00 0.00 0.25 0.00 0.00
31 0.00 0.00 3.01 0.00 0.00 2.14 0.00 0.00 0.00 0.21 0.00 0.00 0.32 0.00 3.40 0.00 0.84 0.00 1.40 1.58 0.00 0.00 0.00 0.00 2.77 1.96 0.00 0.00 0.00 0.32 0.28 0.00 0.88 0.00 0.00 2.03 0.00 0.00 0.00 2.38 1.68 2.70 0.00 3.05 3.22 0.81 0.84 1.19 0.00 0.00
32 0.00 0.00 0.00 0.39 0.00 1.40 3.05 0.00 0.00 0.00 0.00 0.00 0.00 0.67 0.00 2.03 0.00 0.00 0.00 1.30 0.35 1.51 0.00 0.00 0.00 0.00 1.72 0.00 0.00 0.28 1.54 0.88 0.00 2.31 0.00 3.15 2.24 0.00 0.42 0.00 0.25 0.00 1.16 0.00 0.00 0.00 0.00 2.21 0.00 2.45
33 3.15 0.98 0.00 0.00 2.56 1.02 2.87 0.00 1.86 3.22 0.00 1.47 0.00 2.03 0.00 3.08 2.77 2.35 0.00 0.32 1.16 0.00 0.00 1.47 0.39 0.00 2.84 2.17 1.96 2.49 0.14 0.00 2.31 0.00 2.45 0.00 3.36 2.87 0.00 0.00 0.00 0.81 1.79 0.00 0.00 0.00 0.00 3.26 0.00 2.38
34 0.00 0.00 0.00 2.84 0.00 2.56 1.47 0.63 0.00 0.00 2.42 0.00 2.24 0.00 0.88 0.00 0.00 0.00 0.00 0.00 3.05 3.12 0.00 0.00 0.00 0.00 0.00 2.59 0.00 0.00 0.00 0.00 0.00 2.45 0.00 0.00 0.00 0.00 0.00 0.00 0.95 0.00 2.24 0.60 0.00 2.42 0.00 2.87 0.00 1.54
35 0.00 0.67 1.82 0.00 0.00 0.00 1.19 1.79 0.70 0.00 0.63 0.00 1.40 1.47 2.94 0.00 0.53 0.14 0.00 0.00 2.17 2.03 0.14 0.00 0.00 1.86 0.00 0.00 0.00 2.10 0.70 2.03 3.15 0.00 0.00 0.00 0.00 0.00 0.00 3.08 0.00 0.49 1.16 0.00 0.14 0.00 1.86 0.00 2.87 0.00
36 1.61 0.00 0.14 0.00 0.00 0.00 0.00 2.84 0.00 0.84 3.01 3.50 0.49 0.00 1.54 3.43 0.00 2.14 1.19 1.96 0.00 0.70 1.09 1.09 0.00 0.00 2.42 0.00 0.00 0.00 2.24 0.00 2.24 3.36 0.00 0.00 0.00 0.00 1.65 1.02 1.65 0.00 0.07 1.16 1.44 0.00 0.00 1.05 0.00 0.00
37 2.98 0.00 0.00 0.00 0.00 0.00 0.00 2.91 0.00 0.00 0.00 0.00 0.00 0.00 0.00 0.00 0.53 1.16 2.31 0.00 0.84 0.00 0.53 0.00 1.19 1.19 0.18 0.00 0.00 0.00 0.00 0.00 0.00 2.87 0.00 0.00 0.00 0.00 0.00 2.14 2.52 0.04 3.29 0.00 2.77 0.00 0.70 2.87 0.00 3.08
38 0.00 0.00 0.00 0.00 0.00 0.00 0.00 2.98 0.00 0.32 0.42 0.84 0.63 3.50 0.00 0.00 0.00 0.81 0.00 0.35 0.00 0.00 1.26 0.28 3.05 0.00 1.33 0.00 0.35 0.00 1.30 0.00 0.42 0.00 0.00 0.00 1.65 0.00 0.00 0.00 1.33 0.00 0.70 0.00 3.26 0.00 0.70 3.43 1.37 0.39
39 1.96 1.72 2.49 1.65 0.00 0.00 0.00 0.60 2.94 0.00 0.84 1.40 0.00 2.35 2.10 0.00 0.00 2.21 1.61 0.00 0.00 1.09 0.00 1.37 1.86 0.00 0.00 0.00 1.65 0.00 2.07 2.38 0.00 0.00 0.00 3.08 1.02 2.14 0.00 0.00 2.07 0.00 0.00 2.91 0.00 0.00 0.18 0.00 0.00 0.00
40 0.00 2.91 0.00 0.00 0.00 1.96 2.14 0.00 0.00 0.00 1.51 0.00 0.00 1.09 0.00 3.47 0.00 0.00 3.15 0.00 2.28 0.00 2.84 0.00 0.00 0.00 0.00 0.84 0.00 2.24 2.31 1.68 0.25 0.00 0.95 0.00 1.65 2.52 1.33 2.07 0.00 0.00 1.30 0.00 0.00 0.00 0.14 2.94 0.00 2.10
41 2.28 1.61 3.36 0.00 0.00 0.00 2.14 0.00 2.94 1.16 3.40 0.53 1.58 0.00 1.72 0.00 2.24 2.49 0.00 0.00 1.79 0.88 0.00 0.18 0.00 0.00 0.00 0.00 1.96 2.98 0.53 2.70 0.00 0.81 0.00 0.49 0.00 0.04 0.00 0.00 0.00 0.00 0.00 1.12 0.00 0.00 0.00 0.00 2.56 1.05
42 1.79 0.00 1.23 2.52 0.00 3.05 1.33 2.45 0.00 2.59 0.53 3.01 3.40 1.47 0.00 0.25 3.12 0.00 0.00 0.00 2.14 0.00 0.95 1.86 0.00 0.00 3.22 1.58 0.28 3.08 0.00 0.00 1.16 1.79 2.24 1.16 0.07 3.29 0.70 0.00 1.30 0.00 0.00 0.00 1.26 0.00 0.00 2.14 3.36 2.31
43 0.00 1.68 1.75 0.00 0.00 1.65 0.00 0.84 0.00 0.74 0.00 0.00 2.77 2.45 1.19 0.00 1.33 0.00 3.15 0.00 2.00 1.47 0.00 3.05 0.00 0.56 0.00 0.00 0.67 3.29 0.00 3.05 0.00 0.00 0.60 0.00 1.16 0.00 0.00 2.91 0.00 1.12 0.00 0.00 0.00 0.00 0.04 0.00 0.00 1.61
44 0.00 0.00 0.00 1.44 0.00 0.70 0.00 1.89 0.07 1.12 0.00 2.59 0.00 0.00 0.84 0.00 0.77 1.19 3.40 1.02 1.47 1.09 2.24 0.00 2.59 2.31 1.44 0.00 2.42 2.21 2.35 3.22 0.00 0.00 0.00 0.14 1.44 2.77 3.26 0.00 0.00 0.00 1.26 0.00 0.00 0.00 1.02 1.02 0.00 0.18
45 3.26 0.00 3.36 1.26 0.00 0.60 2.42 1.44 0.00 0.00 2.45 0.00 2.56 2.28 1.68 0.00 1.40 0.00 0.00 2.28 0.00 0.00 0.00 0.00 2.07 0.00 0.00 2.56 3.19 0.88 0.00 0.81 0.00 0.00 2.42 0.00 0.00 0.00 0.00 0.00 0.00 0.00 0.00 0.00 0.00 0.00 0.04 2.52 0.00 0.00
46 0.00 0.00 0.00 1.58 0.63 0.00 0.00 0.77 0.49 0.00 0.00 0.00 0.00 1.89 0.00 0.00 0.00 3.47 0.00 2.21 0.00 0.84 0.00 2.70 0.00 1.47 0.00 0.00 2.42 2.14 0.00 0.84 0.00 0.00 0.00 1.86 0.00 0.70 0.70 0.18 0.14 0.00 0.00 0.04 1.02 0.04 0.00 1.23 2.03 2.10
47 0.00 3.43 2.03 0.00 2.00 2.77 0.00 0.00 0.00 1.89 1.37 1.05 0.00 0.00 0.00 1.79 2.77 0.00 0.00 0.00 0.46 0.11 0.00 0.00 0.28 0.00 0.00 0.00 0.60 0.91 0.25 1.19 2.21 3.26 2.87 0.00 1.05 2.87 3.43 0.00 2.94 0.00 2.14 0.00 1.02 2.52 1.23 0.00 0.98 2.73
48 0.00 1.96 0.04 2.31 3.01 1.86 1.19 0.00 2.73 0.00 1.23 3.08 0.00 0.00 0.00 2.24 0.00 2.42 0.00 2.42 0.00 0.00 0.00 1.40 1.05 0.00 0.00 0.25 0.00 0.00 0.00 0.00 0.00 0.00 0.00 2.87 0.00 0.00 1.37 0.00 0.00 2.56 3.36 0.00 0.00 0.00 2.03 0.98 0.00 0.00
49 0.00 3.08 3.19 0.00 0.00 2.66 1.93 0.00 1.44 2.00 0.00 0.00 2.87 1.82 0.00 0.00 0.00 0.00 0.00 0.18 1.75 0.00 0.00 1.12 0.00 3.19 0.00 0.00 0.00 0.00 0.00 0.00 2.45 2.38 1.54 0.00 0.00 3.08 0.39 0.00 2.10 1.05 2.31 1.61 0.18 0.00 2.10 2.73 0.00 0.00

ITEMS
nominal_profits 16.00 85.00 0.00 69.00 75.00 0.00 0.00 12.00 0.00 72.00 32.00 0.00 0.00 0.00 57.00 0.00 0.00 86.00 62.00 86.00 79.00 0.00 0.00 75.00 0.00 0.00 0.00 21.00 0.00 0.00 0.00 20.00 81.00 0.00 0.00 0.00 0.00 0.00 0.00 0.00 12.00 37.00 0.00 16.00 27.00 31.00 55.00 0.00 10.00 7.00
weights 45 38 1 30 33 1 48 2 13 44 36 35 20 39 18 16 43 13 12 24 50 12 6 26 4 50 2 47 2 25 32 37 42 37 4 42 19 37 34 32 11 32 7 9 17 36 36 6 28 13
capacity 1081
k_max 46

COMMENTS
original_pairwise_profits
0 0.00 0.00 0.00 77.00 15.00 0.00 0.00 92.00 90.00 42.00 0.00 0.00 47.00 0.00 0.00 3.00 0.00 0.00 0.00 92.00 83.00 72.00 0.00 98.00 47.00 40.00 14.00 51.00 11.00 0.00 0.00 0.00 0.00 90.00 0.00 0.00 46.00 85.00 0.00 56.00 0.00 65.00 51.00 0.00 0.00 93.00 0.00 0.00 0.00 0.00
1 0.00 0.00 48.00 0.00 0.00 0.00 92.00 0.00 94.00 69.00 41.00 0.00 0.00 60.00 76.00 0.00 8.00 0.00 0.00 0.00 44.00 0.00 43.00 8.00 0.00 48.00 0.00 0.00 41.00 29.00 74.00 0.00 0.00 28.00 0.00 19.00 0.00 0.00 0.00 49.00 83.00 46.00 0.00 48.00 0.00 0.00 0.00 98.00 56.00 88.00
2 0.00 48.00 0.00 97.00 0.00 47.00 0.00 0.00 59.00 0.00 52.00 0.00 0.00 0.00 77.00 0.00 100.00 0.00 0.00 34.00 0.00 51.00 71.00 88.00 0.00 18.00 0.00 0.00 76.00 0.00 93.00 86.00 0.00 0.00 0.00 52.00 4.00 0.00 0.00 71.00 0.00 96.00 35.00 50.00 0.00 96.00 0.00 58.00 1.00 91.00
3 77.00 0.00 97.00 0.00 0.00 0.00 0.00 91.00 0.00 2.00 35.00 38.00 39.00 64.00 0.00 60.00 43.00 27.00 50.00 0.00 83.00 65.00 0.00 40.00 48.00 0.00 91.00 0.00 0.00 20.00 0.00 0.00 11.00 0.00 81.00 0.00 0.00 0.00 0.00 47.00 0.00 0.00 72.00 0.00 41.00 36.00 45.00 0.00 66.00 0.00
4 15.00 0.00 0.00 0.00 0.00 22.00 0.00 62.00 51.00 89.00 43.00 0.00 0.00 65.00 0.00 96.00 0.00 50.00 0.00 0.00 33.00 0.00 0.00 0.00 0.00 0.00 40.00 0.00 2.00 0.00 97.00 0.00 0.00 73.00 0.00 0.00 0.00 0.00 0.00 0.00 0.00 0.00 0.00 0.00 0.00 0.00 18.00 57.00 86.00 0.00
5 0.00 0.00 47.00 0.00 22.00 0.00 70.00 93.00 0.00 92.00 69.00 0.00 0.00 8.00 0.00 0.00 40.00 39.00 83.00 87.00 51.00 12.00 0.00 64.00 0.00 93.00 52.00 4.00 40.00 47.00 6.00 61.00 40.00 29.00 73.00 0.00 0.00 0.00 0.00 0.00 56.00 0.00 87.00 47.00 20.00 17.00 0.00 79.00 53.00 76.00
6 0.00 92.00 0.00 0.00 0.00 70.00 0.00 0.00 42.00 0.00 0.00 36.00 0.00 0.00 50.00 0.00 0.00 0.00 0.00 0.00 75.00 0.00 97.00 25.00 0.00 0.00 0.00 54.00 0.00 0.00 19.00 0.00 87.00 82.00 42.00 34.00 0.00 0.00 0.00 0.00 61.00 61.00 38.00 0.00 0.00 69.00 0.00 0.00 34.00 55.00
7 92.00 0.00 0.00 91.00 62.00 93.00 0.00 0.00 54.00 90.00 2.00 0.00 12.00 90.00 0.00 13.00 0.00 0.00 8.00 5.00 78.00 59.00 0.00 10.00 98.00 51.00 71.00 0.00 0.00 84.00 50.00 0.00 0.00 0.00 18.00 51.00 81.00 83.00 85.00 17.00 0.00 0.00 70.00 24.00 54.00 41.00 22.00 0.00 0.00 0.00
8 90.00 94.00 59.00 0.00 51.00 0.00 42.00 54.00 0.00 40.00 15.00 12.00 0.00 49.00 0.00 0.00 6.00 37.00 55.00 28.00 12.00 0.00 0.00 91.00 47.00 0.00 38.00 100.00 0.00 0.00 0.00 0.00 0.00 53.00 0.00 20.00 0.00 0.00 0.00 84.00 0.00 84.00 0.00 0.00 2.00 0.00 14.00 0.00 78.00 41.00
9 42.00 69.00 0.00 2.00 89.00 92.00 0.00 90.00 40.00 0.00 46.00 0.00 97.00 0.00 59.00 0.00 47.00 0.00 0.00 0.00 0.00 96.00 0.00 0.00 91.00 74.00 0.00 84.00 0.00 0.00 21.00 6.00 0.00 92.00 0.00 0.00 24.00 0.00 9.00 0.00 0.00 33.00 74.00 21.00 32.00 0.00 0.00 54.00 0.00 57.00
10 0.00 41.00 52.00 35.00 43.00 69.00 0.00 2.00 15.00 46.00 0.00 51.00 50.00 5.00 0.00 0.00 0.00 0.00 0.00 75.00 52.00 0.00 0.00 16.00 17.00 3.00 60.00 60.00 45.00 0.00 40.00 0.00 0.00 0.00 69.00 18.00 86.00 0.00 12.00 24.00 43.00 97.00 15.00 0.00 0.00 70.00 0.00 39.00 35.00 0.00
11 0.00 0.00 0.00 38.00 0.00 0.00 36.00 0.00 12.00 0.00 51.00 0.00 0.00 0.00 0.00 78.00 91.00 68.00 18.00 37.00 72.00 0.00 15.00 0.00 47.00 0.00 78.00 0.00 0.00 0.00 0.00 0.00 0.00 42.00 0.00 0.00 100.00 0.00 24.00 40.00 0.00 15.00 86.00 0.00 74.00 0.00 0.00 30.00 88.00 0.00
12 47.00 0.00 0.00 39.00 0.00 0.00 0.00 12.00 0.00 97.00 50.00 0.00 0.00 65.00 15.00 73.00 0.00 0.00 0.00 0.00 64.00 0.00 0.00 0.00 8.00 0.00 70.00 80.00 95.00 28.00 82.00 9.00 0.00 0.00 64.00 40.00 14.00 0.00 18.00 0.00 0.00 45.00 97.00 79.00 0.00 73.00 0.00 0.00 0.00 82.00
13 0.00 60.00 0.00 64.00 65.00 8.00 0.00 90.00 49.00 0.00 5.00 0.00 65.00 0.00 0.00 0.00 67.00 0.00 73.00 9.00 85.00 25.00 0.00 90.00 84.00 52.00 0.00 87.00 64.00 0.00 0.00 0.00 19.00 58.00 0.00 42.00 0.00 0.00 100.00 67.00 31.00 0.00 42.00 70.00 0.00 65.00 54.00 0.00 0.00 52.00
14 0.00 76.00 77.00 0.00 0.00 0.00 50.00 0.00 0.00 59.00 0.00 0.00 15.00 0.00 0.00 13.00 11.00 19.00 0.00 83.00 0.00 0.00 0.00 51.00 28.00 0.00 0.00 6.00 0.00 2.00 0.00 97.00 0.00 0.00 25.00 84.00 44.00 0.00 0.00 60.00 0.00 49.00 0.00 34.00 24.00 48.00 0.00 0.00 0.00 0.00
15 3.00 0.00 0.00 60.00 96.00 0.00 0.00 13.00 0.00 0.00 0.00 78.00 73.00 0.00 13.00 0.00 0.00 83.00 0.00 0.00 58.00 0.00 97.00 33.00 70.00 48.00 0.00 0.00 39.00 0.00 17.00 0.00 58.00 88.00 0.00 0.00 98.00 0.00 0.00 0.00 99.00 0.00 7.00 0.00 0.00 0.00 0.00 51.00 64.00 0.00
16 0.00 8.00 100.00 43.00 0.00 40.00 0.00 0.00 6.00 47.00 0.00 91.00 0.00 67.00 11.00 0.00 0.00 0.00 0.00 39.00 21.00 0.00 0.00 0.00 0.00 2.00 72.00 0.00 0.00 0.00 0.00 24.00 0.00 79.00 0.00 15.00 0.00 15.00 0.00 0.00 0.00 64.00 89.00 38.00 22.00 40.00 0.00 79.00 0.00 0.00
17 0.00 0.00 0.00 27.00 50.00 39.00 0.00 0.00 37.00 0.00 0.00 68.00 0.00 0.00 19.00 83.00 0.00 0.00 0.00 0.00 27.00 0.00 0.00 0.00 69.00 87.00 0.00 0.00 0.00 34.00 83.00 0.00 0.00 67.00 0.00 4.00 61.00 33.00 23.00 63.00 0.00 71.00 0.00 0.00 34.00 0.00 99.00 0.00 69.00 0.00
18 0.00 0.00 0.00 50.00 0.00 83.00 0.00 8.00 55.00 0.00 0.00 18.00 0.00 73.00 0.00 0.00 0.00 0.00 0.00 0.00 32.00 0.00 0.00 1.00 57.00 0.00 2.00 0.00 32.00 0.00 93.00 40.00 0.00 0.00 0.00 0.00 34.00 66.00 0.00 46.00 90.00 0.00 0.00 90.00 97.00 0.00 0.00 0.00 0.00 0.00
19 92.00 0.00 34.00 0.00 0.00 87.00 0.00 5.00 28.00 0.00 75.00 37.00 0.00 9.00 83.00 0.00 39.00 0.00 0.00 0.00 0.00 0.00 0.00 16.00 0.00 0.00 0.00 15.00 2.00 98.00 0.00 45.00 37.00 9.00 0.00 0.00 56.00 0.00 10.00 0.00 0.00 0.00 0.00 0.00 29.00 65.00 63.00 0.00 69.00 5.00
20 83.00 44.00 0.00 83.00 33.00 51.00 75.00 78.00 12.00 0.00 52.00 72.00 64.00 85.00 0.00 58.00 21.00 27.00 32.00 0.00 0.00 86.00 0.00 12.00 8.00 0.00 78.00 0.00 0.00 0.00 0.00 0.00 10.00 33.00 87.00 62.00 0.00 24.00 0.00 0.00 65.00 51.00 61.00 57.00 42.00 0.00 0.00 13.00 0.00 50.00
21 72.00 0.00 51.00 65.00 0.00 12.00 0.00 59.00 0.00 96.00 0.00 0.00 0.00 25.00 0.00 0.00 0.00 0.00 0.00 0.00 86.00 0.00 51.00 0.00 0.00 78.00 0.00 78.00 0.00 0.00 0.00 0.00 43.00 0.00 89.00 58.00 20.00 0.00 0.00 31.00 0.00 25.00 0.00 42.00 31.00 0.00 24.00 3.00 0.00 0.00
22 0.00 43.00 71.00 0.00 0.00 0.00 97.00 0.00 0.00 0.00 0.00 15.00 0.00 0.00 0.00 97.00 0.00 0.00 0.00 0.00 0.00 51.00 0.00 9.00 40.00 0.00 0.00 50.00 0.00 81.00 5.00 0.00 0.00 0.00 0.00 4.00 31.00 15.00 36.00 0.00 81.00 0.00 27.00 0.00 64.00 0.00 0.00 0.00 0.00 0.00
23 98.00 8.00 88.00 40.00 0.00 64.00 25.00 10.00 91.00 0.00 16.00 0.00 0.00 90.00 51.00 33.00 0.00 0.00 1.00 16.00 12.00 0.00 9.00 0.00 93.00 0.00 0.00 0.00 32.00 4.00 0.00 0.00 0.00 42.00 0.00 0.00 31.00 0.00 8.00 39.00 0.00 5.00 53.00 87.00 0.00 0.00 77.00 0.00 40.00 32.00
24 47.00 0.00 0.00 48.00 0.00 0.00 0.00 98.00 47.00 91.00 17.00 47.00 8.00 84.00 28.00 70.00 0.00 69.00 57.00 0.00 8.00 0.00 40.00 93.00 0.00 0.00 0.00 79.00 5.00 0.00 54.00 79.00 0.00 11.00 0.00 0.00 0.00 34.00 87.00 53.00 0.00 0.00 0.00 0.00 74.00 59.00 0.00 8.00 30.00 0.00
25 40.00 48.00 18.00 0.00 0.00 93.00 0.00 51.00 0.00 74.00 3.00 0.00 0.00 52.00 0.00 48.00 2.00 87.00 0.00 0.00 0.00 78.00 0.00 0.00 0.00 0.00 0.00 53.00 66.00 0.00 51.00 56.00 0.00 0.00 0.00 53.00 0.00 34.00 0.00 0.00 0.00 0.00 0.00 16.00 66.00 0.00 42.00 0.00 0.00 91.00
26 14.00 0.00 0.00 91.00 40.00 52.00 0.00 71.00 38.00 0.00 60.00 78.00 70.00 0.00 0.00 0.00 72.00 0.00 2.00 0.00 78.00 0.00 0.00 0.00 0.00 0.00 0.00 35.00 59.00 73.00 0.00 0.00 49.00 81.00 0.00 0.00 69.00 5.00 38.00 0.00 0.00 0.00 92.00 0.00 41.00 0.00 0.00 0.00 0.00 0.00
27 51.00 0.00 0.00 0.00 0.00 4.00 54.00 0.00 100.00 84.00 60.00 0.00 80.00 87.00 6.00 0.00 0.00 0.00 0.00 15.00 0.00 78.00 50.00 0.00 79.00 53.00 35.00 0.00 36.00 0.00 0.00 0.00 0.00 62.00 74.00 0.00 0.00 0.00 0.00 0.00 24.00 0.00 45.00 0.00 0.00 73.00 0.00 0.00 7.00 0.00
28 11.00 41.00 76.00 0.00 2.00 40.00 0.00 0.00 0.00 0.00 45.00 0.00 95.00 64.00 0.00 39.00 0.00 0.00 32.00 2.00 0.00 0.00 0.00 32.00 5.00 66.00 59.00 36.00 0.00 76.00 0.00 0.00 0.00 56.00 0.00 0.00 0.00 0.00 10.00 47.00 0.00 56.00 8.00 19.00 69.00 91.00 69.00 17.00 0.00 0.00
29 0.00 29.00 0.00 20.00 0.00 47.00 0.00 84.00 0.00 0.00 0.00 0.00 28.00 0.00 2.00 0.00 0.00 34.00 0.00 98.00 0.00 0.00 81.00 4.00 0.00 0.00 73.00 0.00 76.00 0.00 0.00 9.00 8.00 71.00 0.00 60.00 0.00 0.00 0.00 0.00 64.00 85.00 88.00 94.00 63.00 25.00 61.00 26.00 0.00 0.00
30 0.00 74.00 93.00 0.00 97.00 6.00 19.00 50.00 0.00 21.00 40.00 0.00 82.00 0.00 0.00 17.00 0.00 83.00 93.00 0.00 0.00 0.00 5.00 0.00 54.00 51.00 0.00 0.00 0.00 0.00 0.00 8.00 44.00 4.00 0.00 20.00 64.00 0.00 37.00 59.00 66.00 15.00 0.00 0.00 67.00 0.00 0.00 7.00 0.00 0.00
31 0.00 0.00 86.00 0.00 0.00 61.00 0.00 0.00 0.00 6.00 0.00 0.00 9.00 0.00 97.00 0.00 24.00 0.00 40.00 45.00 0.00 0.00 0.00 0.00 79.00 56.00 0.00 0.00 0.00 9.00 8.00 0.00 25.00 0.00 0.00 58.00 0.00 0.00 0.00 68.00 48.00 77.00 0.00 87.00 92.00 23.00 24.00 34.00 0.00 0.00
32 0.00 0.00 0.00 11.00 0.00 40.00 87.00 0.00 0.00 0.00 0.00 0.00 0.00 19.00 0.00 58.00 0.00 0.00 0.00 37.00 10.00 43.00 0.00 0.00 0.00 0.00 49.00 0.00 0.00 8.00 44.00 25.00 0.00 66.00 0.00 90.00 64.00 0.00 12.00 0.00 7.00 0.00 33.00 0.00 0.00 0.00 0.00 63.00 0.00 70.00
33 90.00 28.00 0.00 0.00 73.00 29.00 82.00 0.00 53.00 92.00 0.00 42.00 0.00 58.00 0.00 88.00 79.00 67.00 0.00 9.00 33.00 0.00 0.00 42.00 11.00 0.00 81.00 62.00 56.00 71.00 4.00 0.00 66.00 0.00 70.00 0.00 96.00 82.00 0.00 0.00 0.00 23.00 51.00 0.00 0.00 0.00 0.00 93.00 0.00 68.00
34 0.00 0.00 0.00 81.00 0.00 73.00 42.00 18.00 0.00 0.00 69.00 0.00 64.00 0.00 25.00 0.00 0.00 0.00 0.00 0.00 87.00 89.00 0.00 0.00 0.00 0.00 0.00 74.00 0.00 0.00 0.00 0.00 0.00 70.00 0.00 0.00 0.00 0.00 0.00 0.00 27.00 0.00 64.00 17.00 0.00 69.00 0.00 82.00 0.00 44.00
35 0.00 19.00 52.00 0.00 0.00 0.00 34.00 51.00 20.00 0.00 18.00 0.00 40.00 42.00 84.00 0.00 15.00 4.00 0.00 0.00 62.00 58.00 4.00 0.00 0.00 53.00 0.00 0.00 0.00 60.00 20.00 58.00 90.00 0.00 0.00 0.00 0.00 0.00 0.00 88.00 0.00 14.00 33.00 0.00 4.00 0.00 53.00 0.00 82.00 0.00
36 46.00 0.00 4.00 0.00 0.00 0.00 0.00 81.00 0.00 24.00 86.00 100.00 14.00 0.00 44.00 98.00 0.00 61.00 34.00 56.00 0.00 20.00 31.00 31.00 0.00 0.00 69.00 0.00 0.00 0.00 64.00 0.00 64.00 96.00 0.00 0.00 0.00 0.00 47.00 29.00 47.00 0.00 2.00 33.00 41.00 0.00 0.00 30.00 0.00 0.00
37 85.00 0.00 0.00 0.00 0.00 0.00 0.00 83.00 0.00 0.00 0.00 0.00 0.00 0.00 0.00 0.00 15.00 33.00 66.00 0.00 24.00 0.00 15.00 0.00 34.00 34.00 5.00 0.00 0.00 0.00 0.00 0.00 0.00 82.00 0.00 0.00 0.00 0.00 0.00 61.00 72.00 1.00 94.00 0.00 79.00 0.00 20.00 82.00 0.00 88.00
38 0.00 0.00 0.00 0.00 0.00 0.00 0.00 85.00 0.00 9.00 12.00 24.00 18.00 100.00 0.00 0.00 0.00 23.00 0.00 10.00 0.00 0.00 36.00 8.00 87.00 0.00 38.00 0.00 10.00 0.00 37.00 0.00 12.00 0.00 0.00 0.00 47.00 0.00 0.00 0.00 38.00 0.00 20.00 0.00 93.00 0.00 20.00 98.00 39.00 11.00
39 56.00 49.00 71.00 47.00 0.00 0.00 0.00 17.00 84.00 0.00 24.00 40.00 0.00 67.00 60.00 0.00 0.00 63.00 46.00 0.00 0.00 31.00 0.00 39.00 53.00 0.00 0.00 0.00 47.00 0.00 59.00 68.00 0.00 0.00 0.00 88.00 29.00 61.00 0.00 0.00 59.00 0.00 0.00 83.00 0.00 0.00 5.00 0.00 0.00 0.00
40 0.00 83.00 0.00 0.00 0.00 56.00 61.00 0.00 0.00 0.00 43.00 0.00 0.00 31.00 0.00 99.00 0.00 0.00 90.00 0.00 65.00 0.00 81.00 0.00 0.00 0.00 0.00 24.00 0.00 64.00 66.00 48.00 7.00 0.00 27.00 0.00 47.00 72.00 38.00 59.00 0.00 0.00 37.00 0.00 0.00 0.00 4.00 84.00 0.00 60.00
41 65.00 46.00 96.00 0.00 0.00 0.00 61.00 0.00 84.00 33.00 97.00 15.00 45.00 0.00 49.00 0.00 64.00 71.00 0.00 0.00 51.00 25.00 0.00 5.00 0.00 0.00 0.00 0.00 56.00 85.00 15.00 77.00 0.00 23.00 0.00 14.00 0.00 1.00 0.00 0.00 0.00 0.00 0.00 32.00 0.00 0.00 0.00 0.00 73.00 30.00
42 51.00 0.00 35.00 72.00 0.00 87.00 38.00 70.00 0.00 74.00 15.00 86.00 97.00 42.00 0.00 7.00 89.00 0.00 0.00 0.00 61.00 0.00 27.00 53.00 0.00 0.00 92.00 45.00 8.00 88.00 0.00 0.00 33.00 51.00 64.00 33.00 2.00 94.00 20.00 0.00 37.00 0.00 0.00 0.00 36.00 0.00 0.00 61.00 96.00 66.00
43 0.00 48.00 50.00 0.00 0.00 47.00 0.00 24.00 0.00 21.00 0.00 0.00 79.00 70.00 34.00 0.00 38.00 0.00 90.00 0.00 57.00 42.00 0.00 87.00 0.00 16.00 0.00 0.00 19.00 94.00 0.00 87.00 0.00 0.00 17.00 0.00 33.00 0.00 0.00 83.00 0.00 32.00 0.00 0.00 0.00 0.00 1.00 0.00 0.00 46.00
44 0.00 0.00 0.00 41.00 0.00 20.00 0.00 54.00 2.00 32.00 0.00 74.00 0.00 0.00 24.00 0.00 22.00 34.00 97.00 29.00 42.00 31.00 64.00 0.00 74.00 66.00 41.00 0.00 69.00 63.00 67.00 92.00 0.00 0.00 0.00 4.00 41.00 79.00 93.00 0.00 0.00 0.00 36.00 0.00 0.00 0.00 29.00 29.00 0.00 5.00
45 93.00 0.00 96.00 36.00 0.00 17.00 69.00 41.00 0.00 0.00 70.00 0.00 73.00 65.00 48.00 0.00 40.00 0.00 0.00 65.00 0.00 0.00 0.00 0.00 59.00 0.00 0.00 73.00 91.00 25.00 0.00 23.00 0.00 0.00 69.00 0.00 0.00 0.00 0.00 0.00 0.00 0.00 0.00 0.00 0.00 0.00 1.00 72.00 0.00 0.00
46 0.00 0.00 0.00 45.00 18.00 0.00 0.00 22.00 14.00 0.00 0.00 0.00 0.00 54.00 0.00 0.00 0.00 99.00 0.00 63.00 0.00 24.00 0.00 77.00 0.00 42.00 0.00 0.00 69.00 61.00 0.00 24.00 0.00 0.00 0.00 53.00 0.00 20.00 20.00 5.00 4.00 0.00 0.00 1.00 29.00 1.00 0.00 35.00 58.00 60.00
47 0.00 98.00 58.00 0.00 57.00 79.00 0.00 0.00 0.00 54.00 39.00 30.00 0.00 0.00 0.00 51.00 79.00 0.00 0.00 0.00 13.00 3.00 0.00 0.00 8.00 0.00 0.00 0.00 17.00 26.00 7.00 34.00 63.00 93.00 82.00 0.00 30.00 82.00 98.00 0.00 84.00 0.00 61.00 0.00 29.00 72.00 35.00 0.00 28.00 78.00
48 0.00 56.00 1.00 66.00 86.00 53.00 34.00 0.00 78.00 0.00 35.00 88.00 0.00 0.00 0.00 64.00 0.00 69.00 0.00 69.00 0.00 0.00 0.00 40.00 30.00 0.00 0.00 7.00 0.00 0.00 0.00 0.00 0.00 0.00 0.00 82.00 0.00 0.00 39.00 0.00 0.00 73.00 96.00 0.00 0.00 0.00 58.00 28.00 0.00 0.00
49 0.00 88.00 91.00 0.00 0.00 76.00 55.00 0.00 41.00 57.00 0.00 0.00 82.00 52.00 0.00 0.00 0.00 0.00 0.00 5.00 50.00 0.00 0.00 32.00 0.00 91.00 0.00 0.00 0.00 0.00 0.00 0.00 70.00 68.00 44.00 0.00 0.00 88.00 11.00 0.00 60.00 30.00 66.00 46.00 5.00 0.00 60.00 78.00 0.00 0.00
mcp_obj 46
mcp_gap 0
mcp_x 1 1 1 1 1 1 0 1 1 1 1 1 1 1 1 1 1 1 1 1 0 1 1 1 1 0 1 0 1 1 1 1 1 1 1 1 1 1 1 1 1 1 1 1 1 1 1 1 1 1
